set Nodes :=
0
1
2
3
4
5
6
7
8
9
10
11
12
13
14
15
16
17
18
19
20
21
22
23
24
25
26
27
28
29
30
31
32
33
34
35
36
37
38
39
40
41
42
43
44
45
46
47
48
49
50
51
52
53
54
55
56
57
58
59
60
61
62
63
64
65
66
67
68
69
70
71
72
73
74
75
76
77
78
79
80
81
82
83
84
85
86
87
88
89
90
91
92
93
94
95
96
97
98
99
100
101
102
103
104
105
106
107
108
109
110
111
112
113
114
115
116
117
118
119
120
121
122
123
124
125
126
127
128
129
130
131
132
133
134
135
136
137
138
139
140
141
142
143
144
145
146
147
148
149
150
151
152
153
154
155
156
157
158
159
160
161
162
163
164
165
166
167
168
169
170
171
172
173
174
175
176
177
178
179
180
181
182
183
184
185
186
187
188
189
190
191
192
193
194
195
196
197
198
199
200
201
202
203
204
205
206
207
208
209
210
211
212
213
214
215
216
217
218
219
220
221
222
223
224
225
226
227
228
229
230
231
232
233
234
235
236
237
238
239
240
241
242
243
244
245
246
247
248
249
250
251
252
253
254
255
;

set Arcs :=
0 128
0 96
0 24
0 6
0 1
0 32
0 8
0 2
1 129
1 97
1 25
1 7
1 0
1 33
1 9
1 3
2 130
2 98
2 26
2 3
2 34
2 10
2 0
2 4
3 131
3 99
3 27
3 2
3 35
3 11
3 1
3 5
4 132
4 100
4 28
4 5
4 36
4 12
4 2
4 6
5 133
5 101
5 29
5 4
5 37
5 13
5 3
5 7
6 134
6 102
6 30
6 0
6 7
6 38
6 14
6 4
7 135
7 103
7 31
7 1
7 6
7 39
7 15
7 5
8 136
8 104
8 14
8 9
8 40
8 0
8 16
8 10
9 137
9 105
9 15
9 8
9 41
9 1
9 17
9 11
10 138
10 106
10 11
10 42
10 2
10 18
10 8
10 12
11 139
11 107
11 10
11 43
11 3
11 19
11 9
11 13
12 140
12 108
12 13
12 44
12 4
12 20
12 10
12 14
13 141
13 109
13 12
13 45
13 5
13 21
13 11
13 15
14 142
14 110
14 8
14 15
14 46
14 6
14 22
14 12
15 143
15 111
15 9
15 14
15 47
15 7
15 23
15 13
16 144
16 112
16 22
16 17
16 48
16 8
16 24
16 18
17 145
17 113
17 23
17 16
17 49
17 9
17 25
17 19
18 146
18 114
18 19
18 50
18 10
18 26
18 16
18 20
19 147
19 115
19 18
19 51
19 11
19 27
19 17
19 21
20 148
20 116
20 21
20 52
20 12
20 28
20 18
20 22
21 149
21 117
21 20
21 53
21 13
21 29
21 19
21 23
22 150
22 118
22 16
22 23
22 54
22 14
22 30
22 20
23 151
23 119
23 17
23 22
23 55
23 15
23 31
23 21
24 152
24 120
24 0
24 30
24 25
24 56
24 16
24 26
25 153
25 121
25 1
25 31
25 24
25 57
25 17
25 27
26 154
26 122
26 2
26 27
26 58
26 18
26 24
26 28
27 155
27 123
27 3
27 26
27 59
27 19
27 25
27 29
28 156
28 124
28 4
28 29
28 60
28 20
28 26
28 30
29 157
29 125
29 5
29 28
29 61
29 21
29 27
29 31
30 158
30 126
30 6
30 24
30 31
30 62
30 22
30 28
31 159
31 127
31 7
31 25
31 30
31 63
31 23
31 29
32 160
32 56
32 38
32 33
32 0
32 64
32 40
32 34
33 161
33 57
33 39
33 32
33 1
33 65
33 41
33 35
34 162
34 58
34 35
34 2
34 66
34 42
34 32
34 36
35 163
35 59
35 34
35 3
35 67
35 43
35 33
35 37
36 164
36 60
36 37
36 4
36 68
36 44
36 34
36 38
37 165
37 61
37 36
37 5
37 69
37 45
37 35
37 39
38 166
38 62
38 32
38 39
38 6
38 70
38 46
38 36
39 167
39 63
39 33
39 38
39 7
39 71
39 47
39 37
40 168
40 46
40 41
40 8
40 72
40 32
40 48
40 42
41 169
41 47
41 40
41 9
41 73
41 33
41 49
41 43
42 170
42 43
42 10
42 74
42 34
42 50
42 40
42 44
43 171
43 42
43 11
43 75
43 35
43 51
43 41
43 45
44 172
44 45
44 12
44 76
44 36
44 52
44 42
44 46
45 173
45 44
45 13
45 77
45 37
45 53
45 43
45 47
46 174
46 40
46 47
46 14
46 78
46 38
46 54
46 44
47 175
47 41
47 46
47 15
47 79
47 39
47 55
47 45
48 176
48 54
48 49
48 16
48 80
48 40
48 56
48 50
49 177
49 55
49 48
49 17
49 81
49 41
49 57
49 51
50 178
50 51
50 18
50 82
50 42
50 58
50 48
50 52
51 179
51 50
51 19
51 83
51 43
51 59
51 49
51 53
52 180
52 53
52 20
52 84
52 44
52 60
52 50
52 54
53 181
53 52
53 21
53 85
53 45
53 61
53 51
53 55
54 182
54 48
54 55
54 22
54 86
54 46
54 62
54 52
55 183
55 49
55 54
55 23
55 87
55 47
55 63
55 53
56 184
56 32
56 62
56 57
56 24
56 88
56 48
56 58
57 185
57 33
57 63
57 56
57 25
57 89
57 49
57 59
58 186
58 34
58 59
58 26
58 90
58 50
58 56
58 60
59 187
59 35
59 58
59 27
59 91
59 51
59 57
59 61
60 188
60 36
60 61
60 28
60 92
60 52
60 58
60 62
61 189
61 37
61 60
61 29
61 93
61 53
61 59
61 63
62 190
62 38
62 56
62 63
62 30
62 94
62 54
62 60
63 191
63 39
63 57
63 62
63 31
63 95
63 55
63 61
64 192
64 88
64 70
64 65
64 32
64 96
64 72
64 66
65 193
65 89
65 71
65 64
65 33
65 97
65 73
65 67
66 194
66 90
66 67
66 34
66 98
66 74
66 64
66 68
67 195
67 91
67 66
67 35
67 99
67 75
67 65
67 69
68 196
68 92
68 69
68 36
68 100
68 76
68 66
68 70
69 197
69 93
69 68
69 37
69 101
69 77
69 67
69 71
70 198
70 94
70 64
70 71
70 38
70 102
70 78
70 68
71 199
71 95
71 65
71 70
71 39
71 103
71 79
71 69
72 200
72 78
72 73
72 40
72 104
72 64
72 80
72 74
73 201
73 79
73 72
73 41
73 105
73 65
73 81
73 75
74 202
74 75
74 42
74 106
74 66
74 82
74 72
74 76
75 203
75 74
75 43
75 107
75 67
75 83
75 73
75 77
76 204
76 77
76 44
76 108
76 68
76 84
76 74
76 78
77 205
77 76
77 45
77 109
77 69
77 85
77 75
77 79
78 206
78 72
78 79
78 46
78 110
78 70
78 86
78 76
79 207
79 73
79 78
79 47
79 111
79 71
79 87
79 77
80 208
80 86
80 81
80 48
80 112
80 72
80 88
80 82
81 209
81 87
81 80
81 49
81 113
81 73
81 89
81 83
82 210
82 83
82 50
82 114
82 74
82 90
82 80
82 84
83 211
83 82
83 51
83 115
83 75
83 91
83 81
83 85
84 212
84 85
84 52
84 116
84 76
84 92
84 82
84 86
85 213
85 84
85 53
85 117
85 77
85 93
85 83
85 87
86 214
86 80
86 87
86 54
86 118
86 78
86 94
86 84
87 215
87 81
87 86
87 55
87 119
87 79
87 95
87 85
88 216
88 64
88 94
88 89
88 56
88 120
88 80
88 90
89 217
89 65
89 95
89 88
89 57
89 121
89 81
89 91
90 218
90 66
90 91
90 58
90 122
90 82
90 88
90 92
91 219
91 67
91 90
91 59
91 123
91 83
91 89
91 93
92 220
92 68
92 93
92 60
92 124
92 84
92 90
92 94
93 221
93 69
93 92
93 61
93 125
93 85
93 91
93 95
94 222
94 70
94 88
94 95
94 62
94 126
94 86
94 92
95 223
95 71
95 89
95 94
95 63
95 127
95 87
95 93
96 224
96 0
96 120
96 102
96 97
96 64
96 104
96 98
97 225
97 1
97 121
97 103
97 96
97 65
97 105
97 99
98 226
98 2
98 122
98 99
98 66
98 106
98 96
98 100
99 227
99 3
99 123
99 98
99 67
99 107
99 97
99 101
100 228
100 4
100 124
100 101
100 68
100 108
100 98
100 102
101 229
101 5
101 125
101 100
101 69
101 109
101 99
101 103
102 230
102 6
102 126
102 96
102 103
102 70
102 110
102 100
103 231
103 7
103 127
103 97
103 102
103 71
103 111
103 101
104 232
104 8
104 110
104 105
104 72
104 96
104 112
104 106
105 233
105 9
105 111
105 104
105 73
105 97
105 113
105 107
106 234
106 10
106 107
106 74
106 98
106 114
106 104
106 108
107 235
107 11
107 106
107 75
107 99
107 115
107 105
107 109
108 236
108 12
108 109
108 76
108 100
108 116
108 106
108 110
109 237
109 13
109 108
109 77
109 101
109 117
109 107
109 111
110 238
110 14
110 104
110 111
110 78
110 102
110 118
110 108
111 239
111 15
111 105
111 110
111 79
111 103
111 119
111 109
112 240
112 16
112 118
112 113
112 80
112 104
112 120
112 114
113 241
113 17
113 119
113 112
113 81
113 105
113 121
113 115
114 242
114 18
114 115
114 82
114 106
114 122
114 112
114 116
115 243
115 19
115 114
115 83
115 107
115 123
115 113
115 117
116 244
116 20
116 117
116 84
116 108
116 124
116 114
116 118
117 245
117 21
117 116
117 85
117 109
117 125
117 115
117 119
118 246
118 22
118 112
118 119
118 86
118 110
118 126
118 116
119 247
119 23
119 113
119 118
119 87
119 111
119 127
119 117
120 248
120 24
120 96
120 126
120 121
120 88
120 112
120 122
121 249
121 25
121 97
121 127
121 120
121 89
121 113
121 123
122 250
122 26
122 98
122 123
122 90
122 114
122 120
122 124
123 251
123 27
123 99
123 122
123 91
123 115
123 121
123 125
124 252
124 28
124 100
124 125
124 92
124 116
124 122
124 126
125 253
125 29
125 101
125 124
125 93
125 117
125 123
125 127
126 254
126 30
126 102
126 120
126 127
126 94
126 118
126 124
127 255
127 31
127 103
127 121
127 126
127 95
127 119
127 125
128 0
128 224
128 152
128 134
128 129
128 160
128 136
128 130
129 1
129 225
129 153
129 135
129 128
129 161
129 137
129 131
130 2
130 226
130 154
130 131
130 162
130 138
130 128
130 132
131 3
131 227
131 155
131 130
131 163
131 139
131 129
131 133
132 4
132 228
132 156
132 133
132 164
132 140
132 130
132 134
133 5
133 229
133 157
133 132
133 165
133 141
133 131
133 135
134 6
134 230
134 158
134 128
134 135
134 166
134 142
134 132
135 7
135 231
135 159
135 129
135 134
135 167
135 143
135 133
136 8
136 232
136 142
136 137
136 168
136 128
136 144
136 138
137 9
137 233
137 143
137 136
137 169
137 129
137 145
137 139
138 10
138 234
138 139
138 170
138 130
138 146
138 136
138 140
139 11
139 235
139 138
139 171
139 131
139 147
139 137
139 141
140 12
140 236
140 141
140 172
140 132
140 148
140 138
140 142
141 13
141 237
141 140
141 173
141 133
141 149
141 139
141 143
142 14
142 238
142 136
142 143
142 174
142 134
142 150
142 140
143 15
143 239
143 137
143 142
143 175
143 135
143 151
143 141
144 16
144 240
144 150
144 145
144 176
144 136
144 152
144 146
145 17
145 241
145 151
145 144
145 177
145 137
145 153
145 147
146 18
146 242
146 147
146 178
146 138
146 154
146 144
146 148
147 19
147 243
147 146
147 179
147 139
147 155
147 145
147 149
148 20
148 244
148 149
148 180
148 140
148 156
148 146
148 150
149 21
149 245
149 148
149 181
149 141
149 157
149 147
149 151
150 22
150 246
150 144
150 151
150 182
150 142
150 158
150 148
151 23
151 247
151 145
151 150
151 183
151 143
151 159
151 149
152 24
152 248
152 128
152 158
152 153
152 184
152 144
152 154
153 25
153 249
153 129
153 159
153 152
153 185
153 145
153 155
154 26
154 250
154 130
154 155
154 186
154 146
154 152
154 156
155 27
155 251
155 131
155 154
155 187
155 147
155 153
155 157
156 28
156 252
156 132
156 157
156 188
156 148
156 154
156 158
157 29
157 253
157 133
157 156
157 189
157 149
157 155
157 159
158 30
158 254
158 134
158 152
158 159
158 190
158 150
158 156
159 31
159 255
159 135
159 153
159 158
159 191
159 151
159 157
160 32
160 184
160 166
160 161
160 128
160 192
160 168
160 162
161 33
161 185
161 167
161 160
161 129
161 193
161 169
161 163
162 34
162 186
162 163
162 130
162 194
162 170
162 160
162 164
163 35
163 187
163 162
163 131
163 195
163 171
163 161
163 165
164 36
164 188
164 165
164 132
164 196
164 172
164 162
164 166
165 37
165 189
165 164
165 133
165 197
165 173
165 163
165 167
166 38
166 190
166 160
166 167
166 134
166 198
166 174
166 164
167 39
167 191
167 161
167 166
167 135
167 199
167 175
167 165
168 40
168 174
168 169
168 136
168 200
168 160
168 176
168 170
169 41
169 175
169 168
169 137
169 201
169 161
169 177
169 171
170 42
170 171
170 138
170 202
170 162
170 178
170 168
170 172
171 43
171 170
171 139
171 203
171 163
171 179
171 169
171 173
172 44
172 173
172 140
172 204
172 164
172 180
172 170
172 174
173 45
173 172
173 141
173 205
173 165
173 181
173 171
173 175
174 46
174 168
174 175
174 142
174 206
174 166
174 182
174 172
175 47
175 169
175 174
175 143
175 207
175 167
175 183
175 173
176 48
176 182
176 177
176 144
176 208
176 168
176 184
176 178
177 49
177 183
177 176
177 145
177 209
177 169
177 185
177 179
178 50
178 179
178 146
178 210
178 170
178 186
178 176
178 180
179 51
179 178
179 147
179 211
179 171
179 187
179 177
179 181
180 52
180 181
180 148
180 212
180 172
180 188
180 178
180 182
181 53
181 180
181 149
181 213
181 173
181 189
181 179
181 183
182 54
182 176
182 183
182 150
182 214
182 174
182 190
182 180
183 55
183 177
183 182
183 151
183 215
183 175
183 191
183 181
184 56
184 160
184 190
184 185
184 152
184 216
184 176
184 186
185 57
185 161
185 191
185 184
185 153
185 217
185 177
185 187
186 58
186 162
186 187
186 154
186 218
186 178
186 184
186 188
187 59
187 163
187 186
187 155
187 219
187 179
187 185
187 189
188 60
188 164
188 189
188 156
188 220
188 180
188 186
188 190
189 61
189 165
189 188
189 157
189 221
189 181
189 187
189 191
190 62
190 166
190 184
190 191
190 158
190 222
190 182
190 188
191 63
191 167
191 185
191 190
191 159
191 223
191 183
191 189
192 64
192 216
192 198
192 193
192 160
192 224
192 200
192 194
193 65
193 217
193 199
193 192
193 161
193 225
193 201
193 195
194 66
194 218
194 195
194 162
194 226
194 202
194 192
194 196
195 67
195 219
195 194
195 163
195 227
195 203
195 193
195 197
196 68
196 220
196 197
196 164
196 228
196 204
196 194
196 198
197 69
197 221
197 196
197 165
197 229
197 205
197 195
197 199
198 70
198 222
198 192
198 199
198 166
198 230
198 206
198 196
199 71
199 223
199 193
199 198
199 167
199 231
199 207
199 197
200 72
200 206
200 201
200 168
200 232
200 192
200 208
200 202
201 73
201 207
201 200
201 169
201 233
201 193
201 209
201 203
202 74
202 203
202 170
202 234
202 194
202 210
202 200
202 204
203 75
203 202
203 171
203 235
203 195
203 211
203 201
203 205
204 76
204 205
204 172
204 236
204 196
204 212
204 202
204 206
205 77
205 204
205 173
205 237
205 197
205 213
205 203
205 207
206 78
206 200
206 207
206 174
206 238
206 198
206 214
206 204
207 79
207 201
207 206
207 175
207 239
207 199
207 215
207 205
208 80
208 214
208 209
208 176
208 240
208 200
208 216
208 210
209 81
209 215
209 208
209 177
209 241
209 201
209 217
209 211
210 82
210 211
210 178
210 242
210 202
210 218
210 208
210 212
211 83
211 210
211 179
211 243
211 203
211 219
211 209
211 213
212 84
212 213
212 180
212 244
212 204
212 220
212 210
212 214
213 85
213 212
213 181
213 245
213 205
213 221
213 211
213 215
214 86
214 208
214 215
214 182
214 246
214 206
214 222
214 212
215 87
215 209
215 214
215 183
215 247
215 207
215 223
215 213
216 88
216 192
216 222
216 217
216 184
216 248
216 208
216 218
217 89
217 193
217 223
217 216
217 185
217 249
217 209
217 219
218 90
218 194
218 219
218 186
218 250
218 210
218 216
218 220
219 91
219 195
219 218
219 187
219 251
219 211
219 217
219 221
220 92
220 196
220 221
220 188
220 252
220 212
220 218
220 222
221 93
221 197
221 220
221 189
221 253
221 213
221 219
221 223
222 94
222 198
222 216
222 223
222 190
222 254
222 214
222 220
223 95
223 199
223 217
223 222
223 191
223 255
223 215
223 221
224 96
224 128
224 248
224 230
224 225
224 192
224 232
224 226
225 97
225 129
225 249
225 231
225 224
225 193
225 233
225 227
226 98
226 130
226 250
226 227
226 194
226 234
226 224
226 228
227 99
227 131
227 251
227 226
227 195
227 235
227 225
227 229
228 100
228 132
228 252
228 229
228 196
228 236
228 226
228 230
229 101
229 133
229 253
229 228
229 197
229 237
229 227
229 231
230 102
230 134
230 254
230 224
230 231
230 198
230 238
230 228
231 103
231 135
231 255
231 225
231 230
231 199
231 239
231 229
232 104
232 136
232 238
232 233
232 200
232 224
232 240
232 234
233 105
233 137
233 239
233 232
233 201
233 225
233 241
233 235
234 106
234 138
234 235
234 202
234 226
234 242
234 232
234 236
235 107
235 139
235 234
235 203
235 227
235 243
235 233
235 237
236 108
236 140
236 237
236 204
236 228
236 244
236 234
236 238
237 109
237 141
237 236
237 205
237 229
237 245
237 235
237 239
238 110
238 142
238 232
238 239
238 206
238 230
238 246
238 236
239 111
239 143
239 233
239 238
239 207
239 231
239 247
239 237
240 112
240 144
240 246
240 241
240 208
240 232
240 248
240 242
241 113
241 145
241 247
241 240
241 209
241 233
241 249
241 243
242 114
242 146
242 243
242 210
242 234
242 250
242 240
242 244
243 115
243 147
243 242
243 211
243 235
243 251
243 241
243 245
244 116
244 148
244 245
244 212
244 236
244 252
244 242
244 246
245 117
245 149
245 244
245 213
245 237
245 253
245 243
245 247
246 118
246 150
246 240
246 247
246 214
246 238
246 254
246 244
247 119
247 151
247 241
247 246
247 215
247 239
247 255
247 245
248 120
248 152
248 224
248 254
248 249
248 216
248 240
248 250
249 121
249 153
249 225
249 255
249 248
249 217
249 241
249 251
250 122
250 154
250 226
250 251
250 218
250 242
250 248
250 252
251 123
251 155
251 227
251 250
251 219
251 243
251 249
251 253
252 124
252 156
252 228
252 253
252 220
252 244
252 250
252 254
253 125
253 157
253 229
253 252
253 221
253 245
253 251
253 255
254 126
254 158
254 230
254 248
254 255
254 222
254 246
254 252
255 127
255 159
255 231
255 249
255 254
255 223
255 247
255 253
;

param Capacity :=
0 128  1740800
0 96  1740800
0 24  1740800
0 6  1740800
0 1  1740800
0 32  1740800
0 8  1740800
0 2  1740800
1 129  1740800
1 97  1740800
1 25  1740800
1 7  1740800
1 0  1740800
1 33  1740800
1 9  1740800
1 3  1740800
2 130  1740800
2 98  1740800
2 26  1740800
2 3  1740800
2 34  1740800
2 10  1740800
2 0  1740800
2 4  1740800
3 131  1740800
3 99  1740800
3 27  1740800
3 2  1740800
3 35  1740800
3 11  1740800
3 1  1740800
3 5  1740800
4 132  1740800
4 100  1740800
4 28  1740800
4 5  1740800
4 36  1740800
4 12  1740800
4 2  1740800
4 6  1740800
5 133  1740800
5 101  1740800
5 29  1740800
5 4  1740800
5 37  1740800
5 13  1740800
5 3  1740800
5 7  1740800
6 134  1740800
6 102  1740800
6 30  1740800
6 0  1740800
6 7  1740800
6 38  1740800
6 14  1740800
6 4  1740800
7 135  1740800
7 103  1740800
7 31  1740800
7 1  1740800
7 6  1740800
7 39  1740800
7 15  1740800
7 5  1740800
8 136  1740800
8 104  1740800
8 14  1740800
8 9  1740800
8 40  1740800
8 0  1740800
8 16  1740800
8 10  1740800
9 137  1740800
9 105  1740800
9 15  1740800
9 8  1740800
9 41  1740800
9 1  1740800
9 17  1740800
9 11  1740800
10 138  1740800
10 106  1740800
10 11  1740800
10 42  1740800
10 2  1740800
10 18  1740800
10 8  1740800
10 12  1740800
11 139  1740800
11 107  1740800
11 10  1740800
11 43  1740800
11 3  1740800
11 19  1740800
11 9  1740800
11 13  1740800
12 140  1740800
12 108  1740800
12 13  1740800
12 44  1740800
12 4  1740800
12 20  1740800
12 10  1740800
12 14  1740800
13 141  1740800
13 109  1740800
13 12  1740800
13 45  1740800
13 5  1740800
13 21  1740800
13 11  1740800
13 15  1740800
14 142  1740800
14 110  1740800
14 8  1740800
14 15  1740800
14 46  1740800
14 6  1740800
14 22  1740800
14 12  1740800
15 143  1740800
15 111  1740800
15 9  1740800
15 14  1740800
15 47  1740800
15 7  1740800
15 23  1740800
15 13  1740800
16 144  1740800
16 112  1740800
16 22  1740800
16 17  1740800
16 48  1740800
16 8  1740800
16 24  1740800
16 18  1740800
17 145  1740800
17 113  1740800
17 23  1740800
17 16  1740800
17 49  1740800
17 9  1740800
17 25  1740800
17 19  1740800
18 146  1740800
18 114  1740800
18 19  1740800
18 50  1740800
18 10  1740800
18 26  1740800
18 16  1740800
18 20  1740800
19 147  1740800
19 115  1740800
19 18  1740800
19 51  1740800
19 11  1740800
19 27  1740800
19 17  1740800
19 21  1740800
20 148  1740800
20 116  1740800
20 21  1740800
20 52  1740800
20 12  1740800
20 28  1740800
20 18  1740800
20 22  1740800
21 149  1740800
21 117  1740800
21 20  1740800
21 53  1740800
21 13  1740800
21 29  1740800
21 19  1740800
21 23  1740800
22 150  1740800
22 118  1740800
22 16  1740800
22 23  1740800
22 54  1740800
22 14  1740800
22 30  1740800
22 20  1740800
23 151  1740800
23 119  1740800
23 17  1740800
23 22  1740800
23 55  1740800
23 15  1740800
23 31  1740800
23 21  1740800
24 152  1740800
24 120  1740800
24 0  1740800
24 30  1740800
24 25  1740800
24 56  1740800
24 16  1740800
24 26  1740800
25 153  1740800
25 121  1740800
25 1  1740800
25 31  1740800
25 24  1740800
25 57  1740800
25 17  1740800
25 27  1740800
26 154  1740800
26 122  1740800
26 2  1740800
26 27  1740800
26 58  1740800
26 18  1740800
26 24  1740800
26 28  1740800
27 155  1740800
27 123  1740800
27 3  1740800
27 26  1740800
27 59  1740800
27 19  1740800
27 25  1740800
27 29  1740800
28 156  1740800
28 124  1740800
28 4  1740800
28 29  1740800
28 60  1740800
28 20  1740800
28 26  1740800
28 30  1740800
29 157  1740800
29 125  1740800
29 5  1740800
29 28  1740800
29 61  1740800
29 21  1740800
29 27  1740800
29 31  1740800
30 158  1740800
30 126  1740800
30 6  1740800
30 24  1740800
30 31  1740800
30 62  1740800
30 22  1740800
30 28  1740800
31 159  1740800
31 127  1740800
31 7  1740800
31 25  1740800
31 30  1740800
31 63  1740800
31 23  1740800
31 29  1740800
32 160  1740800
32 56  1740800
32 38  1740800
32 33  1740800
32 0  1740800
32 64  1740800
32 40  1740800
32 34  1740800
33 161  1740800
33 57  1740800
33 39  1740800
33 32  1740800
33 1  1740800
33 65  1740800
33 41  1740800
33 35  1740800
34 162  1740800
34 58  1740800
34 35  1740800
34 2  1740800
34 66  1740800
34 42  1740800
34 32  1740800
34 36  1740800
35 163  1740800
35 59  1740800
35 34  1740800
35 3  1740800
35 67  1740800
35 43  1740800
35 33  1740800
35 37  1740800
36 164  1740800
36 60  1740800
36 37  1740800
36 4  1740800
36 68  1740800
36 44  1740800
36 34  1740800
36 38  1740800
37 165  1740800
37 61  1740800
37 36  1740800
37 5  1740800
37 69  1740800
37 45  1740800
37 35  1740800
37 39  1740800
38 166  1740800
38 62  1740800
38 32  1740800
38 39  1740800
38 6  1740800
38 70  1740800
38 46  1740800
38 36  1740800
39 167  1740800
39 63  1740800
39 33  1740800
39 38  1740800
39 7  1740800
39 71  1740800
39 47  1740800
39 37  1740800
40 168  1740800
40 46  1740800
40 41  1740800
40 8  1740800
40 72  1740800
40 32  1740800
40 48  1740800
40 42  1740800
41 169  1740800
41 47  1740800
41 40  1740800
41 9  1740800
41 73  1740800
41 33  1740800
41 49  1740800
41 43  1740800
42 170  1740800
42 43  1740800
42 10  1740800
42 74  1740800
42 34  1740800
42 50  1740800
42 40  1740800
42 44  1740800
43 171  1740800
43 42  1740800
43 11  1740800
43 75  1740800
43 35  1740800
43 51  1740800
43 41  1740800
43 45  1740800
44 172  1740800
44 45  1740800
44 12  1740800
44 76  1740800
44 36  1740800
44 52  1740800
44 42  1740800
44 46  1740800
45 173  1740800
45 44  1740800
45 13  1740800
45 77  1740800
45 37  1740800
45 53  1740800
45 43  1740800
45 47  1740800
46 174  1740800
46 40  1740800
46 47  1740800
46 14  1740800
46 78  1740800
46 38  1740800
46 54  1740800
46 44  1740800
47 175  1740800
47 41  1740800
47 46  1740800
47 15  1740800
47 79  1740800
47 39  1740800
47 55  1740800
47 45  1740800
48 176  1740800
48 54  1740800
48 49  1740800
48 16  1740800
48 80  1740800
48 40  1740800
48 56  1740800
48 50  1740800
49 177  1740800
49 55  1740800
49 48  1740800
49 17  1740800
49 81  1740800
49 41  1740800
49 57  1740800
49 51  1740800
50 178  1740800
50 51  1740800
50 18  1740800
50 82  1740800
50 42  1740800
50 58  1740800
50 48  1740800
50 52  1740800
51 179  1740800
51 50  1740800
51 19  1740800
51 83  1740800
51 43  1740800
51 59  1740800
51 49  1740800
51 53  1740800
52 180  1740800
52 53  1740800
52 20  1740800
52 84  1740800
52 44  1740800
52 60  1740800
52 50  1740800
52 54  1740800
53 181  1740800
53 52  1740800
53 21  1740800
53 85  1740800
53 45  1740800
53 61  1740800
53 51  1740800
53 55  1740800
54 182  1740800
54 48  1740800
54 55  1740800
54 22  1740800
54 86  1740800
54 46  1740800
54 62  1740800
54 52  1740800
55 183  1740800
55 49  1740800
55 54  1740800
55 23  1740800
55 87  1740800
55 47  1740800
55 63  1740800
55 53  1740800
56 184  1740800
56 32  1740800
56 62  1740800
56 57  1740800
56 24  1740800
56 88  1740800
56 48  1740800
56 58  1740800
57 185  1740800
57 33  1740800
57 63  1740800
57 56  1740800
57 25  1740800
57 89  1740800
57 49  1740800
57 59  1740800
58 186  1740800
58 34  1740800
58 59  1740800
58 26  1740800
58 90  1740800
58 50  1740800
58 56  1740800
58 60  1740800
59 187  1740800
59 35  1740800
59 58  1740800
59 27  1740800
59 91  1740800
59 51  1740800
59 57  1740800
59 61  1740800
60 188  1740800
60 36  1740800
60 61  1740800
60 28  1740800
60 92  1740800
60 52  1740800
60 58  1740800
60 62  1740800
61 189  1740800
61 37  1740800
61 60  1740800
61 29  1740800
61 93  1740800
61 53  1740800
61 59  1740800
61 63  1740800
62 190  1740800
62 38  1740800
62 56  1740800
62 63  1740800
62 30  1740800
62 94  1740800
62 54  1740800
62 60  1740800
63 191  1740800
63 39  1740800
63 57  1740800
63 62  1740800
63 31  1740800
63 95  1740800
63 55  1740800
63 61  1740800
64 192  1740800
64 88  1740800
64 70  1740800
64 65  1740800
64 32  1740800
64 96  1740800
64 72  1740800
64 66  1740800
65 193  1740800
65 89  1740800
65 71  1740800
65 64  1740800
65 33  1740800
65 97  1740800
65 73  1740800
65 67  1740800
66 194  1740800
66 90  1740800
66 67  1740800
66 34  1740800
66 98  1740800
66 74  1740800
66 64  1740800
66 68  1740800
67 195  1740800
67 91  1740800
67 66  1740800
67 35  1740800
67 99  1740800
67 75  1740800
67 65  1740800
67 69  1740800
68 196  1740800
68 92  1740800
68 69  1740800
68 36  1740800
68 100  1740800
68 76  1740800
68 66  1740800
68 70  1740800
69 197  1740800
69 93  1740800
69 68  1740800
69 37  1740800
69 101  1740800
69 77  1740800
69 67  1740800
69 71  1740800
70 198  1740800
70 94  1740800
70 64  1740800
70 71  1740800
70 38  1740800
70 102  1740800
70 78  1740800
70 68  1740800
71 199  1740800
71 95  1740800
71 65  1740800
71 70  1740800
71 39  1740800
71 103  1740800
71 79  1740800
71 69  1740800
72 200  1740800
72 78  1740800
72 73  1740800
72 40  1740800
72 104  1740800
72 64  1740800
72 80  1740800
72 74  1740800
73 201  1740800
73 79  1740800
73 72  1740800
73 41  1740800
73 105  1740800
73 65  1740800
73 81  1740800
73 75  1740800
74 202  1740800
74 75  1740800
74 42  1740800
74 106  1740800
74 66  1740800
74 82  1740800
74 72  1740800
74 76  1740800
75 203  1740800
75 74  1740800
75 43  1740800
75 107  1740800
75 67  1740800
75 83  1740800
75 73  1740800
75 77  1740800
76 204  1740800
76 77  1740800
76 44  1740800
76 108  1740800
76 68  1740800
76 84  1740800
76 74  1740800
76 78  1740800
77 205  1740800
77 76  1740800
77 45  1740800
77 109  1740800
77 69  1740800
77 85  1740800
77 75  1740800
77 79  1740800
78 206  1740800
78 72  1740800
78 79  1740800
78 46  1740800
78 110  1740800
78 70  1740800
78 86  1740800
78 76  1740800
79 207  1740800
79 73  1740800
79 78  1740800
79 47  1740800
79 111  1740800
79 71  1740800
79 87  1740800
79 77  1740800
80 208  1740800
80 86  1740800
80 81  1740800
80 48  1740800
80 112  1740800
80 72  1740800
80 88  1740800
80 82  1740800
81 209  1740800
81 87  1740800
81 80  1740800
81 49  1740800
81 113  1740800
81 73  1740800
81 89  1740800
81 83  1740800
82 210  1740800
82 83  1740800
82 50  1740800
82 114  1740800
82 74  1740800
82 90  1740800
82 80  1740800
82 84  1740800
83 211  1740800
83 82  1740800
83 51  1740800
83 115  1740800
83 75  1740800
83 91  1740800
83 81  1740800
83 85  1740800
84 212  1740800
84 85  1740800
84 52  1740800
84 116  1740800
84 76  1740800
84 92  1740800
84 82  1740800
84 86  1740800
85 213  1740800
85 84  1740800
85 53  1740800
85 117  1740800
85 77  1740800
85 93  1740800
85 83  1740800
85 87  1740800
86 214  1740800
86 80  1740800
86 87  1740800
86 54  1740800
86 118  1740800
86 78  1740800
86 94  1740800
86 84  1740800
87 215  1740800
87 81  1740800
87 86  1740800
87 55  1740800
87 119  1740800
87 79  1740800
87 95  1740800
87 85  1740800
88 216  1740800
88 64  1740800
88 94  1740800
88 89  1740800
88 56  1740800
88 120  1740800
88 80  1740800
88 90  1740800
89 217  1740800
89 65  1740800
89 95  1740800
89 88  1740800
89 57  1740800
89 121  1740800
89 81  1740800
89 91  1740800
90 218  1740800
90 66  1740800
90 91  1740800
90 58  1740800
90 122  1740800
90 82  1740800
90 88  1740800
90 92  1740800
91 219  1740800
91 67  1740800
91 90  1740800
91 59  1740800
91 123  1740800
91 83  1740800
91 89  1740800
91 93  1740800
92 220  1740800
92 68  1740800
92 93  1740800
92 60  1740800
92 124  1740800
92 84  1740800
92 90  1740800
92 94  1740800
93 221  1740800
93 69  1740800
93 92  1740800
93 61  1740800
93 125  1740800
93 85  1740800
93 91  1740800
93 95  1740800
94 222  1740800
94 70  1740800
94 88  1740800
94 95  1740800
94 62  1740800
94 126  1740800
94 86  1740800
94 92  1740800
95 223  1740800
95 71  1740800
95 89  1740800
95 94  1740800
95 63  1740800
95 127  1740800
95 87  1740800
95 93  1740800
96 224  1740800
96 0  1740800
96 120  1740800
96 102  1740800
96 97  1740800
96 64  1740800
96 104  1740800
96 98  1740800
97 225  1740800
97 1  1740800
97 121  1740800
97 103  1740800
97 96  1740800
97 65  1740800
97 105  1740800
97 99  1740800
98 226  1740800
98 2  1740800
98 122  1740800
98 99  1740800
98 66  1740800
98 106  1740800
98 96  1740800
98 100  1740800
99 227  1740800
99 3  1740800
99 123  1740800
99 98  1740800
99 67  1740800
99 107  1740800
99 97  1740800
99 101  1740800
100 228  1740800
100 4  1740800
100 124  1740800
100 101  1740800
100 68  1740800
100 108  1740800
100 98  1740800
100 102  1740800
101 229  1740800
101 5  1740800
101 125  1740800
101 100  1740800
101 69  1740800
101 109  1740800
101 99  1740800
101 103  1740800
102 230  1740800
102 6  1740800
102 126  1740800
102 96  1740800
102 103  1740800
102 70  1740800
102 110  1740800
102 100  1740800
103 231  1740800
103 7  1740800
103 127  1740800
103 97  1740800
103 102  1740800
103 71  1740800
103 111  1740800
103 101  1740800
104 232  1740800
104 8  1740800
104 110  1740800
104 105  1740800
104 72  1740800
104 96  1740800
104 112  1740800
104 106  1740800
105 233  1740800
105 9  1740800
105 111  1740800
105 104  1740800
105 73  1740800
105 97  1740800
105 113  1740800
105 107  1740800
106 234  1740800
106 10  1740800
106 107  1740800
106 74  1740800
106 98  1740800
106 114  1740800
106 104  1740800
106 108  1740800
107 235  1740800
107 11  1740800
107 106  1740800
107 75  1740800
107 99  1740800
107 115  1740800
107 105  1740800
107 109  1740800
108 236  1740800
108 12  1740800
108 109  1740800
108 76  1740800
108 100  1740800
108 116  1740800
108 106  1740800
108 110  1740800
109 237  1740800
109 13  1740800
109 108  1740800
109 77  1740800
109 101  1740800
109 117  1740800
109 107  1740800
109 111  1740800
110 238  1740800
110 14  1740800
110 104  1740800
110 111  1740800
110 78  1740800
110 102  1740800
110 118  1740800
110 108  1740800
111 239  1740800
111 15  1740800
111 105  1740800
111 110  1740800
111 79  1740800
111 103  1740800
111 119  1740800
111 109  1740800
112 240  1740800
112 16  1740800
112 118  1740800
112 113  1740800
112 80  1740800
112 104  1740800
112 120  1740800
112 114  1740800
113 241  1740800
113 17  1740800
113 119  1740800
113 112  1740800
113 81  1740800
113 105  1740800
113 121  1740800
113 115  1740800
114 242  1740800
114 18  1740800
114 115  1740800
114 82  1740800
114 106  1740800
114 122  1740800
114 112  1740800
114 116  1740800
115 243  1740800
115 19  1740800
115 114  1740800
115 83  1740800
115 107  1740800
115 123  1740800
115 113  1740800
115 117  1740800
116 244  1740800
116 20  1740800
116 117  1740800
116 84  1740800
116 108  1740800
116 124  1740800
116 114  1740800
116 118  1740800
117 245  1740800
117 21  1740800
117 116  1740800
117 85  1740800
117 109  1740800
117 125  1740800
117 115  1740800
117 119  1740800
118 246  1740800
118 22  1740800
118 112  1740800
118 119  1740800
118 86  1740800
118 110  1740800
118 126  1740800
118 116  1740800
119 247  1740800
119 23  1740800
119 113  1740800
119 118  1740800
119 87  1740800
119 111  1740800
119 127  1740800
119 117  1740800
120 248  1740800
120 24  1740800
120 96  1740800
120 126  1740800
120 121  1740800
120 88  1740800
120 112  1740800
120 122  1740800
121 249  1740800
121 25  1740800
121 97  1740800
121 127  1740800
121 120  1740800
121 89  1740800
121 113  1740800
121 123  1740800
122 250  1740800
122 26  1740800
122 98  1740800
122 123  1740800
122 90  1740800
122 114  1740800
122 120  1740800
122 124  1740800
123 251  1740800
123 27  1740800
123 99  1740800
123 122  1740800
123 91  1740800
123 115  1740800
123 121  1740800
123 125  1740800
124 252  1740800
124 28  1740800
124 100  1740800
124 125  1740800
124 92  1740800
124 116  1740800
124 122  1740800
124 126  1740800
125 253  1740800
125 29  1740800
125 101  1740800
125 124  1740800
125 93  1740800
125 117  1740800
125 123  1740800
125 127  1740800
126 254  1740800
126 30  1740800
126 102  1740800
126 120  1740800
126 127  1740800
126 94  1740800
126 118  1740800
126 124  1740800
127 255  1740800
127 31  1740800
127 103  1740800
127 121  1740800
127 126  1740800
127 95  1740800
127 119  1740800
127 125  1740800
128 0  1740800
128 224  1740800
128 152  1740800
128 134  1740800
128 129  1740800
128 160  1740800
128 136  1740800
128 130  1740800
129 1  1740800
129 225  1740800
129 153  1740800
129 135  1740800
129 128  1740800
129 161  1740800
129 137  1740800
129 131  1740800
130 2  1740800
130 226  1740800
130 154  1740800
130 131  1740800
130 162  1740800
130 138  1740800
130 128  1740800
130 132  1740800
131 3  1740800
131 227  1740800
131 155  1740800
131 130  1740800
131 163  1740800
131 139  1740800
131 129  1740800
131 133  1740800
132 4  1740800
132 228  1740800
132 156  1740800
132 133  1740800
132 164  1740800
132 140  1740800
132 130  1740800
132 134  1740800
133 5  1740800
133 229  1740800
133 157  1740800
133 132  1740800
133 165  1740800
133 141  1740800
133 131  1740800
133 135  1740800
134 6  1740800
134 230  1740800
134 158  1740800
134 128  1740800
134 135  1740800
134 166  1740800
134 142  1740800
134 132  1740800
135 7  1740800
135 231  1740800
135 159  1740800
135 129  1740800
135 134  1740800
135 167  1740800
135 143  1740800
135 133  1740800
136 8  1740800
136 232  1740800
136 142  1740800
136 137  1740800
136 168  1740800
136 128  1740800
136 144  1740800
136 138  1740800
137 9  1740800
137 233  1740800
137 143  1740800
137 136  1740800
137 169  1740800
137 129  1740800
137 145  1740800
137 139  1740800
138 10  1740800
138 234  1740800
138 139  1740800
138 170  1740800
138 130  1740800
138 146  1740800
138 136  1740800
138 140  1740800
139 11  1740800
139 235  1740800
139 138  1740800
139 171  1740800
139 131  1740800
139 147  1740800
139 137  1740800
139 141  1740800
140 12  1740800
140 236  1740800
140 141  1740800
140 172  1740800
140 132  1740800
140 148  1740800
140 138  1740800
140 142  1740800
141 13  1740800
141 237  1740800
141 140  1740800
141 173  1740800
141 133  1740800
141 149  1740800
141 139  1740800
141 143  1740800
142 14  1740800
142 238  1740800
142 136  1740800
142 143  1740800
142 174  1740800
142 134  1740800
142 150  1740800
142 140  1740800
143 15  1740800
143 239  1740800
143 137  1740800
143 142  1740800
143 175  1740800
143 135  1740800
143 151  1740800
143 141  1740800
144 16  1740800
144 240  1740800
144 150  1740800
144 145  1740800
144 176  1740800
144 136  1740800
144 152  1740800
144 146  1740800
145 17  1740800
145 241  1740800
145 151  1740800
145 144  1740800
145 177  1740800
145 137  1740800
145 153  1740800
145 147  1740800
146 18  1740800
146 242  1740800
146 147  1740800
146 178  1740800
146 138  1740800
146 154  1740800
146 144  1740800
146 148  1740800
147 19  1740800
147 243  1740800
147 146  1740800
147 179  1740800
147 139  1740800
147 155  1740800
147 145  1740800
147 149  1740800
148 20  1740800
148 244  1740800
148 149  1740800
148 180  1740800
148 140  1740800
148 156  1740800
148 146  1740800
148 150  1740800
149 21  1740800
149 245  1740800
149 148  1740800
149 181  1740800
149 141  1740800
149 157  1740800
149 147  1740800
149 151  1740800
150 22  1740800
150 246  1740800
150 144  1740800
150 151  1740800
150 182  1740800
150 142  1740800
150 158  1740800
150 148  1740800
151 23  1740800
151 247  1740800
151 145  1740800
151 150  1740800
151 183  1740800
151 143  1740800
151 159  1740800
151 149  1740800
152 24  1740800
152 248  1740800
152 128  1740800
152 158  1740800
152 153  1740800
152 184  1740800
152 144  1740800
152 154  1740800
153 25  1740800
153 249  1740800
153 129  1740800
153 159  1740800
153 152  1740800
153 185  1740800
153 145  1740800
153 155  1740800
154 26  1740800
154 250  1740800
154 130  1740800
154 155  1740800
154 186  1740800
154 146  1740800
154 152  1740800
154 156  1740800
155 27  1740800
155 251  1740800
155 131  1740800
155 154  1740800
155 187  1740800
155 147  1740800
155 153  1740800
155 157  1740800
156 28  1740800
156 252  1740800
156 132  1740800
156 157  1740800
156 188  1740800
156 148  1740800
156 154  1740800
156 158  1740800
157 29  1740800
157 253  1740800
157 133  1740800
157 156  1740800
157 189  1740800
157 149  1740800
157 155  1740800
157 159  1740800
158 30  1740800
158 254  1740800
158 134  1740800
158 152  1740800
158 159  1740800
158 190  1740800
158 150  1740800
158 156  1740800
159 31  1740800
159 255  1740800
159 135  1740800
159 153  1740800
159 158  1740800
159 191  1740800
159 151  1740800
159 157  1740800
160 32  1740800
160 184  1740800
160 166  1740800
160 161  1740800
160 128  1740800
160 192  1740800
160 168  1740800
160 162  1740800
161 33  1740800
161 185  1740800
161 167  1740800
161 160  1740800
161 129  1740800
161 193  1740800
161 169  1740800
161 163  1740800
162 34  1740800
162 186  1740800
162 163  1740800
162 130  1740800
162 194  1740800
162 170  1740800
162 160  1740800
162 164  1740800
163 35  1740800
163 187  1740800
163 162  1740800
163 131  1740800
163 195  1740800
163 171  1740800
163 161  1740800
163 165  1740800
164 36  1740800
164 188  1740800
164 165  1740800
164 132  1740800
164 196  1740800
164 172  1740800
164 162  1740800
164 166  1740800
165 37  1740800
165 189  1740800
165 164  1740800
165 133  1740800
165 197  1740800
165 173  1740800
165 163  1740800
165 167  1740800
166 38  1740800
166 190  1740800
166 160  1740800
166 167  1740800
166 134  1740800
166 198  1740800
166 174  1740800
166 164  1740800
167 39  1740800
167 191  1740800
167 161  1740800
167 166  1740800
167 135  1740800
167 199  1740800
167 175  1740800
167 165  1740800
168 40  1740800
168 174  1740800
168 169  1740800
168 136  1740800
168 200  1740800
168 160  1740800
168 176  1740800
168 170  1740800
169 41  1740800
169 175  1740800
169 168  1740800
169 137  1740800
169 201  1740800
169 161  1740800
169 177  1740800
169 171  1740800
170 42  1740800
170 171  1740800
170 138  1740800
170 202  1740800
170 162  1740800
170 178  1740800
170 168  1740800
170 172  1740800
171 43  1740800
171 170  1740800
171 139  1740800
171 203  1740800
171 163  1740800
171 179  1740800
171 169  1740800
171 173  1740800
172 44  1740800
172 173  1740800
172 140  1740800
172 204  1740800
172 164  1740800
172 180  1740800
172 170  1740800
172 174  1740800
173 45  1740800
173 172  1740800
173 141  1740800
173 205  1740800
173 165  1740800
173 181  1740800
173 171  1740800
173 175  1740800
174 46  1740800
174 168  1740800
174 175  1740800
174 142  1740800
174 206  1740800
174 166  1740800
174 182  1740800
174 172  1740800
175 47  1740800
175 169  1740800
175 174  1740800
175 143  1740800
175 207  1740800
175 167  1740800
175 183  1740800
175 173  1740800
176 48  1740800
176 182  1740800
176 177  1740800
176 144  1740800
176 208  1740800
176 168  1740800
176 184  1740800
176 178  1740800
177 49  1740800
177 183  1740800
177 176  1740800
177 145  1740800
177 209  1740800
177 169  1740800
177 185  1740800
177 179  1740800
178 50  1740800
178 179  1740800
178 146  1740800
178 210  1740800
178 170  1740800
178 186  1740800
178 176  1740800
178 180  1740800
179 51  1740800
179 178  1740800
179 147  1740800
179 211  1740800
179 171  1740800
179 187  1740800
179 177  1740800
179 181  1740800
180 52  1740800
180 181  1740800
180 148  1740800
180 212  1740800
180 172  1740800
180 188  1740800
180 178  1740800
180 182  1740800
181 53  1740800
181 180  1740800
181 149  1740800
181 213  1740800
181 173  1740800
181 189  1740800
181 179  1740800
181 183  1740800
182 54  1740800
182 176  1740800
182 183  1740800
182 150  1740800
182 214  1740800
182 174  1740800
182 190  1740800
182 180  1740800
183 55  1740800
183 177  1740800
183 182  1740800
183 151  1740800
183 215  1740800
183 175  1740800
183 191  1740800
183 181  1740800
184 56  1740800
184 160  1740800
184 190  1740800
184 185  1740800
184 152  1740800
184 216  1740800
184 176  1740800
184 186  1740800
185 57  1740800
185 161  1740800
185 191  1740800
185 184  1740800
185 153  1740800
185 217  1740800
185 177  1740800
185 187  1740800
186 58  1740800
186 162  1740800
186 187  1740800
186 154  1740800
186 218  1740800
186 178  1740800
186 184  1740800
186 188  1740800
187 59  1740800
187 163  1740800
187 186  1740800
187 155  1740800
187 219  1740800
187 179  1740800
187 185  1740800
187 189  1740800
188 60  1740800
188 164  1740800
188 189  1740800
188 156  1740800
188 220  1740800
188 180  1740800
188 186  1740800
188 190  1740800
189 61  1740800
189 165  1740800
189 188  1740800
189 157  1740800
189 221  1740800
189 181  1740800
189 187  1740800
189 191  1740800
190 62  1740800
190 166  1740800
190 184  1740800
190 191  1740800
190 158  1740800
190 222  1740800
190 182  1740800
190 188  1740800
191 63  1740800
191 167  1740800
191 185  1740800
191 190  1740800
191 159  1740800
191 223  1740800
191 183  1740800
191 189  1740800
192 64  1740800
192 216  1740800
192 198  1740800
192 193  1740800
192 160  1740800
192 224  1740800
192 200  1740800
192 194  1740800
193 65  1740800
193 217  1740800
193 199  1740800
193 192  1740800
193 161  1740800
193 225  1740800
193 201  1740800
193 195  1740800
194 66  1740800
194 218  1740800
194 195  1740800
194 162  1740800
194 226  1740800
194 202  1740800
194 192  1740800
194 196  1740800
195 67  1740800
195 219  1740800
195 194  1740800
195 163  1740800
195 227  1740800
195 203  1740800
195 193  1740800
195 197  1740800
196 68  1740800
196 220  1740800
196 197  1740800
196 164  1740800
196 228  1740800
196 204  1740800
196 194  1740800
196 198  1740800
197 69  1740800
197 221  1740800
197 196  1740800
197 165  1740800
197 229  1740800
197 205  1740800
197 195  1740800
197 199  1740800
198 70  1740800
198 222  1740800
198 192  1740800
198 199  1740800
198 166  1740800
198 230  1740800
198 206  1740800
198 196  1740800
199 71  1740800
199 223  1740800
199 193  1740800
199 198  1740800
199 167  1740800
199 231  1740800
199 207  1740800
199 197  1740800
200 72  1740800
200 206  1740800
200 201  1740800
200 168  1740800
200 232  1740800
200 192  1740800
200 208  1740800
200 202  1740800
201 73  1740800
201 207  1740800
201 200  1740800
201 169  1740800
201 233  1740800
201 193  1740800
201 209  1740800
201 203  1740800
202 74  1740800
202 203  1740800
202 170  1740800
202 234  1740800
202 194  1740800
202 210  1740800
202 200  1740800
202 204  1740800
203 75  1740800
203 202  1740800
203 171  1740800
203 235  1740800
203 195  1740800
203 211  1740800
203 201  1740800
203 205  1740800
204 76  1740800
204 205  1740800
204 172  1740800
204 236  1740800
204 196  1740800
204 212  1740800
204 202  1740800
204 206  1740800
205 77  1740800
205 204  1740800
205 173  1740800
205 237  1740800
205 197  1740800
205 213  1740800
205 203  1740800
205 207  1740800
206 78  1740800
206 200  1740800
206 207  1740800
206 174  1740800
206 238  1740800
206 198  1740800
206 214  1740800
206 204  1740800
207 79  1740800
207 201  1740800
207 206  1740800
207 175  1740800
207 239  1740800
207 199  1740800
207 215  1740800
207 205  1740800
208 80  1740800
208 214  1740800
208 209  1740800
208 176  1740800
208 240  1740800
208 200  1740800
208 216  1740800
208 210  1740800
209 81  1740800
209 215  1740800
209 208  1740800
209 177  1740800
209 241  1740800
209 201  1740800
209 217  1740800
209 211  1740800
210 82  1740800
210 211  1740800
210 178  1740800
210 242  1740800
210 202  1740800
210 218  1740800
210 208  1740800
210 212  1740800
211 83  1740800
211 210  1740800
211 179  1740800
211 243  1740800
211 203  1740800
211 219  1740800
211 209  1740800
211 213  1740800
212 84  1740800
212 213  1740800
212 180  1740800
212 244  1740800
212 204  1740800
212 220  1740800
212 210  1740800
212 214  1740800
213 85  1740800
213 212  1740800
213 181  1740800
213 245  1740800
213 205  1740800
213 221  1740800
213 211  1740800
213 215  1740800
214 86  1740800
214 208  1740800
214 215  1740800
214 182  1740800
214 246  1740800
214 206  1740800
214 222  1740800
214 212  1740800
215 87  1740800
215 209  1740800
215 214  1740800
215 183  1740800
215 247  1740800
215 207  1740800
215 223  1740800
215 213  1740800
216 88  1740800
216 192  1740800
216 222  1740800
216 217  1740800
216 184  1740800
216 248  1740800
216 208  1740800
216 218  1740800
217 89  1740800
217 193  1740800
217 223  1740800
217 216  1740800
217 185  1740800
217 249  1740800
217 209  1740800
217 219  1740800
218 90  1740800
218 194  1740800
218 219  1740800
218 186  1740800
218 250  1740800
218 210  1740800
218 216  1740800
218 220  1740800
219 91  1740800
219 195  1740800
219 218  1740800
219 187  1740800
219 251  1740800
219 211  1740800
219 217  1740800
219 221  1740800
220 92  1740800
220 196  1740800
220 221  1740800
220 188  1740800
220 252  1740800
220 212  1740800
220 218  1740800
220 222  1740800
221 93  1740800
221 197  1740800
221 220  1740800
221 189  1740800
221 253  1740800
221 213  1740800
221 219  1740800
221 223  1740800
222 94  1740800
222 198  1740800
222 216  1740800
222 223  1740800
222 190  1740800
222 254  1740800
222 214  1740800
222 220  1740800
223 95  1740800
223 199  1740800
223 217  1740800
223 222  1740800
223 191  1740800
223 255  1740800
223 215  1740800
223 221  1740800
224 96  1740800
224 128  1740800
224 248  1740800
224 230  1740800
224 225  1740800
224 192  1740800
224 232  1740800
224 226  1740800
225 97  1740800
225 129  1740800
225 249  1740800
225 231  1740800
225 224  1740800
225 193  1740800
225 233  1740800
225 227  1740800
226 98  1740800
226 130  1740800
226 250  1740800
226 227  1740800
226 194  1740800
226 234  1740800
226 224  1740800
226 228  1740800
227 99  1740800
227 131  1740800
227 251  1740800
227 226  1740800
227 195  1740800
227 235  1740800
227 225  1740800
227 229  1740800
228 100  1740800
228 132  1740800
228 252  1740800
228 229  1740800
228 196  1740800
228 236  1740800
228 226  1740800
228 230  1740800
229 101  1740800
229 133  1740800
229 253  1740800
229 228  1740800
229 197  1740800
229 237  1740800
229 227  1740800
229 231  1740800
230 102  1740800
230 134  1740800
230 254  1740800
230 224  1740800
230 231  1740800
230 198  1740800
230 238  1740800
230 228  1740800
231 103  1740800
231 135  1740800
231 255  1740800
231 225  1740800
231 230  1740800
231 199  1740800
231 239  1740800
231 229  1740800
232 104  1740800
232 136  1740800
232 238  1740800
232 233  1740800
232 200  1740800
232 224  1740800
232 240  1740800
232 234  1740800
233 105  1740800
233 137  1740800
233 239  1740800
233 232  1740800
233 201  1740800
233 225  1740800
233 241  1740800
233 235  1740800
234 106  1740800
234 138  1740800
234 235  1740800
234 202  1740800
234 226  1740800
234 242  1740800
234 232  1740800
234 236  1740800
235 107  1740800
235 139  1740800
235 234  1740800
235 203  1740800
235 227  1740800
235 243  1740800
235 233  1740800
235 237  1740800
236 108  1740800
236 140  1740800
236 237  1740800
236 204  1740800
236 228  1740800
236 244  1740800
236 234  1740800
236 238  1740800
237 109  1740800
237 141  1740800
237 236  1740800
237 205  1740800
237 229  1740800
237 245  1740800
237 235  1740800
237 239  1740800
238 110  1740800
238 142  1740800
238 232  1740800
238 239  1740800
238 206  1740800
238 230  1740800
238 246  1740800
238 236  1740800
239 111  1740800
239 143  1740800
239 233  1740800
239 238  1740800
239 207  1740800
239 231  1740800
239 247  1740800
239 237  1740800
240 112  1740800
240 144  1740800
240 246  1740800
240 241  1740800
240 208  1740800
240 232  1740800
240 248  1740800
240 242  1740800
241 113  1740800
241 145  1740800
241 247  1740800
241 240  1740800
241 209  1740800
241 233  1740800
241 249  1740800
241 243  1740800
242 114  1740800
242 146  1740800
242 243  1740800
242 210  1740800
242 234  1740800
242 250  1740800
242 240  1740800
242 244  1740800
243 115  1740800
243 147  1740800
243 242  1740800
243 211  1740800
243 235  1740800
243 251  1740800
243 241  1740800
243 245  1740800
244 116  1740800
244 148  1740800
244 245  1740800
244 212  1740800
244 236  1740800
244 252  1740800
244 242  1740800
244 246  1740800
245 117  1740800
245 149  1740800
245 244  1740800
245 213  1740800
245 237  1740800
245 253  1740800
245 243  1740800
245 247  1740800
246 118  1740800
246 150  1740800
246 240  1740800
246 247  1740800
246 214  1740800
246 238  1740800
246 254  1740800
246 244  1740800
247 119  1740800
247 151  1740800
247 241  1740800
247 246  1740800
247 215  1740800
247 239  1740800
247 255  1740800
247 245  1740800
248 120  1740800
248 152  1740800
248 224  1740800
248 254  1740800
248 249  1740800
248 216  1740800
248 240  1740800
248 250  1740800
249 121  1740800
249 153  1740800
249 225  1740800
249 255  1740800
249 248  1740800
249 217  1740800
249 241  1740800
249 251  1740800
250 122  1740800
250 154  1740800
250 226  1740800
250 251  1740800
250 218  1740800
250 242  1740800
250 248  1740800
250 252  1740800
251 123  1740800
251 155  1740800
251 227  1740800
251 250  1740800
251 219  1740800
251 243  1740800
251 249  1740800
251 253  1740800
252 124  1740800
252 156  1740800
252 228  1740800
252 253  1740800
252 220  1740800
252 244  1740800
252 250  1740800
252 254  1740800
253 125  1740800
253 157  1740800
253 229  1740800
253 252  1740800
253 221  1740800
253 245  1740800
253 251  1740800
253 255  1740800
254 126  1740800
254 158  1740800
254 230  1740800
254 248  1740800
254 255  1740800
254 222  1740800
254 246  1740800
254 252  1740800
255 127  1740800
255 159  1740800
255 231  1740800
255 249  1740800
255 254  1740800
255 223  1740800
255 247  1740800
255 253  1740800
;

param: Jobs: Source Destination Demand :=
0 0 32     1024
1 0 96     1024
2 0 160     1024
3 0 224     1024
4 1 32     1024
5 1 96     1024
6 1 160     1024
7 1 224     1024
8 2 32     1024
9 2 96     1024
10 2 160     1024
11 2 224     1024
12 3 32     1024
13 3 96     1024
14 3 160     1024
15 3 224     1024
16 4 32     1024
17 4 96     1024
18 4 160     1024
19 4 224     1024
20 5 32     1024
21 5 96     1024
22 5 160     1024
23 5 224     1024
24 6 32     1024
25 6 96     1024
26 6 160     1024
27 6 224     1024
28 7 32     1024
29 7 96     1024
30 7 160     1024
31 7 224     1024
32 8 32     1024
33 8 96     1024
34 8 160     1024
35 8 224     1024
36 9 32     1024
37 9 96     1024
38 9 160     1024
39 9 224     1024
40 10 32     1024
41 10 96     1024
42 10 160     1024
43 10 224     1024
44 11 32     1024
45 11 96     1024
46 11 160     1024
47 11 224     1024
48 12 32     1024
49 12 96     1024
50 12 160     1024
51 12 224     1024
52 13 32     1024
53 13 96     1024
54 13 160     1024
55 13 224     1024
56 14 32     1024
57 14 96     1024
58 14 160     1024
59 14 224     1024
60 15 32     1024
61 15 96     1024
62 15 160     1024
63 15 224     1024
64 16 32     1024
65 16 96     1024
66 16 160     1024
67 16 224     1024
68 17 32     1024
69 17 96     1024
70 17 160     1024
71 17 224     1024
72 18 32     1024
73 18 96     1024
74 18 160     1024
75 18 224     1024
76 19 32     1024
77 19 96     1024
78 19 160     1024
79 19 224     1024
80 20 32     1024
81 20 96     1024
82 20 160     1024
83 20 224     1024
84 21 32     1024
85 21 96     1024
86 21 160     1024
87 21 224     1024
88 22 32     1024
89 22 96     1024
90 22 160     1024
91 22 224     1024
92 23 32     1024
93 23 96     1024
94 23 160     1024
95 23 224     1024
96 24 32     1024
97 24 96     1024
98 24 160     1024
99 24 224     1024
100 25 32     1024
101 25 96     1024
102 25 160     1024
103 25 224     1024
104 26 32     1024
105 26 96     1024
106 26 160     1024
107 26 224     1024
108 27 32     1024
109 27 96     1024
110 27 160     1024
111 27 224     1024
112 28 32     1024
113 28 96     1024
114 28 160     1024
115 28 224     1024
116 29 32     1024
117 29 96     1024
118 29 160     1024
119 29 224     1024
120 30 32     1024
121 30 96     1024
122 30 160     1024
123 30 224     1024
124 31 32     1024
125 31 96     1024
126 31 160     1024
127 31 224     1024
128 32 96     1024
129 32 160     1024
130 32 224     1024
131 33 32     1024
132 33 96     1024
133 33 160     1024
134 33 224     1024
135 34 32     1024
136 34 96     1024
137 34 160     1024
138 34 224     1024
139 35 32     1024
140 35 96     1024
141 35 160     1024
142 35 224     1024
143 36 32     1024
144 36 96     1024
145 36 160     1024
146 36 224     1024
147 37 32     1024
148 37 96     1024
149 37 160     1024
150 37 224     1024
151 38 32     1024
152 38 96     1024
153 38 160     1024
154 38 224     1024
155 39 32     1024
156 39 96     1024
157 39 160     1024
158 39 224     1024
159 40 32     1024
160 40 96     1024
161 40 160     1024
162 40 224     1024
163 41 32     1024
164 41 96     1024
165 41 160     1024
166 41 224     1024
167 42 32     1024
168 42 96     1024
169 42 160     1024
170 42 224     1024
171 43 32     1024
172 43 96     1024
173 43 160     1024
174 43 224     1024
175 44 32     1024
176 44 96     1024
177 44 160     1024
178 44 224     1024
179 45 32     1024
180 45 96     1024
181 45 160     1024
182 45 224     1024
183 46 32     1024
184 46 96     1024
185 46 160     1024
186 46 224     1024
187 47 32     1024
188 47 96     1024
189 47 160     1024
190 47 224     1024
191 48 32     1024
192 48 96     1024
193 48 160     1024
194 48 224     1024
195 49 32     1024
196 49 96     1024
197 49 160     1024
198 49 224     1024
199 50 32     1024
200 50 96     1024
201 50 160     1024
202 50 224     1024
203 51 32     1024
204 51 96     1024
205 51 160     1024
206 51 224     1024
207 52 32     1024
208 52 96     1024
209 52 160     1024
210 52 224     1024
211 53 32     1024
212 53 96     1024
213 53 160     1024
214 53 224     1024
215 54 32     1024
216 54 96     1024
217 54 160     1024
218 54 224     1024
219 55 32     1024
220 55 96     1024
221 55 160     1024
222 55 224     1024
223 56 32     1024
224 56 96     1024
225 56 160     1024
226 56 224     1024
227 57 32     1024
228 57 96     1024
229 57 160     1024
230 57 224     1024
231 58 32     1024
232 58 96     1024
233 58 160     1024
234 58 224     1024
235 59 32     1024
236 59 96     1024
237 59 160     1024
238 59 224     1024
239 60 32     1024
240 60 96     1024
241 60 160     1024
242 60 224     1024
243 61 32     1024
244 61 96     1024
245 61 160     1024
246 61 224     1024
247 62 32     1024
248 62 96     1024
249 62 160     1024
250 62 224     1024
251 63 32     1024
252 63 96     1024
253 63 160     1024
254 63 224     1024
255 64 32     1024
256 64 96     1024
257 64 160     1024
258 64 224     1024
259 65 32     1024
260 65 96     1024
261 65 160     1024
262 65 224     1024
263 66 32     1024
264 66 96     1024
265 66 160     1024
266 66 224     1024
267 67 32     1024
268 67 96     1024
269 67 160     1024
270 67 224     1024
271 68 32     1024
272 68 96     1024
273 68 160     1024
274 68 224     1024
275 69 32     1024
276 69 96     1024
277 69 160     1024
278 69 224     1024
279 70 32     1024
280 70 96     1024
281 70 160     1024
282 70 224     1024
283 71 32     1024
284 71 96     1024
285 71 160     1024
286 71 224     1024
287 72 32     1024
288 72 96     1024
289 72 160     1024
290 72 224     1024
291 73 32     1024
292 73 96     1024
293 73 160     1024
294 73 224     1024
295 74 32     1024
296 74 96     1024
297 74 160     1024
298 74 224     1024
299 75 32     1024
300 75 96     1024
301 75 160     1024
302 75 224     1024
303 76 32     1024
304 76 96     1024
305 76 160     1024
306 76 224     1024
307 77 32     1024
308 77 96     1024
309 77 160     1024
310 77 224     1024
311 78 32     1024
312 78 96     1024
313 78 160     1024
314 78 224     1024
315 79 32     1024
316 79 96     1024
317 79 160     1024
318 79 224     1024
319 80 32     1024
320 80 96     1024
321 80 160     1024
322 80 224     1024
323 81 32     1024
324 81 96     1024
325 81 160     1024
326 81 224     1024
327 82 32     1024
328 82 96     1024
329 82 160     1024
330 82 224     1024
331 83 32     1024
332 83 96     1024
333 83 160     1024
334 83 224     1024
335 84 32     1024
336 84 96     1024
337 84 160     1024
338 84 224     1024
339 85 32     1024
340 85 96     1024
341 85 160     1024
342 85 224     1024
343 86 32     1024
344 86 96     1024
345 86 160     1024
346 86 224     1024
347 87 32     1024
348 87 96     1024
349 87 160     1024
350 87 224     1024
351 88 32     1024
352 88 96     1024
353 88 160     1024
354 88 224     1024
355 89 32     1024
356 89 96     1024
357 89 160     1024
358 89 224     1024
359 90 32     1024
360 90 96     1024
361 90 160     1024
362 90 224     1024
363 91 32     1024
364 91 96     1024
365 91 160     1024
366 91 224     1024
367 92 32     1024
368 92 96     1024
369 92 160     1024
370 92 224     1024
371 93 32     1024
372 93 96     1024
373 93 160     1024
374 93 224     1024
375 94 32     1024
376 94 96     1024
377 94 160     1024
378 94 224     1024
379 95 32     1024
380 95 96     1024
381 95 160     1024
382 95 224     1024
383 96 32     1024
384 96 160     1024
385 96 224     1024
386 97 32     1024
387 97 96     1024
388 97 160     1024
389 97 224     1024
390 98 32     1024
391 98 96     1024
392 98 160     1024
393 98 224     1024
394 99 32     1024
395 99 96     1024
396 99 160     1024
397 99 224     1024
398 100 32     1024
399 100 96     1024
400 100 160     1024
401 100 224     1024
402 101 32     1024
403 101 96     1024
404 101 160     1024
405 101 224     1024
406 102 32     1024
407 102 96     1024
408 102 160     1024
409 102 224     1024
410 103 32     1024
411 103 96     1024
412 103 160     1024
413 103 224     1024
414 104 32     1024
415 104 96     1024
416 104 160     1024
417 104 224     1024
418 105 32     1024
419 105 96     1024
420 105 160     1024
421 105 224     1024
422 106 32     1024
423 106 96     1024
424 106 160     1024
425 106 224     1024
426 107 32     1024
427 107 96     1024
428 107 160     1024
429 107 224     1024
430 108 32     1024
431 108 96     1024
432 108 160     1024
433 108 224     1024
434 109 32     1024
435 109 96     1024
436 109 160     1024
437 109 224     1024
438 110 32     1024
439 110 96     1024
440 110 160     1024
441 110 224     1024
442 111 32     1024
443 111 96     1024
444 111 160     1024
445 111 224     1024
446 112 32     1024
447 112 96     1024
448 112 160     1024
449 112 224     1024
450 113 32     1024
451 113 96     1024
452 113 160     1024
453 113 224     1024
454 114 32     1024
455 114 96     1024
456 114 160     1024
457 114 224     1024
458 115 32     1024
459 115 96     1024
460 115 160     1024
461 115 224     1024
462 116 32     1024
463 116 96     1024
464 116 160     1024
465 116 224     1024
466 117 32     1024
467 117 96     1024
468 117 160     1024
469 117 224     1024
470 118 32     1024
471 118 96     1024
472 118 160     1024
473 118 224     1024
474 119 32     1024
475 119 96     1024
476 119 160     1024
477 119 224     1024
478 120 32     1024
479 120 96     1024
480 120 160     1024
481 120 224     1024
482 121 32     1024
483 121 96     1024
484 121 160     1024
485 121 224     1024
486 122 32     1024
487 122 96     1024
488 122 160     1024
489 122 224     1024
490 123 32     1024
491 123 96     1024
492 123 160     1024
493 123 224     1024
494 124 32     1024
495 124 96     1024
496 124 160     1024
497 124 224     1024
498 125 32     1024
499 125 96     1024
500 125 160     1024
501 125 224     1024
502 126 32     1024
503 126 96     1024
504 126 160     1024
505 126 224     1024
506 127 32     1024
507 127 96     1024
508 127 160     1024
509 127 224     1024
510 128 32     1024
511 128 96     1024
512 128 160     1024
513 128 224     1024
514 129 32     1024
515 129 96     1024
516 129 160     1024
517 129 224     1024
518 130 32     1024
519 130 96     1024
520 130 160     1024
521 130 224     1024
522 131 32     1024
523 131 96     1024
524 131 160     1024
525 131 224     1024
526 132 32     1024
527 132 96     1024
528 132 160     1024
529 132 224     1024
530 133 32     1024
531 133 96     1024
532 133 160     1024
533 133 224     1024
534 134 32     1024
535 134 96     1024
536 134 160     1024
537 134 224     1024
538 135 32     1024
539 135 96     1024
540 135 160     1024
541 135 224     1024
542 136 32     1024
543 136 96     1024
544 136 160     1024
545 136 224     1024
546 137 32     1024
547 137 96     1024
548 137 160     1024
549 137 224     1024
550 138 32     1024
551 138 96     1024
552 138 160     1024
553 138 224     1024
554 139 32     1024
555 139 96     1024
556 139 160     1024
557 139 224     1024
558 140 32     1024
559 140 96     1024
560 140 160     1024
561 140 224     1024
562 141 32     1024
563 141 96     1024
564 141 160     1024
565 141 224     1024
566 142 32     1024
567 142 96     1024
568 142 160     1024
569 142 224     1024
570 143 32     1024
571 143 96     1024
572 143 160     1024
573 143 224     1024
574 144 32     1024
575 144 96     1024
576 144 160     1024
577 144 224     1024
578 145 32     1024
579 145 96     1024
580 145 160     1024
581 145 224     1024
582 146 32     1024
583 146 96     1024
584 146 160     1024
585 146 224     1024
586 147 32     1024
587 147 96     1024
588 147 160     1024
589 147 224     1024
590 148 32     1024
591 148 96     1024
592 148 160     1024
593 148 224     1024
594 149 32     1024
595 149 96     1024
596 149 160     1024
597 149 224     1024
598 150 32     1024
599 150 96     1024
600 150 160     1024
601 150 224     1024
602 151 32     1024
603 151 96     1024
604 151 160     1024
605 151 224     1024
606 152 32     1024
607 152 96     1024
608 152 160     1024
609 152 224     1024
610 153 32     1024
611 153 96     1024
612 153 160     1024
613 153 224     1024
614 154 32     1024
615 154 96     1024
616 154 160     1024
617 154 224     1024
618 155 32     1024
619 155 96     1024
620 155 160     1024
621 155 224     1024
622 156 32     1024
623 156 96     1024
624 156 160     1024
625 156 224     1024
626 157 32     1024
627 157 96     1024
628 157 160     1024
629 157 224     1024
630 158 32     1024
631 158 96     1024
632 158 160     1024
633 158 224     1024
634 159 32     1024
635 159 96     1024
636 159 160     1024
637 159 224     1024
638 160 32     1024
639 160 96     1024
640 160 224     1024
641 161 32     1024
642 161 96     1024
643 161 160     1024
644 161 224     1024
645 162 32     1024
646 162 96     1024
647 162 160     1024
648 162 224     1024
649 163 32     1024
650 163 96     1024
651 163 160     1024
652 163 224     1024
653 164 32     1024
654 164 96     1024
655 164 160     1024
656 164 224     1024
657 165 32     1024
658 165 96     1024
659 165 160     1024
660 165 224     1024
661 166 32     1024
662 166 96     1024
663 166 160     1024
664 166 224     1024
665 167 32     1024
666 167 96     1024
667 167 160     1024
668 167 224     1024
669 168 32     1024
670 168 96     1024
671 168 160     1024
672 168 224     1024
673 169 32     1024
674 169 96     1024
675 169 160     1024
676 169 224     1024
677 170 32     1024
678 170 96     1024
679 170 160     1024
680 170 224     1024
681 171 32     1024
682 171 96     1024
683 171 160     1024
684 171 224     1024
685 172 32     1024
686 172 96     1024
687 172 160     1024
688 172 224     1024
689 173 32     1024
690 173 96     1024
691 173 160     1024
692 173 224     1024
693 174 32     1024
694 174 96     1024
695 174 160     1024
696 174 224     1024
697 175 32     1024
698 175 96     1024
699 175 160     1024
700 175 224     1024
701 176 32     1024
702 176 96     1024
703 176 160     1024
704 176 224     1024
705 177 32     1024
706 177 96     1024
707 177 160     1024
708 177 224     1024
709 178 32     1024
710 178 96     1024
711 178 160     1024
712 178 224     1024
713 179 32     1024
714 179 96     1024
715 179 160     1024
716 179 224     1024
717 180 32     1024
718 180 96     1024
719 180 160     1024
720 180 224     1024
721 181 32     1024
722 181 96     1024
723 181 160     1024
724 181 224     1024
725 182 32     1024
726 182 96     1024
727 182 160     1024
728 182 224     1024
729 183 32     1024
730 183 96     1024
731 183 160     1024
732 183 224     1024
733 184 32     1024
734 184 96     1024
735 184 160     1024
736 184 224     1024
737 185 32     1024
738 185 96     1024
739 185 160     1024
740 185 224     1024
741 186 32     1024
742 186 96     1024
743 186 160     1024
744 186 224     1024
745 187 32     1024
746 187 96     1024
747 187 160     1024
748 187 224     1024
749 188 32     1024
750 188 96     1024
751 188 160     1024
752 188 224     1024
753 189 32     1024
754 189 96     1024
755 189 160     1024
756 189 224     1024
757 190 32     1024
758 190 96     1024
759 190 160     1024
760 190 224     1024
761 191 32     1024
762 191 96     1024
763 191 160     1024
764 191 224     1024
765 192 32     1024
766 192 96     1024
767 192 160     1024
768 192 224     1024
769 193 32     1024
770 193 96     1024
771 193 160     1024
772 193 224     1024
773 194 32     1024
774 194 96     1024
775 194 160     1024
776 194 224     1024
777 195 32     1024
778 195 96     1024
779 195 160     1024
780 195 224     1024
781 196 32     1024
782 196 96     1024
783 196 160     1024
784 196 224     1024
785 197 32     1024
786 197 96     1024
787 197 160     1024
788 197 224     1024
789 198 32     1024
790 198 96     1024
791 198 160     1024
792 198 224     1024
793 199 32     1024
794 199 96     1024
795 199 160     1024
796 199 224     1024
797 200 32     1024
798 200 96     1024
799 200 160     1024
800 200 224     1024
801 201 32     1024
802 201 96     1024
803 201 160     1024
804 201 224     1024
805 202 32     1024
806 202 96     1024
807 202 160     1024
808 202 224     1024
809 203 32     1024
810 203 96     1024
811 203 160     1024
812 203 224     1024
813 204 32     1024
814 204 96     1024
815 204 160     1024
816 204 224     1024
817 205 32     1024
818 205 96     1024
819 205 160     1024
820 205 224     1024
821 206 32     1024
822 206 96     1024
823 206 160     1024
824 206 224     1024
825 207 32     1024
826 207 96     1024
827 207 160     1024
828 207 224     1024
829 208 32     1024
830 208 96     1024
831 208 160     1024
832 208 224     1024
833 209 32     1024
834 209 96     1024
835 209 160     1024
836 209 224     1024
837 210 32     1024
838 210 96     1024
839 210 160     1024
840 210 224     1024
841 211 32     1024
842 211 96     1024
843 211 160     1024
844 211 224     1024
845 212 32     1024
846 212 96     1024
847 212 160     1024
848 212 224     1024
849 213 32     1024
850 213 96     1024
851 213 160     1024
852 213 224     1024
853 214 32     1024
854 214 96     1024
855 214 160     1024
856 214 224     1024
857 215 32     1024
858 215 96     1024
859 215 160     1024
860 215 224     1024
861 216 32     1024
862 216 96     1024
863 216 160     1024
864 216 224     1024
865 217 32     1024
866 217 96     1024
867 217 160     1024
868 217 224     1024
869 218 32     1024
870 218 96     1024
871 218 160     1024
872 218 224     1024
873 219 32     1024
874 219 96     1024
875 219 160     1024
876 219 224     1024
877 220 32     1024
878 220 96     1024
879 220 160     1024
880 220 224     1024
881 221 32     1024
882 221 96     1024
883 221 160     1024
884 221 224     1024
885 222 32     1024
886 222 96     1024
887 222 160     1024
888 222 224     1024
889 223 32     1024
890 223 96     1024
891 223 160     1024
892 223 224     1024
893 224 32     1024
894 224 96     1024
895 224 160     1024
896 225 32     1024
897 225 96     1024
898 225 160     1024
899 225 224     1024
900 226 32     1024
901 226 96     1024
902 226 160     1024
903 226 224     1024
904 227 32     1024
905 227 96     1024
906 227 160     1024
907 227 224     1024
908 228 32     1024
909 228 96     1024
910 228 160     1024
911 228 224     1024
912 229 32     1024
913 229 96     1024
914 229 160     1024
915 229 224     1024
916 230 32     1024
917 230 96     1024
918 230 160     1024
919 230 224     1024
920 231 32     1024
921 231 96     1024
922 231 160     1024
923 231 224     1024
924 232 32     1024
925 232 96     1024
926 232 160     1024
927 232 224     1024
928 233 32     1024
929 233 96     1024
930 233 160     1024
931 233 224     1024
932 234 32     1024
933 234 96     1024
934 234 160     1024
935 234 224     1024
936 235 32     1024
937 235 96     1024
938 235 160     1024
939 235 224     1024
940 236 32     1024
941 236 96     1024
942 236 160     1024
943 236 224     1024
944 237 32     1024
945 237 96     1024
946 237 160     1024
947 237 224     1024
948 238 32     1024
949 238 96     1024
950 238 160     1024
951 238 224     1024
952 239 32     1024
953 239 96     1024
954 239 160     1024
955 239 224     1024
956 240 32     1024
957 240 96     1024
958 240 160     1024
959 240 224     1024
960 241 32     1024
961 241 96     1024
962 241 160     1024
963 241 224     1024
964 242 32     1024
965 242 96     1024
966 242 160     1024
967 242 224     1024
968 243 32     1024
969 243 96     1024
970 243 160     1024
971 243 224     1024
972 244 32     1024
973 244 96     1024
974 244 160     1024
975 244 224     1024
976 245 32     1024
977 245 96     1024
978 245 160     1024
979 245 224     1024
980 246 32     1024
981 246 96     1024
982 246 160     1024
983 246 224     1024
984 247 32     1024
985 247 96     1024
986 247 160     1024
987 247 224     1024
988 248 32     1024
989 248 96     1024
990 248 160     1024
991 248 224     1024
992 249 32     1024
993 249 96     1024
994 249 160     1024
995 249 224     1024
996 250 32     1024
997 250 96     1024
998 250 160     1024
999 250 224     1024
1000 251 32     1024
1001 251 96     1024
1002 251 160     1024
1003 251 224     1024
1004 252 32     1024
1005 252 96     1024
1006 252 160     1024
1007 252 224     1024
1008 253 32     1024
1009 253 96     1024
1010 253 160     1024
1011 253 224     1024
1012 254 32     1024
1013 254 96     1024
1014 254 160     1024
1015 254 224     1024
1016 255 32     1024
1017 255 96     1024
1018 255 160     1024
1019 255 224     1024
;

