SNOPT 6.1-1: Optimal solution found.
14453 iterations, objective 2
_ampl_elapsed_time = 0.51096

_total_solve_elapsed_time = 45.0976

J 0 0 224     2048
   0  128     2048
   0   24      442
   0   32     1606
  16  144      442
  24   16      442
  32   64     1606
  64  192     1606
 128  224     2048
 144  240      442
 192  224     1606
 198  230      415
 225  224      442
 230  198      415
 240  242      442
 242  250      442
 249  225      442
 250  251      442
 251  249      442

J 1 0 225     2048
   0   96      588
   0    1     2048
   0   32      442
   0    8      957
   0    2       61
   1  129     2048
   2    3       61
   3   35       61
   8   40      957
  32   64      442
  35   37       61
  37   69       61
  40   72      957
  64  192      442
  69  197       61
  72  200      957
  96  224      588
 129  225     2048
 192  193      442
 193  225      442
 197  229       61
 200  232      957
 224  225      588
 225  231      352
 226  250      957
 229  231       61
 231  225      413
 232  234      957
 233  225      957
 234  226      957
 240  241      957
 241  233      957
 248  240      957
 250  248      957

J 2 1 226     2048
   0    8      275
   0    2     1424
   1   97     1621
   1    0     1699
   1    9      776
   2   34     1424
   3  131      142
   8  104      697
   9  137      212
   9    8      422
   9   11      142
  11    3      142
  34   66     1424
  66  194     1424
  96  224      857
  97  225      764
  97   96      857
 104  232      697
 130  226      142
 131  130      142
 137  139      212
 139  235      212
 194  226     1424
 224  226     1621
 225  224      764
 227  226      212
 232  234      697
 234  226      697
 235  227      212

J 3 1 227     2048
   1   25     1221
   1   33     1215
   1    3     1660
   3  131       99
   3   35     1560
  25  121     1221
  33   65     1215
  35   67     1560
  65   97     1215
  67  195     1560
  97  225     1215
 121  249     1221
 131  227       99
 195  227     1560
 225  227     1215
 226  227     1551
 227  226     1551
 249  251     1221
 251  227     1221

J 4 2 228     2048
   0    6       50
   1   33       50
   2  130     1850
   2   98       65
   2   26     1664
   2    3      338
   2   34       22
   2   10      108
   2    0       49
   3   35      338
   6    7       50
   7    1       50
   8    0        1
   9  105      107
   9    8        1
  10   11      108
  11    9      108
  26  122     1664
  33   65       50
  34   66       87
  35   67      338
  65  193       50
  66  194       87
  66   34       65
  67  195      338
  98   66       65
 100  228      182
 105  233      107
 122  250     1664
 130  226     1850
 192  224       50
 193  192       50
 194  196       87
 195  227      338
 196  228       87
 224  226       50
 226  228     1900
 227  251      338
 228  100      182
 229  228      338
 232  238      107
 233  232      107
 236  228      107
 238  236      107
 250  252     1664
 251  253      338
 252  228     1664
 253  229      338

J 5 2 229     2048
   0    8      692
   2  130      198
   2   98     1224
   2    3     1649
   2    0      692
   2    4      333
   3   99     1649
   4   12      333
   8   40      692
  12   44      333
  40   46      692
  44   76      333
  46   78      692
  76  204      333
  78  206      692
  98  226     1224
  99  227     1649
 130  131      198
 131  133      198
 133  229      198
 204  236      333
 206  238      692
 224  230     1038
 225  231       38
 226  250       38
 226  224     1038
 226  228      148
 227  229     1649
 228  229     1519
 229  253       70
 230  228     1038
 231  229       38
 236  228      333
 237  229      692
 238  239      692
 239  237      692
 248  249       38
 249  225       38
 250  248       38
 253  229       70

J 6 3 230     2048
   0    6      802
   2    0      802
   3  131     1807
   3   27       73
   3    2      802
   3   11      265
   3    5     1149
   5   37     1149
   6   38      802
   8   40       18
   9    8       18
  11  139      142
  11    9       18
  11   13      105
  13   45      105
  27  123       73
  37   69     1149
  38   70      802
  40   72       18
  45   77      105
  69  197     1149
  70  198      802
  72  200       18
  77  205      105
 122  250       73
 123  122       73
 131  227     1949
 139  131      142
 197  229     1149
 198  230      802
 200  208       18
 205  237      105
 208  240       18
 224  230      879
 225  231     1219
 225  224      660
 227  251       69
 227  225     1879
 228  230     1034
 229  228     1034
 229  237      115
 231  230     1219
 232  224      220
 234  232      220
 235  234      220
 237  235      220
 240  241       91
 241  247       91
 242  240       73
 247  255       91
 248  254      161
 249  248      161
 250  242       73
 251  253       69
 253  255       69
 254  230      161
 255  249      161

J 7 3 231     2048
   1    7     1644
   1   33       65
   1    9      339
   2    4      457
   3   27      148
   3    2      457
   3   11      544
   3    1     2048
   3    5      899
   4    6      457
   5  133      899
   6    7       42
   6   38      415
   7  135     1686
   8   14      544
   9   15      339
  10    8      544
  11   10      544
  12   44      114
  14   15      430
  14   12      114
  15  111      769
  27   29      148
  29   61      148
  33   35       65
  35   67       65
  38   70      415
  44   76      114
  61   93      148
  67  195       65
  70  198      415
  76  204      114
  93  221      148
  98  226       65
 100   98       65
 103  231      769
 111  103      769
 133  229      899
 135  231     1686
 195  227       65
 198  199      415
 199  231      415
 204  236      114
 221  253      148
 226  227       65
 227  229      130
 228  100       65
 228  236       48
 228  230       35
 229  231     1028
 230  231       35
 236  237      162
 237  239      162
 239  231      162
 252  228      148
 253  252      148

J 8 4 232     2048
   2   98      759
   4  132     1768
   4    5      429
   4   36      290
   4   12      849
   4    2      759
   5   37      429
  12   13      849
  13   45      849
  36   60      290
  37   69      429
  45   77      849
  60   92      290
  69  197      429
  77  205      849
  92  220      290
  98  226      759
 132  228     1768
 197  229      429
 205  237      849
 220  252      290
 224  232      934
 226  234     1828
 228  226     1069
 228  230      934
 229  231      429
 230  224      934
 231  239      429
 233  232      476
 234  232     1828
 236  238      857
 237  236      857
 238  232      857
 239  233      476
 239  237        8
 246  247       55
 247  239       55
 248  254       55
 250  248       55
 252  228      236
 252  250       55
 254  246       55

J 9 4 233     2048
   0   96       68
   1    9      202
   2   34      537
   2   10       48
   4  100     1172
   4   28      710
   4    5      551
   4   12      808
   4    2      585
   4    6      271
   5   13      551
   6    0       68
   6    7      202
   7    1      202
   9   41     1491
  10   42       48
  11  139       70
  11    9      481
  12   14      808
  13   11      551
  14   15      808
  15    9      808
  28  124      710
  34   66      537
  41   73     1491
  42   43       48
  43   51       48
  51   83       48
  66  194      537
  73  201     1491
  83  211       48
  96   97       68
  97  225       68
 100  228      529
 100  108      643
 108  236      643
 124  252      710
 137  233       70
 139  137       70
 194  226      537
 201  233     1491
 211  243       48
 224  225      537
 225  233     1432
 226  224      537
 228  229      529
 229  231      529
 230  231      298
 231  225      827
 235  233      296
 236  237      248
 236  238      446
 237  235      248
 238  239      446
 239  233      446
 241  233      361
 243  235       48
 244  236       52
 249  241      361
 249  251      827
 251  249     1188
 252  253      361
 252  244       52
 252  254      298
 253  251      361
 254  230      298

J 10 5 234     2048
   0    6       73
   1    0       73
   2   10     1330
   3    2      626
   3   11     1239
   4    2      704
   5  101      220
   5   29      637
   5    4      290
   5   13      421
   5    3     1864
   5    7      664
   6   14      250
   6    4      413
   7    1       73
   7    6      590
   8   10      671
  10   42     2000
  11  107     1239
  13   15      421
  14    8      671
  15   14      421
  29  157      637
  42   74     2000
  74  202     2000
 101  229      220
 107  235     1239
 157  253      637
 202  234     2000
 224  232       98
 225  224       98
 229  237      220
 231  225       98
 232  234      237
 235  234     1239
 236  234      620
 237  236      620
 238  232      138
 240  246      138
 245  237      401
 246  238      138
 247  245      401
 248  240      138
 249  248      138
 253  255      637
 255  231       98
 255  249      138
 255  247      401

J 11 5 235     2048
   0    8       98
   1    9      351
   2    0       98
   3    2       98
   4   36      200
   5  101     1828
   5   29       13
   5    4      200
   5   37      470
   5   13     1077
   5    3       98
   5    7      410
   7    1      351
   7   15       59
   8   40      157
   9   41      351
  13  109      681
  13   45      395
  14    8       59
  15   14       59
  25  121      483
  29   31      483
  31   25      483
  36   68      200
  37   61      470
  40   72      157
  41   73      351
  43  171      395
  45   43      395
  61   29      470
  68  196      200
  72  200      157
  73  201      351
  97  105      483
 101  229     1828
 105  233      483
 107  235       51
 109  237      681
 121   97      483
 171  203      395
 196  228      200
 200  232      157
 201  203      351
 203  235      747
 227  235     1811
 228  236      200
 229  253       17
 229  227     1811
 232  234      157
 233  235      500
 234  235      157
 235  107       51
 236  237      200
 237  235      881
 239  233       17
 245  247       17
 247  239       17
 253  245       17

J 12 6 236     2048
   0    8       25
   0    2      508
   2   10      508
   4  100      876
   6  134     2048
   6    0      533
   6   14      639
   6    4      876
   8   10      664
  10  106     1172
  14    8      639
 100  228      876
 106  234     1172
 134  230     2048
 140  236      675
 224  225      123
 225  227      123
 227  235      123
 228  236      876
 230  224      123
 230  238     1925
 234  236     1295
 235  234      123
 236  140      675
 238  236     1925

J 13 6 237     2048
   3   35       85
   4   28      231
   4    5      469
   5  133      874
   5    3       85
   6  102     1799
   6   30      275
   6    7      490
   6   38      831
   6    4      700
   7    5      490
  28  124     1338
  30   28     1106
  35   67       85
  38   62      831
  62   30      831
  67  195       85
 102  230     1799
 109  237     1367
 124  252     1338
 133  141      874
 141  237      874
 195  227       85
 227  229       85
 228  236      179
 229  237     1714
 230  231     1620
 230  228      179
 231  229     1620
 236  237      179
 237  109     1367
 237  229        8
 244  245     1338
 245  237     1338
 252  244     1338

J 14 7 238     2048
   1   25      344
   4   36     1558
   5    4     1558
   6  102      123
   6   14     1159
   7  103      867
   7    1      344
   7    6     1283
   7   15       44
   7    5     1558
   9  137       44
  11    9       44
  13   11       44
  14  142     1159
  15   13       44
  25  121      344
  36   68     1558
  68  196     1558
 102  230      123
 103  111      867
 111  239      867
 121  249      344
 137  233       44
 142  238     1159
 196  228     1558
 225  231      344
 228  252      813
 228  236      745
 230  238      123
 231  239      344
 233  239      169
 235  233      124
 236  238      745
 239  238     1380
 240  246      688
 242  240      688
 243  235      124
 245  243      124
 246  238      688
 249  225      344
 250  242      688
 252  253      124
 252  250      688
 253  245      124

J 15 7 239     2048
   7  103     1181
   7   31      686
   7   39      383
   7   15     1847
  15   47     1847
  31  159      686
  39   71      383
  47   79     1847
  71  199      383
  79  207     1847
 103  231     1279
 143  239      206
 159  255      686
 199  207      383
 201  233      351
 207  201      351
 207  239     1879
 231  103       98
 231  239     1181
 233  239      351
 239  143      206
 247  239      686
 255  247      686

J 16 8 240     2048
   3   99      100
   4  132      280
   8  136     1679
   8  104      686
   8   14     1490
   8   16       12
   8   10      230
  10   11      230
  11    3      100
  11   13      130
  12    4      280
  13   15      130
  14   22     1210
  14   12      280
  15  111      130
  16  112       73
  22  118     1210
  99  227      100
 104  232      686
 111  119      130
 112  240       12
 112   16       61
 118  246     1210
 119  247      130
 132  156      280
 136  232     1679
 156  252      280
 227  235      100
 230  254      317
 232  238      317
 232  240     2048
 233  241      100
 235  233      100
 238  230      317
 241  240      230
 246  240     1526
 247  255      130
 248  240      280
 249  241      130
 250  248      280
 252  250      280
 254  246      317
 255  249      130

J 17 8 241     2048
   0    6      939
   3   99       14
   6    7      939
   7   39      939
   8  104      665
   8   14       14
   8    9     2048
   8    0      939
   8   16      430
   9  137     1423
   9   17      625
  11    3       14
  13   11       14
  14   15       14
  15   13       14
  16   17      430
  17  113     1055
  39   71      939
  71  199      939
  96  224      604
  99  227       14
 104   96      604
 104  112       61
 112  240       61
 113  241     1055
 137  145     1423
 145  241     1423
 199  231      939
 224  248      604
 227  235       14
 230  254       14
 231  255      939
 235  237       14
 237  239       14
 238  230       14
 239  238       14
 240  241       61
 248  249      618
 249  241     1557
 254  248       14
 255  249      939

J 18 9 242     2048
   0   24      275
   1    0      275
   8   16     1606
   9  105       95
   9    8     1606
   9    1      275
   9   17      993
   9   11     1126
  11   19     1126
  16  112     1606
  17  113      993
  19   51     1126
  22  118      275
  24   30      275
  30   22      275
  51   83     1126
  83  211     1126
 105  233       95
 112  240     1606
 113  241      993
 114  242      260
 118  246      275
 211  243     1126
 225  231       95
 231  255       95
 233  225       95
 240  242     1606
 241  249      486
 241  243      507
 242  114      260
 243  242     1633
 244  242      857
 246  244      857
 249  255      486
 254  246      581
 255  254      581

J 19 9 243     2048
   1    3      388
   3   27      388
   5   29      260
   9  137      369
   9  105     1363
   9   15     1435
   9    1      388
   9   11      541
  11   43       51
  11   19      490
  13    5      260
  15  143     1175
  15   13      260
  19  147      490
  27   59      388
  29   61      260
  43   75       51
  59   91      388
  61   93      260
  75  203       51
  91  219      388
  93  221      260
 105  233     1363
 136  232      369
 137  136      369
 143  239     1175
 147  243      490
 203  211       51
 211  243      439
 219  211      388
 221  253      260
 224  226      377
 226  250      377
 232  224      377
 233  232        8
 233  241     1355
 239  247     1175
 241  243     1355
 245  243     1435
 247  245     1175
 250  251      377
 251  243      377
 253  245      260

J 20 10 244     2048
   2   26      384
   2    4      659
   4   28      659
  10  106      182
  10    2     1042
  10   18     2013
  10   12      859
  12  140      859
  18  114     1737
  18   20      660
  20  116      660
  26   18      384
  28  156      659
 104  232      182
 106  104      182
 114  242     1737
 116  244      660
 140  236      859
 156  252      659
 232  238      182
 236  244      859
 238  246      182
 242  244     1743
 244  242        6
 246  244      182
 252  244      659

J 21 10 245     2048
   0    6      126
   2    0      126
   2    4      599
   4    5      599
   5   29      599
   6  102      126
  10  138     1970
  10   11     1367
  10    2      725
  10   18       35
  11   13     1367
  13  109     1367
  18   20       35
  20  148       35
  29  157      599
 102  230      126
 109  117     1367
 117  245     1367
 138  234     1970
 148  244       35
 157  253      599
 226  227      263
 227  251      263
 230  254      592
 231  255      268
 231  230      466
 233  239      749
 234  235     1707
 234  226      263
 235  233      749
 235  237      958
 237  245      958
 238  246       15
 239  238       15
 239  231      734
 240  246       91
 240  241      173
 241  247      173
 242  240      263
 244  252      732
 246  244      697
 247  245      440
 250  242      263
 251  250      263
 252  253      732
 253  245     1331
 254  246      592
 255  247      268

J 22 11 246     2048
   1   33      718
   2   34       65
   3    2       65
   9    1      718
  10  106      130
  10   12     1135
  11  107       51
  11   10     1265
  11   43     1997
  11    3       65
  11    9      718
  12   20     1135
  19  115     1997
  20  116     1135
  32   33       65
  33   65      783
  34   32       65
  43   51     1997
  51   19     1997
  65  193      783
 106  234      130
 107  115       51
 115  243     2048
 116  244     1135
 193  225      783
 224  230      130
 225  249      167
 225  233      616
 226  224      130
 230  254       36
 230  231       94
 231  239       94
 232  238      616
 233  232      616
 234  226      130
 238  246      616
 239  247       94
 240  246      418
 242  240      110
 242  244      305
 243  242      415
 243  251      141
 243  245     1493
 244  246     1440
 245  247     1493
 247  246     1587
 248  240      308
 249  255      167
 250  248      308
 251  250      308
 253  251      167
 254  246       36
 255  253      167

J 23 11 247     2048
   1    7      404
   3   35        3
   5    7      388
   7   39      694
   7   15       98
   9   15      274
   9    1      404
  11  139     1836
  11  107      759
  11    3        3
  11   19      432
  11    9      678
  11   13      388
  13    5      388
  15  143      372
  19   51      432
  35   43        3
  39   71      694
  43   51        3
  51   83      435
  71  199      694
  83  211      435
 107  235      759
 119  247      555
 139  235     1836
 143  151      372
 151  247      372
 199  231      694
 211  243      435
 231  255      694
 233  239      779
 234  242      467
 235  234      467
 235  243     1349
 235  233      779
 239  247      779
 240  248      467
 241  247     1784
 242  240      467
 243  241     1784
 246  247      467
 247  119      555
 248  254      467
 254  246      467
 255  247      694

J 24 12 248     2048
   0   24     1210
   1   97      427
   2    0      160
   4    6      104
   6    7      104
   7    1      427
   8   40       85
   8    0     1050
  10    2      160
  10    8     1135
  12  140      316
  12  108     1172
  12   13      198
  12    4      104
  12   20      660
  12   10     1295
  12   14      351
  13  141      198
  14   15      351
  15  143       28
  15    7      323
  18  114      311
  20   18      311
  20   22      349
  22  150      349
  24  120      656
  24   56      554
  40   72       85
  56   88      554
  72  200       85
  88  216      554
  97  121      427
 106  234      182
 108  106      182
 108  110      991
 110  238      991
 114  122      311
 120  248      656
 121  249      427
 122  250      311
 140  236      514
 141  140      198
 143  239       28
 150  246      349
 200  232       85
 216  248      554
 224  248     1075
 225  249      169
 226  227      169
 226  234       77
 227  225      169
 228  226      246
 230  224      991
 232  224       85
 233  241      196
 234  242      259
 236  237      268
 236  228      246
 237  245      100
 237  239      168
 238  230      991
 239  233      196
 240  248      282
 241  249      523
 242  243      259
 243  241      259
 244  252      100
 245  244      100
 246  240      282
 246  247       67
 247  241       67
 249  248     1119
 250  248      410
 252  250      100

J 25 12 249     2048
   0   96     1392
   4    6     1217
   5    7      207
   6    0     1392
   7    6      175
   7   39       32
   8  136      369
   9   17       51
  10    8      369
  12  108      461
  12   13      463
  12   44      697
  12    4     1217
  12   10      369
  12   14      889
  13  141      205
  13    5      207
  13   15       51
  14  142      889
  15    9       51
  16  112      369
  17   19       51
  19  115       51
  39   71       32
  44   76      697
  71   79       32
  76  204      697
  79  207       32
  96  120     1392
 100  228      461
 108  100      461
 112  240      369
 114  242       51
 115  114       51
 120  248     1392
 121  249       56
 128  152      145
 136  144      369
 141  237      205
 142  238      889
 144   16      369
 152  153      145
 153  249      145
 204  236      697
 207  215       32
 215  247       32
 224  128      145
 224  225      800
 225  249      800
 226  224       57
 228  252      404
 228  226       57
 229  253      153
 231  255       52
 231  229      153
 232  224      889
 236  244      697
 237  239      205
 238  232      889
 239  231      205
 240  241      660
 241  249      660
 242  240       51
 244  245      457
 244  246      240
 245  253      489
 246  240      240
 247  245       32
 248  249     1392
 249  121       56
 250  251      419
 251  249      419
 252  250      419
 253  252       14
 253  255      628
 255  249      680

J 26 13 250     2048
   1    9      379
   3   27     1439
   5    7      379
   7    1      379
   9   17      379
  11    3     1439
  12   44      903
  13  141      676
  13   12      903
  13   45      699
  13    5      379
  13   11     1439
  17  145      379
  26  122      384
  27  155     1439
  44   76      903
  45   77      699
  76  204      903
  77  205      699
 122   26      384
 133  229      676
 141  133      676
 145  241      379
 154  250     2048
 155  154     1439
 204  236      903
 205  237      699
 226  250      676
 228  226      676
 229  228      676
 234  242      903
 235  243      699
 236  234      903
 237  235      699
 241  249      379
 242  250      903
 243  251      699
 248  250      379
 249  248      379
 250  154      609
 251  250      699

J 27 13 251     2048
   0    2       54
   2   10       54
   6    0       54
   9   41      205
  10   12       54
  12  140      873
  13  141      969
  13   12      819
  13   21     2048
  13   15      260
  14    6       54
  15    9      205
  15   14       54
  21  117      538
  21   29     1510
  29  125     1510
  41   73      205
  73  201      205
 117  245      538
 125  253     1510
 140  148      873
 141  237      969
 148  244      873
 201  233      205
 225  227      710
 227  251     1378
 229  227      237
 231  225      710
 231  229      237
 232  233      226
 233  235      431
 234  242       23
 235  227      431
 236  234       23
 237  236       23
 237  239      946
 239  231      946
 240  232      226
 241  240      226
 242  243     1209
 243  251     1209
 244  242     1186
 245  247      538
 246  244      312
 247  241      226
 247  246      312
 253  251     1510

J 28 14 252     2048
   0   24      121
   2    0      121
   3   99      285
   4   28      447
   5   29      538
   6   30     1773
   8   10      484
  10  138       78
  10   11      285
  10    2      121
  11    3      285
  12  108      415
  12   13      538
  12    4      447
  13    5      538
  14  110      164
  14    8      484
  14    6     1773
  14   22      275
  14   12     1400
  22   30      275
  24  152      121
  28   60      447
  29  125      538
  30  126     2048
  60   92      447
  92  220      447
  99  227      285
 108  236      415
 110  238      164
 125  253      538
 126  254     2048
 138  234       78
 152  248      121
 220  252      447
 224  248      369
 225  224       84
 226  224      285
 227  226      285
 232  233      164
 233  225       84
 233  241       81
 234  236       78
 236  244      492
 238  232      164
 240  241      106
 241  243      187
 243  245      187
 244  252      679
 245  244      187
 248  240      106
 248  250      384
 250  252      384
 253  252      538
 254  252     2048

J 29 14 253     2048
   1   25      221
   5  133      275
   6    7      221
   7    1      221
   8   40      138
  12   20      253
  13    5      275
  14  110      991
  14    8      138
  14   15      445
  14   46     2048
  14    6      221
  14   12      253
  15   47      169
  15   13      275
  20  116      253
  25  153      221
  38   70      831
  40   46      138
  46   78     1356
  46   38      831
  47   79      169
  70  198      831
  78  206     1356
  79  207      169
 108  236      991
 110  108      991
 116  244      253
 133  229      275
 153  249      221
 198  230      831
 206  238     1356
 207  239      169
 225  249      912
 228  252      831
 229  253      275
 230  228      831
 233  225      912
 236  237      991
 237  245      991
 238  239      743
 238  246      613
 239  233      912
 244  245      253
 245  253     1559
 246  247      613
 247  255      613
 249  255     1133
 251  253       10
 252  253      831
 253  245      315
 253  251       10
 255  253     1746

J 30 15 254     2048
   1   25      262
   7  135      362
   9    1      262
  14  110      893
  14   22      563
  15  111     1149
  15    9      262
  15   14     1456
  15   47       32
  15    7      362
  15   23      835
  22  118      563
  23  119      835
  23   31      686
  25  153      262
  31  127      686
  47   79       32
  79  111       32
 110  238      893
 111  239     1181
 118  246      563
 119  247      149
 119   23      686
 127  255      686
 135  231      362
 153  249      262
 229  253     1348
 230  254     1089
 231  230      362
 237  229     1348
 238  239      167
 238  230      726
 239  237     1348
 246  254      712
 247  246      149
 249  255      262
 252  254     1348
 253  252     1348
 255  254      948

J 31 15 255     2048
   7   31     1362
   9  105      483
   9   11      239
  10  106      564
  11   10      239
  12   10      326
  13   12      326
  15  143      473
  15    9      722
  15    7     1362
  15   23     1213
  15   13      326
  23  119     1213
  31  127     1362
 104  232      483
 105  104      483
 106  234      564
 119  247     1213
 127  255     1362
 137  143      166
 143  239      639
 227  229      184
 229  253      184
 232  233      483
 233  137      166
 233  241      317
 234  235      184
 234  242      396
 235  227      184
 236  234       16
 238  246      623
 238  236       16
 239  238      639
 240  246      713
 241  240      317
 242  240      396
 246  254     1336
 247  255     1213
 253  255      184
 254  255     1336

