SNOPT 6.1-1: Optimal solution found.
893 iterations, objective 3
_ampl_elapsed_time = 0.277375

_total_solve_elapsed_time = 1.6118

J 0 0 224     2048
   0  128     2048
   0   96     2048
   0   32     2048
  32   64     2048
  64  192     2048
  96  224     2048
 128  224     2048
 192  224     2048

J 1 1 225     2048
   1  129     2048
   1   97     2048
   1   33     2048
  33   65     2048
  65  193     2048
  97  225     2048
 129  225     2048
 193  225     2048

J 2 2 226     2048
   2  130     2048
   2   98     2048
   2   34     2048
  34   66     2048
  66  194     2048
  98  226     2048
 130  226     2048
 194  226     2048

J 3 3 227     2048
   3  131     2048
   3   99     2048
   3   35     2048
  35   67     2048
  67  195     2048
  99  227     2048
 131  227     2048
 195  227     2048

J 4 4 228     2048
   4  132     2048
   4  100     2048
   4   36     2048
  36   68     2048
  68  196     2048
 100  228     2048
 132  228     2048
 196  228     2048

J 5 5 229     2048
   5  133     2048
   5  101     2048
   5   37     2048
  37   69     2048
  69  197     2048
 101  229     2048
 133  229     2048
 197  229     2048

J 6 6 230     2048
   6  134     2048
   6  102     2048
   6   38     2048
  38   70     2048
  70  198     2048
 102  230     2048
 134  230     2048
 198  230     2048

J 7 7 231     2048
   7  135     2048
   7  103     2048
   7   39     2048
  39   71     2048
  71  199     2048
 103  231     2048
 135  231     2048
 199  231     2048

J 8 8 232     2048
   8  136     2048
   8  104     2048
   8   40     2048
  40   72     2048
  72  200     2048
 104  232     2048
 136  232     2048
 200  232     2048

J 9 9 233     2048
   9  137     2048
   9  105     2048
   9   41     2048
  41   73     2048
  73  201     2048
 105  233     2048
 137  233     2048
 201  233     2048

J 10 10 234     2048
  10  138     2048
  10  106     2048
  10   42     2048
  42   74     2048
  74  202     2048
 106  234     2048
 138  234     2048
 202  234     2048

J 11 11 235     2048
  11  139     2048
  11  107     2048
  11   43     2048
  43   75     2048
  75  203     2048
 107  235     2048
 139  235     2048
 203  235     2048

J 12 12 236     2048
  12  140     2048
  12  108     2048
  12   44     2048
  44   76     2048
  76  204     2048
 108  236     2048
 140  236     2048
 204  236     2048

J 13 13 237     2048
  13  141     2048
  13  109     2048
  13   45     2048
  45   77     2048
  77  205     2048
 109  237     2048
 141  237     2048
 205  237     2048

J 14 14 238     2048
  14  142     2048
  14  110     2048
  14   46     2048
  46   78     2048
  78  206     2048
 110  238     2048
 142  238     2048
 206  238     2048

J 15 15 239     2048
  15  143     2048
  15  111     2048
  15   47     2048
  47   79     2048
  79  207     2048
 111  239     2048
 143  239     2048
 207  239     2048

J 16 16 240     2048
  16  144     2048
  16  112     2048
  16   48     2048
  48   80     2048
  80  208     2048
 112  240     2048
 144  240     2048
 208  240     2048

J 17 17 241     2048
  17  145     2048
  17  113     2048
  17   49     2048
  49   81     2048
  81  209     2048
 113  241     2048
 145  241     2048
 209  241     2048

J 18 18 242     2048
  18  146     2048
  18  114     2048
  18   50     2048
  50   82     2048
  82  210     2048
 114  242     2048
 146  242     2048
 210  242     2048

J 19 19 243     2048
  19  147     2048
  19  115     2048
  19   51     2048
  51   83     2048
  83  211     2048
 115  243     2048
 147  243     2048
 211  243     2048

J 20 20 244     2048
  20  148     2048
  20  116     2048
  20   52     2048
  52   84     2048
  84  212     2048
 116  244     2048
 148  244     2048
 212  244     2048

J 21 21 245     2048
  21  149     2048
  21  117     2048
  21   53     2048
  53   85     2048
  85  213     2048
 117  245     2048
 149  245     2048
 213  245     2048

J 22 22 246     2048
  22  150     2048
  22  118     2048
  22   54     2048
  54   86     2048
  86  214     2048
 118  246     2048
 150  246     2048
 214  246     2048

J 23 23 247     2048
  23  151     2048
  23  119     2048
  23   55     2048
  55   87     2048
  87  215     2048
 119  247     2048
 151  247     2048
 215  247     2048

J 24 24 248     2048
  24  152     2048
  24  120     2048
  24   56     2048
  56   88     2048
  88  216     2048
 120  248     2048
 152  248     2048
 216  248     2048

J 25 25 249     2048
  25  153     2048
  25  121     2048
  25   57     2048
  57   89     2048
  89  217     2048
 121  249     2048
 153  249     2048
 217  249     2048

J 26 26 250     2048
  26  154     2048
  26  122     2048
  26   58     2048
  58   90     2048
  90  218     2048
 122  250     2048
 154  250     2048
 218  250     2048

J 27 27 251     2048
  27  155     2048
  27  123     2048
  27   59     2048
  59   91     2048
  91  219     2048
 123  251     2048
 155  251     2048
 219  251     2048

J 28 28 252     2048
  28  156     2048
  28  124     2048
  28   60     2048
  60   92     2048
  92  220     2048
 124  252     2048
 156  252     2048
 220  252     2048

J 29 29 253     2048
  29  157     2048
  29  125     2048
  29   61     2048
  61   93     2048
  93  221     2048
 125  253     2048
 157  253     2048
 221  253     2048

J 30 30 254     2048
  30  158     2048
  30  126     2048
  30   62     2048
  62   94     2048
  94  222     2048
 126  254     2048
 158  254     2048
 222  254     2048

J 31 31 255     2048
  31  159     2048
  31  127     2048
  31   63     2048
  63   95     2048
  95  223     2048
 127  255     2048
 159  255     2048
 223  255     2048

