set Nodes :=
0
1
2
3
4
5
6
7
8
9
10
11
12
13
14
15
16
17
18
19
20
21
22
23
24
25
26
27
28
29
30
31
32
33
34
35
36
37
38
39
40
41
42
43
44
45
46
47
48
49
50
51
52
53
54
55
56
57
58
59
60
61
62
63
64
65
66
67
68
69
70
71
72
73
74
75
76
77
78
79
80
81
82
83
84
85
86
87
88
89
90
91
92
93
94
95
96
97
98
99
100
101
102
103
104
105
106
107
108
109
110
111
112
113
114
115
116
117
118
119
120
121
122
123
124
125
126
127
128
129
130
131
132
133
134
135
136
137
138
139
140
141
142
143
144
145
146
147
148
149
150
151
152
153
154
155
156
157
158
159
160
161
162
163
164
165
166
167
168
169
170
171
172
173
174
175
176
177
178
179
180
181
182
183
184
185
186
187
188
189
190
191
192
193
194
195
196
197
198
199
200
201
202
203
204
205
206
207
208
209
210
211
212
213
214
215
216
217
218
219
220
221
222
223
224
225
226
227
228
229
230
231
232
233
234
235
236
237
238
239
240
241
242
243
244
245
246
247
248
249
250
251
252
253
254
255
ION_0
ION_1
SuperION
;

set Arcs :=
0 64
0 192
0 32
0 24
0 6
0 1
0 8
0 2
1 65
1 193
1 33
1 25
1 7
1 0
1 9
1 3
2 66
2 194
2 34
2 26
2 3
2 10
2 0
2 4
3 67
3 195
3 35
3 27
3 2
3 11
3 1
3 5
4 68
4 196
4 36
4 28
4 5
4 12
4 2
4 6
5 69
5 197
5 37
5 29
5 4
5 13
5 3
5 7
6 70
6 198
6 38
6 30
6 0
6 7
6 14
6 4
7 71
7 199
7 39
7 31
7 1
7 6
7 15
7 5
8 72
8 200
8 40
8 14
8 9
8 0
8 16
8 10
9 73
9 201
9 41
9 15
9 8
9 1
9 17
9 11
10 74
10 202
10 42
10 11
10 2
10 18
10 8
10 12
11 75
11 203
11 43
11 10
11 3
11 19
11 9
11 13
12 76
12 204
12 44
12 13
12 4
12 20
12 10
12 14
13 77
13 205
13 45
13 12
13 5
13 21
13 11
13 15
14 78
14 206
14 46
14 8
14 15
14 6
14 22
14 12
15 79
15 207
15 47
15 9
15 14
15 7
15 23
15 13
16 80
16 208
16 48
16 22
16 17
16 8
16 24
16 18
17 81
17 209
17 49
17 23
17 16
17 9
17 25
17 19
18 82
18 210
18 50
18 19
18 10
18 26
18 16
18 20
19 83
19 211
19 51
19 18
19 11
19 27
19 17
19 21
20 84
20 212
20 52
20 21
20 12
20 28
20 18
20 22
21 85
21 213
21 53
21 20
21 13
21 29
21 19
21 23
22 86
22 214
22 54
22 16
22 23
22 14
22 30
22 20
23 87
23 215
23 55
23 17
23 22
23 15
23 31
23 21
24 88
24 216
24 56
24 0
24 30
24 25
24 16
24 26
25 89
25 217
25 57
25 1
25 31
25 24
25 17
25 27
26 90
26 218
26 58
26 2
26 27
26 18
26 24
26 28
27 91
27 219
27 59
27 3
27 26
27 19
27 25
27 29
28 92
28 220
28 60
28 4
28 29
28 20
28 26
28 30
29 93
29 221
29 61
29 5
29 28
29 21
29 27
29 31
30 94
30 222
30 62
30 6
30 24
30 31
30 22
30 28
31 95
31 223
31 63
31 7
31 25
31 30
31 23
31 29
32 96
32 224
32 0
32 56
32 38
32 33
32 40
32 34
33 97
33 225
33 1
33 57
33 39
33 32
33 41
33 35
34 98
34 226
34 2
34 58
34 35
34 42
34 32
34 36
35 99
35 227
35 3
35 59
35 34
35 43
35 33
35 37
36 100
36 228
36 4
36 60
36 37
36 44
36 34
36 38
37 101
37 229
37 5
37 61
37 36
37 45
37 35
37 39
38 102
38 230
38 6
38 62
38 32
38 39
38 46
38 36
39 103
39 231
39 7
39 63
39 33
39 38
39 47
39 37
40 104
40 232
40 8
40 46
40 41
40 32
40 48
40 42
41 105
41 233
41 9
41 47
41 40
41 33
41 49
41 43
42 106
42 234
42 10
42 43
42 34
42 50
42 40
42 44
43 107
43 235
43 11
43 42
43 35
43 51
43 41
43 45
44 108
44 236
44 12
44 45
44 36
44 52
44 42
44 46
45 109
45 237
45 13
45 44
45 37
45 53
45 43
45 47
46 110
46 238
46 14
46 40
46 47
46 38
46 54
46 44
47 111
47 239
47 15
47 41
47 46
47 39
47 55
47 45
48 112
48 240
48 16
48 54
48 49
48 40
48 56
48 50
49 113
49 241
49 17
49 55
49 48
49 41
49 57
49 51
50 114
50 242
50 18
50 51
50 42
50 58
50 48
50 52
51 115
51 243
51 19
51 50
51 43
51 59
51 49
51 53
52 116
52 244
52 20
52 53
52 44
52 60
52 50
52 54
53 117
53 245
53 21
53 52
53 45
53 61
53 51
53 55
54 118
54 246
54 22
54 48
54 55
54 46
54 62
54 52
55 119
55 247
55 23
55 49
55 54
55 47
55 63
55 53
56 120
56 248
56 24
56 32
56 62
56 57
56 48
56 58
57 121
57 249
57 25
57 33
57 63
57 56
57 49
57 59
58 122
58 250
58 26
58 34
58 59
58 50
58 56
58 60
59 123
59 251
59 27
59 35
59 58
59 51
59 57
59 61
60 124
60 252
60 28
60 36
60 61
60 52
60 58
60 62
61 125
61 253
61 29
61 37
61 60
61 53
61 59
61 63
62 126
62 254
62 30
62 38
62 56
62 63
62 54
62 60
63 127
63 255
63 31
63 39
63 57
63 62
63 55
63 61
64 0
64 128
64 96
64 88
64 70
64 65
64 72
64 66
65 1
65 129
65 97
65 89
65 71
65 64
65 73
65 67
66 2
66 130
66 98
66 90
66 67
66 74
66 64
66 68
67 3
67 131
67 99
67 91
67 66
67 75
67 65
67 69
68 4
68 132
68 100
68 92
68 69
68 76
68 66
68 70
69 5
69 133
69 101
69 93
69 68
69 77
69 67
69 71
70 6
70 134
70 102
70 94
70 64
70 71
70 78
70 68
71 7
71 135
71 103
71 95
71 65
71 70
71 79
71 69
72 8
72 136
72 104
72 78
72 73
72 64
72 80
72 74
73 9
73 137
73 105
73 79
73 72
73 65
73 81
73 75
74 10
74 138
74 106
74 75
74 66
74 82
74 72
74 76
75 11
75 139
75 107
75 74
75 67
75 83
75 73
75 77
76 12
76 140
76 108
76 77
76 68
76 84
76 74
76 78
77 13
77 141
77 109
77 76
77 69
77 85
77 75
77 79
78 14
78 142
78 110
78 72
78 79
78 70
78 86
78 76
79 15
79 143
79 111
79 73
79 78
79 71
79 87
79 77
80 16
80 144
80 112
80 86
80 81
80 72
80 88
80 82
81 17
81 145
81 113
81 87
81 80
81 73
81 89
81 83
82 18
82 146
82 114
82 83
82 74
82 90
82 80
82 84
83 19
83 147
83 115
83 82
83 75
83 91
83 81
83 85
84 20
84 148
84 116
84 85
84 76
84 92
84 82
84 86
85 21
85 149
85 117
85 84
85 77
85 93
85 83
85 87
86 22
86 150
86 118
86 80
86 87
86 78
86 94
86 84
87 23
87 151
87 119
87 81
87 86
87 79
87 95
87 85
88 24
88 152
88 120
88 64
88 94
88 89
88 80
88 90
89 25
89 153
89 121
89 65
89 95
89 88
89 81
89 91
90 26
90 154
90 122
90 66
90 91
90 82
90 88
90 92
91 27
91 155
91 123
91 67
91 90
91 83
91 89
91 93
92 28
92 156
92 124
92 68
92 93
92 84
92 90
92 94
93 29
93 157
93 125
93 69
93 92
93 85
93 91
93 95
94 30
94 158
94 126
94 70
94 88
94 95
94 86
94 92
95 31
95 159
95 127
95 71
95 89
95 94
95 87
95 93
96 32
96 160
96 64
96 120
96 102
96 97
96 104
96 98
97 33
97 161
97 65
97 121
97 103
97 96
97 105
97 99
98 34
98 162
98 66
98 122
98 99
98 106
98 96
98 100
99 35
99 163
99 67
99 123
99 98
99 107
99 97
99 101
100 36
100 164
100 68
100 124
100 101
100 108
100 98
100 102
101 37
101 165
101 69
101 125
101 100
101 109
101 99
101 103
102 38
102 166
102 70
102 126
102 96
102 103
102 110
102 100
103 39
103 167
103 71
103 127
103 97
103 102
103 111
103 101
104 40
104 168
104 72
104 110
104 105
104 96
104 112
104 106
105 41
105 169
105 73
105 111
105 104
105 97
105 113
105 107
106 42
106 170
106 74
106 107
106 98
106 114
106 104
106 108
107 43
107 171
107 75
107 106
107 99
107 115
107 105
107 109
108 44
108 172
108 76
108 109
108 100
108 116
108 106
108 110
109 45
109 173
109 77
109 108
109 101
109 117
109 107
109 111
110 46
110 174
110 78
110 104
110 111
110 102
110 118
110 108
111 47
111 175
111 79
111 105
111 110
111 103
111 119
111 109
112 48
112 176
112 80
112 118
112 113
112 104
112 120
112 114
113 49
113 177
113 81
113 119
113 112
113 105
113 121
113 115
114 50
114 178
114 82
114 115
114 106
114 122
114 112
114 116
115 51
115 179
115 83
115 114
115 107
115 123
115 113
115 117
116 52
116 180
116 84
116 117
116 108
116 124
116 114
116 118
117 53
117 181
117 85
117 116
117 109
117 125
117 115
117 119
118 54
118 182
118 86
118 112
118 119
118 110
118 126
118 116
119 55
119 183
119 87
119 113
119 118
119 111
119 127
119 117
120 56
120 184
120 88
120 96
120 126
120 121
120 112
120 122
121 57
121 185
121 89
121 97
121 127
121 120
121 113
121 123
122 58
122 186
122 90
122 98
122 123
122 114
122 120
122 124
123 59
123 187
123 91
123 99
123 122
123 115
123 121
123 125
124 60
124 188
124 92
124 100
124 125
124 116
124 122
124 126
125 61
125 189
125 93
125 101
125 124
125 117
125 123
125 127
126 62
126 190
126 94
126 102
126 120
126 127
126 118
126 124
127 63
127 191
127 95
127 103
127 121
127 126
127 119
127 125
128 64
128 192
128 160
128 152
128 134
128 129
128 136
128 130
129 65
129 193
129 161
129 153
129 135
129 128
129 137
129 131
130 66
130 194
130 162
130 154
130 131
130 138
130 128
130 132
131 67
131 195
131 163
131 155
131 130
131 139
131 129
131 133
132 68
132 196
132 164
132 156
132 133
132 140
132 130
132 134
133 69
133 197
133 165
133 157
133 132
133 141
133 131
133 135
134 70
134 198
134 166
134 158
134 128
134 135
134 142
134 132
135 71
135 199
135 167
135 159
135 129
135 134
135 143
135 133
136 72
136 200
136 168
136 142
136 137
136 128
136 144
136 138
137 73
137 201
137 169
137 143
137 136
137 129
137 145
137 139
138 74
138 202
138 170
138 139
138 130
138 146
138 136
138 140
139 75
139 203
139 171
139 138
139 131
139 147
139 137
139 141
140 76
140 204
140 172
140 141
140 132
140 148
140 138
140 142
141 77
141 205
141 173
141 140
141 133
141 149
141 139
141 143
142 78
142 206
142 174
142 136
142 143
142 134
142 150
142 140
143 79
143 207
143 175
143 137
143 142
143 135
143 151
143 141
144 80
144 208
144 176
144 150
144 145
144 136
144 152
144 146
145 81
145 209
145 177
145 151
145 144
145 137
145 153
145 147
146 82
146 210
146 178
146 147
146 138
146 154
146 144
146 148
147 83
147 211
147 179
147 146
147 139
147 155
147 145
147 149
148 84
148 212
148 180
148 149
148 140
148 156
148 146
148 150
149 85
149 213
149 181
149 148
149 141
149 157
149 147
149 151
150 86
150 214
150 182
150 144
150 151
150 142
150 158
150 148
151 87
151 215
151 183
151 145
151 150
151 143
151 159
151 149
152 88
152 216
152 184
152 128
152 158
152 153
152 144
152 154
153 89
153 217
153 185
153 129
153 159
153 152
153 145
153 155
154 90
154 218
154 186
154 130
154 155
154 146
154 152
154 156
155 91
155 219
155 187
155 131
155 154
155 147
155 153
155 157
156 92
156 220
156 188
156 132
156 157
156 148
156 154
156 158
157 93
157 221
157 189
157 133
157 156
157 149
157 155
157 159
158 94
158 222
158 190
158 134
158 152
158 159
158 150
158 156
159 95
159 223
159 191
159 135
159 153
159 158
159 151
159 157
160 96
160 224
160 128
160 184
160 166
160 161
160 168
160 162
161 97
161 225
161 129
161 185
161 167
161 160
161 169
161 163
162 98
162 226
162 130
162 186
162 163
162 170
162 160
162 164
163 99
163 227
163 131
163 187
163 162
163 171
163 161
163 165
164 100
164 228
164 132
164 188
164 165
164 172
164 162
164 166
165 101
165 229
165 133
165 189
165 164
165 173
165 163
165 167
166 102
166 230
166 134
166 190
166 160
166 167
166 174
166 164
167 103
167 231
167 135
167 191
167 161
167 166
167 175
167 165
168 104
168 232
168 136
168 174
168 169
168 160
168 176
168 170
169 105
169 233
169 137
169 175
169 168
169 161
169 177
169 171
170 106
170 234
170 138
170 171
170 162
170 178
170 168
170 172
171 107
171 235
171 139
171 170
171 163
171 179
171 169
171 173
172 108
172 236
172 140
172 173
172 164
172 180
172 170
172 174
173 109
173 237
173 141
173 172
173 165
173 181
173 171
173 175
174 110
174 238
174 142
174 168
174 175
174 166
174 182
174 172
175 111
175 239
175 143
175 169
175 174
175 167
175 183
175 173
176 112
176 240
176 144
176 182
176 177
176 168
176 184
176 178
177 113
177 241
177 145
177 183
177 176
177 169
177 185
177 179
178 114
178 242
178 146
178 179
178 170
178 186
178 176
178 180
179 115
179 243
179 147
179 178
179 171
179 187
179 177
179 181
180 116
180 244
180 148
180 181
180 172
180 188
180 178
180 182
181 117
181 245
181 149
181 180
181 173
181 189
181 179
181 183
182 118
182 246
182 150
182 176
182 183
182 174
182 190
182 180
183 119
183 247
183 151
183 177
183 182
183 175
183 191
183 181
184 120
184 248
184 152
184 160
184 190
184 185
184 176
184 186
185 121
185 249
185 153
185 161
185 191
185 184
185 177
185 187
186 122
186 250
186 154
186 162
186 187
186 178
186 184
186 188
187 123
187 251
187 155
187 163
187 186
187 179
187 185
187 189
188 124
188 252
188 156
188 164
188 189
188 180
188 186
188 190
189 125
189 253
189 157
189 165
189 188
189 181
189 187
189 191
190 126
190 254
190 158
190 166
190 184
190 191
190 182
190 188
191 127
191 255
191 159
191 167
191 185
191 190
191 183
191 189
192 128
192 0
192 224
192 216
192 198
192 193
192 200
192 194
193 129
193 1
193 225
193 217
193 199
193 192
193 201
193 195
194 130
194 2
194 226
194 218
194 195
194 202
194 192
194 196
195 131
195 3
195 227
195 219
195 194
195 203
195 193
195 197
196 132
196 4
196 228
196 220
196 197
196 204
196 194
196 198
197 133
197 5
197 229
197 221
197 196
197 205
197 195
197 199
198 134
198 6
198 230
198 222
198 192
198 199
198 206
198 196
199 135
199 7
199 231
199 223
199 193
199 198
199 207
199 197
200 136
200 8
200 232
200 206
200 201
200 192
200 208
200 202
201 137
201 9
201 233
201 207
201 200
201 193
201 209
201 203
202 138
202 10
202 234
202 203
202 194
202 210
202 200
202 204
203 139
203 11
203 235
203 202
203 195
203 211
203 201
203 205
204 140
204 12
204 236
204 205
204 196
204 212
204 202
204 206
205 141
205 13
205 237
205 204
205 197
205 213
205 203
205 207
206 142
206 14
206 238
206 200
206 207
206 198
206 214
206 204
207 143
207 15
207 239
207 201
207 206
207 199
207 215
207 205
208 144
208 16
208 240
208 214
208 209
208 200
208 216
208 210
209 145
209 17
209 241
209 215
209 208
209 201
209 217
209 211
210 146
210 18
210 242
210 211
210 202
210 218
210 208
210 212
211 147
211 19
211 243
211 210
211 203
211 219
211 209
211 213
212 148
212 20
212 244
212 213
212 204
212 220
212 210
212 214
213 149
213 21
213 245
213 212
213 205
213 221
213 211
213 215
214 150
214 22
214 246
214 208
214 215
214 206
214 222
214 212
215 151
215 23
215 247
215 209
215 214
215 207
215 223
215 213
216 152
216 24
216 248
216 192
216 222
216 217
216 208
216 218
217 153
217 25
217 249
217 193
217 223
217 216
217 209
217 219
218 154
218 26
218 250
218 194
218 219
218 210
218 216
218 220
219 155
219 27
219 251
219 195
219 218
219 211
219 217
219 221
220 156
220 28
220 252
220 196
220 221
220 212
220 218
220 222
221 157
221 29
221 253
221 197
221 220
221 213
221 219
221 223
222 158
222 30
222 254
222 198
222 216
222 223
222 214
222 220
223 159
223 31
223 255
223 199
223 217
223 222
223 215
223 221
224 160
224 32
224 192
224 248
224 230
224 225
224 232
224 226
225 161
225 33
225 193
225 249
225 231
225 224
225 233
225 227
226 162
226 34
226 194
226 250
226 227
226 234
226 224
226 228
227 163
227 35
227 195
227 251
227 226
227 235
227 225
227 229
228 164
228 36
228 196
228 252
228 229
228 236
228 226
228 230
229 165
229 37
229 197
229 253
229 228
229 237
229 227
229 231
230 166
230 38
230 198
230 254
230 224
230 231
230 238
230 228
231 167
231 39
231 199
231 255
231 225
231 230
231 239
231 229
232 168
232 40
232 200
232 238
232 233
232 224
232 240
232 234
233 169
233 41
233 201
233 239
233 232
233 225
233 241
233 235
234 170
234 42
234 202
234 235
234 226
234 242
234 232
234 236
235 171
235 43
235 203
235 234
235 227
235 243
235 233
235 237
236 172
236 44
236 204
236 237
236 228
236 244
236 234
236 238
237 173
237 45
237 205
237 236
237 229
237 245
237 235
237 239
238 174
238 46
238 206
238 232
238 239
238 230
238 246
238 236
239 175
239 47
239 207
239 233
239 238
239 231
239 247
239 237
240 176
240 48
240 208
240 246
240 241
240 232
240 248
240 242
241 177
241 49
241 209
241 247
241 240
241 233
241 249
241 243
242 178
242 50
242 210
242 243
242 234
242 250
242 240
242 244
243 179
243 51
243 211
243 242
243 235
243 251
243 241
243 245
244 180
244 52
244 212
244 245
244 236
244 252
244 242
244 246
245 181
245 53
245 213
245 244
245 237
245 253
245 243
245 247
246 182
246 54
246 214
246 240
246 247
246 238
246 254
246 244
247 183
247 55
247 215
247 241
247 246
247 239
247 255
247 245
248 184
248 56
248 216
248 224
248 254
248 249
248 240
248 250
249 185
249 57
249 217
249 225
249 255
249 248
249 241
249 251
250 186
250 58
250 218
250 226
250 251
250 242
250 248
250 252
251 187
251 59
251 219
251 227
251 250
251 243
251 249
251 253
252 188
252 60
252 220
252 228
252 253
252 244
252 250
252 254
253 189
253 61
253 221
253 229
253 252
253 245
253 251
253 255
254 190
254 62
254 222
254 230
254 248
254 255
254 246
254 252
255 191
255 63
255 223
255 231
255 249
255 254
255 247
255 253
40 ION_0
34 ION_0
232 ION_1
226 ION_1
ION_0 SuperION
ION_1 SuperION
;

set Types :=
IO
COMM
;

param Capacity :=
0 64     2048
0 192     2048
0 32     2048
0 24     2048
0 6     2048
0 1     2048
0 8     2048
0 2     2048
1 65     2048
1 193     2048
1 33     2048
1 25     2048
1 7     2048
1 0     2048
1 9     2048
1 3     2048
2 66     2048
2 194     2048
2 34     2048
2 26     2048
2 3     2048
2 10     2048
2 0     2048
2 4     2048
3 67     2048
3 195     2048
3 35     2048
3 27     2048
3 2     2048
3 11     2048
3 1     2048
3 5     2048
4 68     2048
4 196     2048
4 36     2048
4 28     2048
4 5     2048
4 12     2048
4 2     2048
4 6     2048
5 69     2048
5 197     2048
5 37     2048
5 29     2048
5 4     2048
5 13     2048
5 3     2048
5 7     2048
6 70     2048
6 198     2048
6 38     2048
6 30     2048
6 0     2048
6 7     2048
6 14     2048
6 4     2048
7 71     2048
7 199     2048
7 39     2048
7 31     2048
7 1     2048
7 6     2048
7 15     2048
7 5     2048
8 72     2048
8 200     2048
8 40     2048
8 14     2048
8 9     2048
8 0     2048
8 16     2048
8 10     2048
9 73     2048
9 201     2048
9 41     2048
9 15     2048
9 8     2048
9 1     2048
9 17     2048
9 11     2048
10 74     2048
10 202     2048
10 42     2048
10 11     2048
10 2     2048
10 18     2048
10 8     2048
10 12     2048
11 75     2048
11 203     2048
11 43     2048
11 10     2048
11 3     2048
11 19     2048
11 9     2048
11 13     2048
12 76     2048
12 204     2048
12 44     2048
12 13     2048
12 4     2048
12 20     2048
12 10     2048
12 14     2048
13 77     2048
13 205     2048
13 45     2048
13 12     2048
13 5     2048
13 21     2048
13 11     2048
13 15     2048
14 78     2048
14 206     2048
14 46     2048
14 8     2048
14 15     2048
14 6     2048
14 22     2048
14 12     2048
15 79     2048
15 207     2048
15 47     2048
15 9     2048
15 14     2048
15 7     2048
15 23     2048
15 13     2048
16 80     2048
16 208     2048
16 48     2048
16 22     2048
16 17     2048
16 8     2048
16 24     2048
16 18     2048
17 81     2048
17 209     2048
17 49     2048
17 23     2048
17 16     2048
17 9     2048
17 25     2048
17 19     2048
18 82     2048
18 210     2048
18 50     2048
18 19     2048
18 10     2048
18 26     2048
18 16     2048
18 20     2048
19 83     2048
19 211     2048
19 51     2048
19 18     2048
19 11     2048
19 27     2048
19 17     2048
19 21     2048
20 84     2048
20 212     2048
20 52     2048
20 21     2048
20 12     2048
20 28     2048
20 18     2048
20 22     2048
21 85     2048
21 213     2048
21 53     2048
21 20     2048
21 13     2048
21 29     2048
21 19     2048
21 23     2048
22 86     2048
22 214     2048
22 54     2048
22 16     2048
22 23     2048
22 14     2048
22 30     2048
22 20     2048
23 87     2048
23 215     2048
23 55     2048
23 17     2048
23 22     2048
23 15     2048
23 31     2048
23 21     2048
24 88     2048
24 216     2048
24 56     2048
24 0     2048
24 30     2048
24 25     2048
24 16     2048
24 26     2048
25 89     2048
25 217     2048
25 57     2048
25 1     2048
25 31     2048
25 24     2048
25 17     2048
25 27     2048
26 90     2048
26 218     2048
26 58     2048
26 2     2048
26 27     2048
26 18     2048
26 24     2048
26 28     2048
27 91     2048
27 219     2048
27 59     2048
27 3     2048
27 26     2048
27 19     2048
27 25     2048
27 29     2048
28 92     2048
28 220     2048
28 60     2048
28 4     2048
28 29     2048
28 20     2048
28 26     2048
28 30     2048
29 93     2048
29 221     2048
29 61     2048
29 5     2048
29 28     2048
29 21     2048
29 27     2048
29 31     2048
30 94     2048
30 222     2048
30 62     2048
30 6     2048
30 24     2048
30 31     2048
30 22     2048
30 28     2048
31 95     2048
31 223     2048
31 63     2048
31 7     2048
31 25     2048
31 30     2048
31 23     2048
31 29     2048
32 96     2048
32 224     2048
32 0     2048
32 56     2048
32 38     2048
32 33     2048
32 40     2048
32 34     2048
33 97     2048
33 225     2048
33 1     2048
33 57     2048
33 39     2048
33 32     2048
33 41     2048
33 35     2048
34 98     2048
34 226     2048
34 2     2048
34 58     2048
34 35     2048
34 42     2048
34 32     2048
34 36     2048
35 99     2048
35 227     2048
35 3     2048
35 59     2048
35 34     2048
35 43     2048
35 33     2048
35 37     2048
36 100     2048
36 228     2048
36 4     2048
36 60     2048
36 37     2048
36 44     2048
36 34     2048
36 38     2048
37 101     2048
37 229     2048
37 5     2048
37 61     2048
37 36     2048
37 45     2048
37 35     2048
37 39     2048
38 102     2048
38 230     2048
38 6     2048
38 62     2048
38 32     2048
38 39     2048
38 46     2048
38 36     2048
39 103     2048
39 231     2048
39 7     2048
39 63     2048
39 33     2048
39 38     2048
39 47     2048
39 37     2048
40 104     2048
40 232     2048
40 8     2048
40 46     2048
40 41     2048
40 32     2048
40 48     2048
40 42     2048
41 105     2048
41 233     2048
41 9     2048
41 47     2048
41 40     2048
41 33     2048
41 49     2048
41 43     2048
42 106     2048
42 234     2048
42 10     2048
42 43     2048
42 34     2048
42 50     2048
42 40     2048
42 44     2048
43 107     2048
43 235     2048
43 11     2048
43 42     2048
43 35     2048
43 51     2048
43 41     2048
43 45     2048
44 108     2048
44 236     2048
44 12     2048
44 45     2048
44 36     2048
44 52     2048
44 42     2048
44 46     2048
45 109     2048
45 237     2048
45 13     2048
45 44     2048
45 37     2048
45 53     2048
45 43     2048
45 47     2048
46 110     2048
46 238     2048
46 14     2048
46 40     2048
46 47     2048
46 38     2048
46 54     2048
46 44     2048
47 111     2048
47 239     2048
47 15     2048
47 41     2048
47 46     2048
47 39     2048
47 55     2048
47 45     2048
48 112     2048
48 240     2048
48 16     2048
48 54     2048
48 49     2048
48 40     2048
48 56     2048
48 50     2048
49 113     2048
49 241     2048
49 17     2048
49 55     2048
49 48     2048
49 41     2048
49 57     2048
49 51     2048
50 114     2048
50 242     2048
50 18     2048
50 51     2048
50 42     2048
50 58     2048
50 48     2048
50 52     2048
51 115     2048
51 243     2048
51 19     2048
51 50     2048
51 43     2048
51 59     2048
51 49     2048
51 53     2048
52 116     2048
52 244     2048
52 20     2048
52 53     2048
52 44     2048
52 60     2048
52 50     2048
52 54     2048
53 117     2048
53 245     2048
53 21     2048
53 52     2048
53 45     2048
53 61     2048
53 51     2048
53 55     2048
54 118     2048
54 246     2048
54 22     2048
54 48     2048
54 55     2048
54 46     2048
54 62     2048
54 52     2048
55 119     2048
55 247     2048
55 23     2048
55 49     2048
55 54     2048
55 47     2048
55 63     2048
55 53     2048
56 120     2048
56 248     2048
56 24     2048
56 32     2048
56 62     2048
56 57     2048
56 48     2048
56 58     2048
57 121     2048
57 249     2048
57 25     2048
57 33     2048
57 63     2048
57 56     2048
57 49     2048
57 59     2048
58 122     2048
58 250     2048
58 26     2048
58 34     2048
58 59     2048
58 50     2048
58 56     2048
58 60     2048
59 123     2048
59 251     2048
59 27     2048
59 35     2048
59 58     2048
59 51     2048
59 57     2048
59 61     2048
60 124     2048
60 252     2048
60 28     2048
60 36     2048
60 61     2048
60 52     2048
60 58     2048
60 62     2048
61 125     2048
61 253     2048
61 29     2048
61 37     2048
61 60     2048
61 53     2048
61 59     2048
61 63     2048
62 126     2048
62 254     2048
62 30     2048
62 38     2048
62 56     2048
62 63     2048
62 54     2048
62 60     2048
63 127     2048
63 255     2048
63 31     2048
63 39     2048
63 57     2048
63 62     2048
63 55     2048
63 61     2048
64 0     2048
64 128     2048
64 96     2048
64 88     2048
64 70     2048
64 65     2048
64 72     2048
64 66     2048
65 1     2048
65 129     2048
65 97     2048
65 89     2048
65 71     2048
65 64     2048
65 73     2048
65 67     2048
66 2     2048
66 130     2048
66 98     2048
66 90     2048
66 67     2048
66 74     2048
66 64     2048
66 68     2048
67 3     2048
67 131     2048
67 99     2048
67 91     2048
67 66     2048
67 75     2048
67 65     2048
67 69     2048
68 4     2048
68 132     2048
68 100     2048
68 92     2048
68 69     2048
68 76     2048
68 66     2048
68 70     2048
69 5     2048
69 133     2048
69 101     2048
69 93     2048
69 68     2048
69 77     2048
69 67     2048
69 71     2048
70 6     2048
70 134     2048
70 102     2048
70 94     2048
70 64     2048
70 71     2048
70 78     2048
70 68     2048
71 7     2048
71 135     2048
71 103     2048
71 95     2048
71 65     2048
71 70     2048
71 79     2048
71 69     2048
72 8     2048
72 136     2048
72 104     2048
72 78     2048
72 73     2048
72 64     2048
72 80     2048
72 74     2048
73 9     2048
73 137     2048
73 105     2048
73 79     2048
73 72     2048
73 65     2048
73 81     2048
73 75     2048
74 10     2048
74 138     2048
74 106     2048
74 75     2048
74 66     2048
74 82     2048
74 72     2048
74 76     2048
75 11     2048
75 139     2048
75 107     2048
75 74     2048
75 67     2048
75 83     2048
75 73     2048
75 77     2048
76 12     2048
76 140     2048
76 108     2048
76 77     2048
76 68     2048
76 84     2048
76 74     2048
76 78     2048
77 13     2048
77 141     2048
77 109     2048
77 76     2048
77 69     2048
77 85     2048
77 75     2048
77 79     2048
78 14     2048
78 142     2048
78 110     2048
78 72     2048
78 79     2048
78 70     2048
78 86     2048
78 76     2048
79 15     2048
79 143     2048
79 111     2048
79 73     2048
79 78     2048
79 71     2048
79 87     2048
79 77     2048
80 16     2048
80 144     2048
80 112     2048
80 86     2048
80 81     2048
80 72     2048
80 88     2048
80 82     2048
81 17     2048
81 145     2048
81 113     2048
81 87     2048
81 80     2048
81 73     2048
81 89     2048
81 83     2048
82 18     2048
82 146     2048
82 114     2048
82 83     2048
82 74     2048
82 90     2048
82 80     2048
82 84     2048
83 19     2048
83 147     2048
83 115     2048
83 82     2048
83 75     2048
83 91     2048
83 81     2048
83 85     2048
84 20     2048
84 148     2048
84 116     2048
84 85     2048
84 76     2048
84 92     2048
84 82     2048
84 86     2048
85 21     2048
85 149     2048
85 117     2048
85 84     2048
85 77     2048
85 93     2048
85 83     2048
85 87     2048
86 22     2048
86 150     2048
86 118     2048
86 80     2048
86 87     2048
86 78     2048
86 94     2048
86 84     2048
87 23     2048
87 151     2048
87 119     2048
87 81     2048
87 86     2048
87 79     2048
87 95     2048
87 85     2048
88 24     2048
88 152     2048
88 120     2048
88 64     2048
88 94     2048
88 89     2048
88 80     2048
88 90     2048
89 25     2048
89 153     2048
89 121     2048
89 65     2048
89 95     2048
89 88     2048
89 81     2048
89 91     2048
90 26     2048
90 154     2048
90 122     2048
90 66     2048
90 91     2048
90 82     2048
90 88     2048
90 92     2048
91 27     2048
91 155     2048
91 123     2048
91 67     2048
91 90     2048
91 83     2048
91 89     2048
91 93     2048
92 28     2048
92 156     2048
92 124     2048
92 68     2048
92 93     2048
92 84     2048
92 90     2048
92 94     2048
93 29     2048
93 157     2048
93 125     2048
93 69     2048
93 92     2048
93 85     2048
93 91     2048
93 95     2048
94 30     2048
94 158     2048
94 126     2048
94 70     2048
94 88     2048
94 95     2048
94 86     2048
94 92     2048
95 31     2048
95 159     2048
95 127     2048
95 71     2048
95 89     2048
95 94     2048
95 87     2048
95 93     2048
96 32     2048
96 160     2048
96 64     2048
96 120     2048
96 102     2048
96 97     2048
96 104     2048
96 98     2048
97 33     2048
97 161     2048
97 65     2048
97 121     2048
97 103     2048
97 96     2048
97 105     2048
97 99     2048
98 34     2048
98 162     2048
98 66     2048
98 122     2048
98 99     2048
98 106     2048
98 96     2048
98 100     2048
99 35     2048
99 163     2048
99 67     2048
99 123     2048
99 98     2048
99 107     2048
99 97     2048
99 101     2048
100 36     2048
100 164     2048
100 68     2048
100 124     2048
100 101     2048
100 108     2048
100 98     2048
100 102     2048
101 37     2048
101 165     2048
101 69     2048
101 125     2048
101 100     2048
101 109     2048
101 99     2048
101 103     2048
102 38     2048
102 166     2048
102 70     2048
102 126     2048
102 96     2048
102 103     2048
102 110     2048
102 100     2048
103 39     2048
103 167     2048
103 71     2048
103 127     2048
103 97     2048
103 102     2048
103 111     2048
103 101     2048
104 40     2048
104 168     2048
104 72     2048
104 110     2048
104 105     2048
104 96     2048
104 112     2048
104 106     2048
105 41     2048
105 169     2048
105 73     2048
105 111     2048
105 104     2048
105 97     2048
105 113     2048
105 107     2048
106 42     2048
106 170     2048
106 74     2048
106 107     2048
106 98     2048
106 114     2048
106 104     2048
106 108     2048
107 43     2048
107 171     2048
107 75     2048
107 106     2048
107 99     2048
107 115     2048
107 105     2048
107 109     2048
108 44     2048
108 172     2048
108 76     2048
108 109     2048
108 100     2048
108 116     2048
108 106     2048
108 110     2048
109 45     2048
109 173     2048
109 77     2048
109 108     2048
109 101     2048
109 117     2048
109 107     2048
109 111     2048
110 46     2048
110 174     2048
110 78     2048
110 104     2048
110 111     2048
110 102     2048
110 118     2048
110 108     2048
111 47     2048
111 175     2048
111 79     2048
111 105     2048
111 110     2048
111 103     2048
111 119     2048
111 109     2048
112 48     2048
112 176     2048
112 80     2048
112 118     2048
112 113     2048
112 104     2048
112 120     2048
112 114     2048
113 49     2048
113 177     2048
113 81     2048
113 119     2048
113 112     2048
113 105     2048
113 121     2048
113 115     2048
114 50     2048
114 178     2048
114 82     2048
114 115     2048
114 106     2048
114 122     2048
114 112     2048
114 116     2048
115 51     2048
115 179     2048
115 83     2048
115 114     2048
115 107     2048
115 123     2048
115 113     2048
115 117     2048
116 52     2048
116 180     2048
116 84     2048
116 117     2048
116 108     2048
116 124     2048
116 114     2048
116 118     2048
117 53     2048
117 181     2048
117 85     2048
117 116     2048
117 109     2048
117 125     2048
117 115     2048
117 119     2048
118 54     2048
118 182     2048
118 86     2048
118 112     2048
118 119     2048
118 110     2048
118 126     2048
118 116     2048
119 55     2048
119 183     2048
119 87     2048
119 113     2048
119 118     2048
119 111     2048
119 127     2048
119 117     2048
120 56     2048
120 184     2048
120 88     2048
120 96     2048
120 126     2048
120 121     2048
120 112     2048
120 122     2048
121 57     2048
121 185     2048
121 89     2048
121 97     2048
121 127     2048
121 120     2048
121 113     2048
121 123     2048
122 58     2048
122 186     2048
122 90     2048
122 98     2048
122 123     2048
122 114     2048
122 120     2048
122 124     2048
123 59     2048
123 187     2048
123 91     2048
123 99     2048
123 122     2048
123 115     2048
123 121     2048
123 125     2048
124 60     2048
124 188     2048
124 92     2048
124 100     2048
124 125     2048
124 116     2048
124 122     2048
124 126     2048
125 61     2048
125 189     2048
125 93     2048
125 101     2048
125 124     2048
125 117     2048
125 123     2048
125 127     2048
126 62     2048
126 190     2048
126 94     2048
126 102     2048
126 120     2048
126 127     2048
126 118     2048
126 124     2048
127 63     2048
127 191     2048
127 95     2048
127 103     2048
127 121     2048
127 126     2048
127 119     2048
127 125     2048
128 64     2048
128 192     2048
128 160     2048
128 152     2048
128 134     2048
128 129     2048
128 136     2048
128 130     2048
129 65     2048
129 193     2048
129 161     2048
129 153     2048
129 135     2048
129 128     2048
129 137     2048
129 131     2048
130 66     2048
130 194     2048
130 162     2048
130 154     2048
130 131     2048
130 138     2048
130 128     2048
130 132     2048
131 67     2048
131 195     2048
131 163     2048
131 155     2048
131 130     2048
131 139     2048
131 129     2048
131 133     2048
132 68     2048
132 196     2048
132 164     2048
132 156     2048
132 133     2048
132 140     2048
132 130     2048
132 134     2048
133 69     2048
133 197     2048
133 165     2048
133 157     2048
133 132     2048
133 141     2048
133 131     2048
133 135     2048
134 70     2048
134 198     2048
134 166     2048
134 158     2048
134 128     2048
134 135     2048
134 142     2048
134 132     2048
135 71     2048
135 199     2048
135 167     2048
135 159     2048
135 129     2048
135 134     2048
135 143     2048
135 133     2048
136 72     2048
136 200     2048
136 168     2048
136 142     2048
136 137     2048
136 128     2048
136 144     2048
136 138     2048
137 73     2048
137 201     2048
137 169     2048
137 143     2048
137 136     2048
137 129     2048
137 145     2048
137 139     2048
138 74     2048
138 202     2048
138 170     2048
138 139     2048
138 130     2048
138 146     2048
138 136     2048
138 140     2048
139 75     2048
139 203     2048
139 171     2048
139 138     2048
139 131     2048
139 147     2048
139 137     2048
139 141     2048
140 76     2048
140 204     2048
140 172     2048
140 141     2048
140 132     2048
140 148     2048
140 138     2048
140 142     2048
141 77     2048
141 205     2048
141 173     2048
141 140     2048
141 133     2048
141 149     2048
141 139     2048
141 143     2048
142 78     2048
142 206     2048
142 174     2048
142 136     2048
142 143     2048
142 134     2048
142 150     2048
142 140     2048
143 79     2048
143 207     2048
143 175     2048
143 137     2048
143 142     2048
143 135     2048
143 151     2048
143 141     2048
144 80     2048
144 208     2048
144 176     2048
144 150     2048
144 145     2048
144 136     2048
144 152     2048
144 146     2048
145 81     2048
145 209     2048
145 177     2048
145 151     2048
145 144     2048
145 137     2048
145 153     2048
145 147     2048
146 82     2048
146 210     2048
146 178     2048
146 147     2048
146 138     2048
146 154     2048
146 144     2048
146 148     2048
147 83     2048
147 211     2048
147 179     2048
147 146     2048
147 139     2048
147 155     2048
147 145     2048
147 149     2048
148 84     2048
148 212     2048
148 180     2048
148 149     2048
148 140     2048
148 156     2048
148 146     2048
148 150     2048
149 85     2048
149 213     2048
149 181     2048
149 148     2048
149 141     2048
149 157     2048
149 147     2048
149 151     2048
150 86     2048
150 214     2048
150 182     2048
150 144     2048
150 151     2048
150 142     2048
150 158     2048
150 148     2048
151 87     2048
151 215     2048
151 183     2048
151 145     2048
151 150     2048
151 143     2048
151 159     2048
151 149     2048
152 88     2048
152 216     2048
152 184     2048
152 128     2048
152 158     2048
152 153     2048
152 144     2048
152 154     2048
153 89     2048
153 217     2048
153 185     2048
153 129     2048
153 159     2048
153 152     2048
153 145     2048
153 155     2048
154 90     2048
154 218     2048
154 186     2048
154 130     2048
154 155     2048
154 146     2048
154 152     2048
154 156     2048
155 91     2048
155 219     2048
155 187     2048
155 131     2048
155 154     2048
155 147     2048
155 153     2048
155 157     2048
156 92     2048
156 220     2048
156 188     2048
156 132     2048
156 157     2048
156 148     2048
156 154     2048
156 158     2048
157 93     2048
157 221     2048
157 189     2048
157 133     2048
157 156     2048
157 149     2048
157 155     2048
157 159     2048
158 94     2048
158 222     2048
158 190     2048
158 134     2048
158 152     2048
158 159     2048
158 150     2048
158 156     2048
159 95     2048
159 223     2048
159 191     2048
159 135     2048
159 153     2048
159 158     2048
159 151     2048
159 157     2048
160 96     2048
160 224     2048
160 128     2048
160 184     2048
160 166     2048
160 161     2048
160 168     2048
160 162     2048
161 97     2048
161 225     2048
161 129     2048
161 185     2048
161 167     2048
161 160     2048
161 169     2048
161 163     2048
162 98     2048
162 226     2048
162 130     2048
162 186     2048
162 163     2048
162 170     2048
162 160     2048
162 164     2048
163 99     2048
163 227     2048
163 131     2048
163 187     2048
163 162     2048
163 171     2048
163 161     2048
163 165     2048
164 100     2048
164 228     2048
164 132     2048
164 188     2048
164 165     2048
164 172     2048
164 162     2048
164 166     2048
165 101     2048
165 229     2048
165 133     2048
165 189     2048
165 164     2048
165 173     2048
165 163     2048
165 167     2048
166 102     2048
166 230     2048
166 134     2048
166 190     2048
166 160     2048
166 167     2048
166 174     2048
166 164     2048
167 103     2048
167 231     2048
167 135     2048
167 191     2048
167 161     2048
167 166     2048
167 175     2048
167 165     2048
168 104     2048
168 232     2048
168 136     2048
168 174     2048
168 169     2048
168 160     2048
168 176     2048
168 170     2048
169 105     2048
169 233     2048
169 137     2048
169 175     2048
169 168     2048
169 161     2048
169 177     2048
169 171     2048
170 106     2048
170 234     2048
170 138     2048
170 171     2048
170 162     2048
170 178     2048
170 168     2048
170 172     2048
171 107     2048
171 235     2048
171 139     2048
171 170     2048
171 163     2048
171 179     2048
171 169     2048
171 173     2048
172 108     2048
172 236     2048
172 140     2048
172 173     2048
172 164     2048
172 180     2048
172 170     2048
172 174     2048
173 109     2048
173 237     2048
173 141     2048
173 172     2048
173 165     2048
173 181     2048
173 171     2048
173 175     2048
174 110     2048
174 238     2048
174 142     2048
174 168     2048
174 175     2048
174 166     2048
174 182     2048
174 172     2048
175 111     2048
175 239     2048
175 143     2048
175 169     2048
175 174     2048
175 167     2048
175 183     2048
175 173     2048
176 112     2048
176 240     2048
176 144     2048
176 182     2048
176 177     2048
176 168     2048
176 184     2048
176 178     2048
177 113     2048
177 241     2048
177 145     2048
177 183     2048
177 176     2048
177 169     2048
177 185     2048
177 179     2048
178 114     2048
178 242     2048
178 146     2048
178 179     2048
178 170     2048
178 186     2048
178 176     2048
178 180     2048
179 115     2048
179 243     2048
179 147     2048
179 178     2048
179 171     2048
179 187     2048
179 177     2048
179 181     2048
180 116     2048
180 244     2048
180 148     2048
180 181     2048
180 172     2048
180 188     2048
180 178     2048
180 182     2048
181 117     2048
181 245     2048
181 149     2048
181 180     2048
181 173     2048
181 189     2048
181 179     2048
181 183     2048
182 118     2048
182 246     2048
182 150     2048
182 176     2048
182 183     2048
182 174     2048
182 190     2048
182 180     2048
183 119     2048
183 247     2048
183 151     2048
183 177     2048
183 182     2048
183 175     2048
183 191     2048
183 181     2048
184 120     2048
184 248     2048
184 152     2048
184 160     2048
184 190     2048
184 185     2048
184 176     2048
184 186     2048
185 121     2048
185 249     2048
185 153     2048
185 161     2048
185 191     2048
185 184     2048
185 177     2048
185 187     2048
186 122     2048
186 250     2048
186 154     2048
186 162     2048
186 187     2048
186 178     2048
186 184     2048
186 188     2048
187 123     2048
187 251     2048
187 155     2048
187 163     2048
187 186     2048
187 179     2048
187 185     2048
187 189     2048
188 124     2048
188 252     2048
188 156     2048
188 164     2048
188 189     2048
188 180     2048
188 186     2048
188 190     2048
189 125     2048
189 253     2048
189 157     2048
189 165     2048
189 188     2048
189 181     2048
189 187     2048
189 191     2048
190 126     2048
190 254     2048
190 158     2048
190 166     2048
190 184     2048
190 191     2048
190 182     2048
190 188     2048
191 127     2048
191 255     2048
191 159     2048
191 167     2048
191 185     2048
191 190     2048
191 183     2048
191 189     2048
192 128     2048
192 0     2048
192 224     2048
192 216     2048
192 198     2048
192 193     2048
192 200     2048
192 194     2048
193 129     2048
193 1     2048
193 225     2048
193 217     2048
193 199     2048
193 192     2048
193 201     2048
193 195     2048
194 130     2048
194 2     2048
194 226     2048
194 218     2048
194 195     2048
194 202     2048
194 192     2048
194 196     2048
195 131     2048
195 3     2048
195 227     2048
195 219     2048
195 194     2048
195 203     2048
195 193     2048
195 197     2048
196 132     2048
196 4     2048
196 228     2048
196 220     2048
196 197     2048
196 204     2048
196 194     2048
196 198     2048
197 133     2048
197 5     2048
197 229     2048
197 221     2048
197 196     2048
197 205     2048
197 195     2048
197 199     2048
198 134     2048
198 6     2048
198 230     2048
198 222     2048
198 192     2048
198 199     2048
198 206     2048
198 196     2048
199 135     2048
199 7     2048
199 231     2048
199 223     2048
199 193     2048
199 198     2048
199 207     2048
199 197     2048
200 136     2048
200 8     2048
200 232     2048
200 206     2048
200 201     2048
200 192     2048
200 208     2048
200 202     2048
201 137     2048
201 9     2048
201 233     2048
201 207     2048
201 200     2048
201 193     2048
201 209     2048
201 203     2048
202 138     2048
202 10     2048
202 234     2048
202 203     2048
202 194     2048
202 210     2048
202 200     2048
202 204     2048
203 139     2048
203 11     2048
203 235     2048
203 202     2048
203 195     2048
203 211     2048
203 201     2048
203 205     2048
204 140     2048
204 12     2048
204 236     2048
204 205     2048
204 196     2048
204 212     2048
204 202     2048
204 206     2048
205 141     2048
205 13     2048
205 237     2048
205 204     2048
205 197     2048
205 213     2048
205 203     2048
205 207     2048
206 142     2048
206 14     2048
206 238     2048
206 200     2048
206 207     2048
206 198     2048
206 214     2048
206 204     2048
207 143     2048
207 15     2048
207 239     2048
207 201     2048
207 206     2048
207 199     2048
207 215     2048
207 205     2048
208 144     2048
208 16     2048
208 240     2048
208 214     2048
208 209     2048
208 200     2048
208 216     2048
208 210     2048
209 145     2048
209 17     2048
209 241     2048
209 215     2048
209 208     2048
209 201     2048
209 217     2048
209 211     2048
210 146     2048
210 18     2048
210 242     2048
210 211     2048
210 202     2048
210 218     2048
210 208     2048
210 212     2048
211 147     2048
211 19     2048
211 243     2048
211 210     2048
211 203     2048
211 219     2048
211 209     2048
211 213     2048
212 148     2048
212 20     2048
212 244     2048
212 213     2048
212 204     2048
212 220     2048
212 210     2048
212 214     2048
213 149     2048
213 21     2048
213 245     2048
213 212     2048
213 205     2048
213 221     2048
213 211     2048
213 215     2048
214 150     2048
214 22     2048
214 246     2048
214 208     2048
214 215     2048
214 206     2048
214 222     2048
214 212     2048
215 151     2048
215 23     2048
215 247     2048
215 209     2048
215 214     2048
215 207     2048
215 223     2048
215 213     2048
216 152     2048
216 24     2048
216 248     2048
216 192     2048
216 222     2048
216 217     2048
216 208     2048
216 218     2048
217 153     2048
217 25     2048
217 249     2048
217 193     2048
217 223     2048
217 216     2048
217 209     2048
217 219     2048
218 154     2048
218 26     2048
218 250     2048
218 194     2048
218 219     2048
218 210     2048
218 216     2048
218 220     2048
219 155     2048
219 27     2048
219 251     2048
219 195     2048
219 218     2048
219 211     2048
219 217     2048
219 221     2048
220 156     2048
220 28     2048
220 252     2048
220 196     2048
220 221     2048
220 212     2048
220 218     2048
220 222     2048
221 157     2048
221 29     2048
221 253     2048
221 197     2048
221 220     2048
221 213     2048
221 219     2048
221 223     2048
222 158     2048
222 30     2048
222 254     2048
222 198     2048
222 216     2048
222 223     2048
222 214     2048
222 220     2048
223 159     2048
223 31     2048
223 255     2048
223 199     2048
223 217     2048
223 222     2048
223 215     2048
223 221     2048
224 160     2048
224 32     2048
224 192     2048
224 248     2048
224 230     2048
224 225     2048
224 232     2048
224 226     2048
225 161     2048
225 33     2048
225 193     2048
225 249     2048
225 231     2048
225 224     2048
225 233     2048
225 227     2048
226 162     2048
226 34     2048
226 194     2048
226 250     2048
226 227     2048
226 234     2048
226 224     2048
226 228     2048
227 163     2048
227 35     2048
227 195     2048
227 251     2048
227 226     2048
227 235     2048
227 225     2048
227 229     2048
228 164     2048
228 36     2048
228 196     2048
228 252     2048
228 229     2048
228 236     2048
228 226     2048
228 230     2048
229 165     2048
229 37     2048
229 197     2048
229 253     2048
229 228     2048
229 237     2048
229 227     2048
229 231     2048
230 166     2048
230 38     2048
230 198     2048
230 254     2048
230 224     2048
230 231     2048
230 238     2048
230 228     2048
231 167     2048
231 39     2048
231 199     2048
231 255     2048
231 225     2048
231 230     2048
231 239     2048
231 229     2048
232 168     2048
232 40     2048
232 200     2048
232 238     2048
232 233     2048
232 224     2048
232 240     2048
232 234     2048
233 169     2048
233 41     2048
233 201     2048
233 239     2048
233 232     2048
233 225     2048
233 241     2048
233 235     2048
234 170     2048
234 42     2048
234 202     2048
234 235     2048
234 226     2048
234 242     2048
234 232     2048
234 236     2048
235 171     2048
235 43     2048
235 203     2048
235 234     2048
235 227     2048
235 243     2048
235 233     2048
235 237     2048
236 172     2048
236 44     2048
236 204     2048
236 237     2048
236 228     2048
236 244     2048
236 234     2048
236 238     2048
237 173     2048
237 45     2048
237 205     2048
237 236     2048
237 229     2048
237 245     2048
237 235     2048
237 239     2048
238 174     2048
238 46     2048
238 206     2048
238 232     2048
238 239     2048
238 230     2048
238 246     2048
238 236     2048
239 175     2048
239 47     2048
239 207     2048
239 233     2048
239 238     2048
239 231     2048
239 247     2048
239 237     2048
240 176     2048
240 48     2048
240 208     2048
240 246     2048
240 241     2048
240 232     2048
240 248     2048
240 242     2048
241 177     2048
241 49     2048
241 209     2048
241 247     2048
241 240     2048
241 233     2048
241 249     2048
241 243     2048
242 178     2048
242 50     2048
242 210     2048
242 243     2048
242 234     2048
242 250     2048
242 240     2048
242 244     2048
243 179     2048
243 51     2048
243 211     2048
243 242     2048
243 235     2048
243 251     2048
243 241     2048
243 245     2048
244 180     2048
244 52     2048
244 212     2048
244 245     2048
244 236     2048
244 252     2048
244 242     2048
244 246     2048
245 181     2048
245 53     2048
245 213     2048
245 244     2048
245 237     2048
245 253     2048
245 243     2048
245 247     2048
246 182     2048
246 54     2048
246 214     2048
246 240     2048
246 247     2048
246 238     2048
246 254     2048
246 244     2048
247 183     2048
247 55     2048
247 215     2048
247 241     2048
247 246     2048
247 239     2048
247 255     2048
247 245     2048
248 184     2048
248 56     2048
248 216     2048
248 224     2048
248 254     2048
248 249     2048
248 240     2048
248 250     2048
249 185     2048
249 57     2048
249 217     2048
249 225     2048
249 255     2048
249 248     2048
249 241     2048
249 251     2048
250 186     2048
250 58     2048
250 218     2048
250 226     2048
250 251     2048
250 242     2048
250 248     2048
250 252     2048
251 187     2048
251 59     2048
251 219     2048
251 227     2048
251 250     2048
251 243     2048
251 249     2048
251 253     2048
252 188     2048
252 60     2048
252 220     2048
252 228     2048
252 253     2048
252 244     2048
252 250     2048
252 254     2048
253 189     2048
253 61     2048
253 221     2048
253 229     2048
253 252     2048
253 245     2048
253 251     2048
253 255     2048
254 190     2048
254 62     2048
254 222     2048
254 230     2048
254 248     2048
254 255     2048
254 246     2048
254 252     2048
255 191     2048
255 63     2048
255 223     2048
255 231     2048
255 249     2048
255 254     2048
255 247     2048
255 253     2048
40 ION_0   2048.0
34 ION_0   2048.0
232 ION_1   2048.0
226 ION_1   2048.0
ION_0 SuperION 8388608
ION_1 SuperION 8388608
;

param Weight:=
IO 0.5
COMM 0.5
;

param: Jobs: Source Destination Demand Types :=
0 0 224   2048.0 COMM
1 1 225   2048.0 COMM
2 2 226   2048.0 COMM
3 3 227   2048.0 COMM
4 4 228   2048.0 COMM
5 5 229   2048.0 COMM
6 6 230   2048.0 COMM
7 7 231   2048.0 COMM
8 8 232   2048.0 COMM
9 9 233   2048.0 COMM
10 10 234   2048.0 COMM
11 11 235   2048.0 COMM
12 12 236   2048.0 COMM
13 13 237   2048.0 COMM
14 14 238   2048.0 COMM
15 15 239   2048.0 COMM
16 16 240   2048.0 COMM
17 17 241   2048.0 COMM
18 18 242   2048.0 COMM
19 19 243   2048.0 COMM
20 20 244   2048.0 COMM
21 21 245   2048.0 COMM
22 22 246   2048.0 COMM
23 23 247   2048.0 COMM
24 24 248   2048.0 COMM
25 25 249   2048.0 COMM
26 26 250   2048.0 COMM
27 27 251   2048.0 COMM
28 28 252   2048.0 COMM
29 29 253   2048.0 COMM
30 30 254   2048.0 COMM
31 31 255   2048.0 COMM
32 0 SuperION   2048.0 IO
32 1 SuperION   2048.0 IO
32 2 SuperION   2048.0 IO
32 3 SuperION   2048.0 IO
32 4 SuperION   2048.0 IO
32 5 SuperION   2048.0 IO
32 6 SuperION   2048.0 IO
32 7 SuperION   2048.0 IO
32 8 SuperION   2048.0 IO
32 9 SuperION   2048.0 IO
32 10 SuperION   2048.0 IO
32 11 SuperION   2048.0 IO
32 12 SuperION   2048.0 IO
32 13 SuperION   2048.0 IO
32 14 SuperION   2048.0 IO
32 15 SuperION   2048.0 IO
32 16 SuperION   2048.0 IO
32 17 SuperION   2048.0 IO
32 18 SuperION   2048.0 IO
32 19 SuperION   2048.0 IO
32 20 SuperION   2048.0 IO
32 21 SuperION   2048.0 IO
32 22 SuperION   2048.0 IO
32 23 SuperION   2048.0 IO
32 24 SuperION   2048.0 IO
32 25 SuperION   2048.0 IO
32 26 SuperION   2048.0 IO
32 27 SuperION   2048.0 IO
32 28 SuperION   2048.0 IO
32 29 SuperION   2048.0 IO
32 30 SuperION   2048.0 IO
32 31 SuperION   2048.0 IO
;