testid msgsize chunksize datasize time bandwidth numpaths/job maxpath/job minpath/job avgpath/job medpath/job totalhopbytes maxhopbytes minhopbytes avghopbytes medhopbytes totalcopies maxcopies/path mincopies/paths avgcopies/paths medcopies/path totalhops maxhops/path minhop/path avghops/path medhop/path totalcopies/node maxopies/node mincopies/node avgcopies/node medcopies/node maxloadpath minloadpath avgloadpath medloadpath maxloadlink minloadlink avgloadlink medloadlink totalrput maxrputs minrput avgrput medrput
0 8388608 65536 1024 5140 199221 972 9 3 7.59 8 3702504836 11184808 1864134 3809161.35 4194304 40032 126 15 41.19 48 3376 4 2 3.47 4 40057 103 14 29.72 32 2 1 1.41 1 5570560 917504 1546978.65 1179648 56441 170 14 39.17 32
1 8388608 65536 2048 37831 54135 865 10 1 3.38 3 17248314466 117440512 1677720 19940247.94 13421768 230418 1664 13 266.38 182 6111 14 2 7.06 7 230443 1216 12 244.37 197 4 1 2.36 2 29360128 786432 6667243.02 5570560 263211 1472 12 279.12 203
2 8388608 65536 4096 87586 46765 1859 20 1 3.63 3 33080949433 117440512 645277 17795023.90 9786707 439230 1664 9 236.27 126 12477 14 1 6.71 6 439255 2453 11 437.94 288 8 1 3.75 3 59310080 393216 9942995.06 7208960 504791 2965 11 502.78 288
3 8388608 65536 8192 88476 92590 3770 18 1 3.68 2 69652132479 125829120 1048576 18475366.71 9437184 931712 1792 8 247.14 128 28037 15 2 7.44 7 931712 3224 8 493.49 319 11 1 4.15 3 92274688 458752 10303345.00 7274496 1062809 4248 8 562.63 319
4 8388608 65536 2048 30237 67731 761 10 1 2.97 3 17358464818 109051904 1677720 22810072.03 16777212 232092 1536 13 304.98 210 5520 14 2 7.25 7 232117 790 13 241.54 195 3 1 1.95 2 20971520 786432 6116231.49 5046272 264860 917 13 272.21 243
5 8388608 65536 2048 5817 352071 1201 7 3 4.69 4 7077627172 13981010 3595116 5893111.72 6291456 75150 172 36 62.57 64 4011 5 3 3.34 3 75175 128 18 53.28 51 2 1 1.59 2 5636096 1179648 2804327.54 2818048 107943 224 18 74.24 64
6 8388608 65536 4096 35198 116370 1423 10 1 2.78 2 32966927638 117440512 1048576 23167201.43 14680064 437500 1664 12 307.45 192 9690 14 1 6.81 6 437525 1387 16 389.60 340 4 1 2.35 2 29360128 786432 7997808.66 6946816 503061 1643 16 447.96 384
7 8388608 65536 8192 58257 140618 3549 12 1 3.47 3 69900703562 117440512 1677720 19695887.17 12582912 935518 1664 13 263.60 171 27093 15 2 7.63 7 935518 2123 11 495.51 407 7 1 3.55 3 44433408 655360 9149220.19 7208960 1066590 2123 11 564.33 450
8 8388608 65536 4096 38353 106797 1542 10 1 3.01 3 33437706960 109051904 2396744 21684634.86 15099489 444680 1536 18 288.38 200 11403 14 2 7.39 7 444705 1648 13 415.61 364 5 1 2.91 3 37748736 786432 8534332.77 7340032 510241 1776 13 459.68 409
9 8388608 65536 4096 46965 87213 1497 9 1 2.92 3 33051865053 117440512 2396744 22078734.17 13981010 438784 1664 18 293.11 172 10263 14 2 6.86 6 438809 1740 14 383.91 323 4 1 2.40 2 33554432 917504 7742121.23 6291456 504345 1868 14 432.54 375
10 8388608 65536 4096 8308 493018 1952 6 2 3.81 4 12344115303 13981010 1398101 6323829.56 6291456 122594 168 42 62.80 64 5678 5 1 2.91 3 122619 127 21 59.84 64 2 1 1.48 1 6946816 1376256 3211588.35 2818048 188155 224 21 91.83 68
11 8388608 65536 8192 51493 159089 4006 14 1 3.91 4 69714233032 117440512 1290554 17402454.58 10485760 932672 1664 10 232.82 133 29506 15 2 7.37 7 932672 2123 12 460.35 372 6 1 3.11 3 50331648 589824 7336721.40 5570560 1063769 2123 12 524.80 447
12 8388608 65536 8192 44402 184496 2075 7 1 2.03 2 70423439387 117440512 2396744 33939006.93 25165824 943508 1664 18 454.70 320 16300 15 2 7.86 8 943508 1760 21 553.70 458 5 1 2.60 2 41943040 1179648 11239016.10 8388608 1074580 1760 26 530.92 416
13 8388608 65536 8192 44152 185540 2700 9 1 2.64 2 69988088710 125829120 2097152 25921514.34 16777216 936860 1792 21 346.99 234 20451 15 1 7.57 7 936860 1701 14 515.32 438 5 1 2.81 3 41943040 917504 9620342.48 8388608 1067957 1701 18 537.20 458
14 8388608 65536 8192 38105 214984 3316 13 1 3.24 3 69594710750 117440512 1398101 20987548.48 13421768 930836 1664 15 280.71 175 24273 15 1 7.32 7 930836 1728 14 474.67 425 5 1 2.81 3 37748736 589824 8061299.98 6946816 1061908 1728 18 524.92 477
15 8388608 65536 8192 5013 1634151 2048 2 2 2.00 2 17179869184 8388608 8388608 8388608.00 8388608 131072 64 64 64.00 64 4096 2 2 2.00 2 131072 64 64 64.00 64 2 1 1.33 1 8388608 4194304 5592405.33 4194304 262144 192 64 128.00 64
16 8388608 65536 1024 29230 35032 207 4 1 1.62 1 10617181224 92274688 18874368 51290730.55 41943040 145620 1280 256 703.48 576 2056 11 9 9.93 10 145645 853 32 292.46 277 3 1 1.93 2 25165824 2097152 9950416.25 8388608 162004 853 32 325.96 321
17 8388608 65536 1024 3703 276532 1038 12 5 8.11 8 3798098810 6710884 699050 3659054.73 4194304 41404 78 13 39.89 48 3659 5 1 3.53 4 41429 101 11 40.38 37 2 1 1.54 2 3342336 655360 1592596.45 1638400 57813 220 11 56.35 40
18 8388608 65536 1024 6403 159925 835 8 3 6.52 7 3869544165 13981010 2097152 4634184.63 4194304 42588 172 16 51.00 48 3018 5 2 3.61 4 42613 133 16 50.07 48 2 1 1.56 2 5636096 1048576 1992159.27 2097152 58997 261 16 69.33 50
19 8388608 65536 2048 38050 53823 896 13 1 3.50 3 15705709306 100663296 699050 17528693.42 10485760 206874 1408 10 230.89 128 5635 13 1 6.29 6 206899 1279 10 259.27 178 4 1 2.29 2 33554432 589824 6379032.54 4194304 239667 1344 13 300.33 207
20 8388608 65536 2048 30014 68234 682 10 1 2.66 2 15513857103 109051904 838860 22747591.06 13981010 203940 1536 14 299.03 172 4238 13 1 6.21 6 203965 1152 13 257.53 192 3 1 1.88 2 25165824 786432 6864113.05 5373952 236708 1184 13 299.25 202
21 8388608 65536 2048 37472 54654 919 13 1 3.59 3 15332745529 109051904 699050 16684162.71 10485760 201170 1536 10 218.90 128 5598 13 1 6.09 6 201195 1323 11 241.82 160 4 1 2.24 2 29360128 589824 6134998.31 4194304 233938 1451 11 281.51 170
22 8388608 65536 4096 42304 96822 1376 13 1 2.69 2 30800749274 109051904 1290554 22384265.46 13981010 404436 1536 10 293.92 172 8726 13 2 6.34 6 404461 1675 11 430.28 351 5 1 2.75 2 37748736 589824 9722249.05 8388608 469997 2187 11 500.00 352
23 8388608 65536 4096 39034 104934 1106 9 1 2.16 2 30863524768 100663296 932067 27905537.76 19573414 405396 1408 14 366.54 256 7099 12 1 6.42 6 405421 1814 14 456.04 373 4 1 2.38 2 33554432 917504 10356711.26 8388608 470957 2243 14 529.17 384
24 8388608 65536 4096 43210 94792 1328 14 1 2.59 2 30462192378 100663296 1198372 22938397.88 14680064 399272 1408 9 300.66 192 8287 12 1 6.24 6 399297 1920 12 433.08 299 5 1 2.72 2 41943040 589824 9997261.93 8388608 464833 2432 12 504.16 306
25 8388608 65536 8192 42032 194899 2237 11 1 2.18 2 64502765577 109051904 1398101 28834495.12 19573414 853160 1536 12 381.39 256 15762 14 1 7.05 7 853160 2240 11 630.10 523 6 1 2.97 2 44695552 720896 12142814.07 8388608 984232 3264 11 726.91 523
26 8388608 65536 8192 44148 185557 1881 10 1 1.84 1 64515203765 117440512 838860 34298353.94 25165824 853348 1664 12 453.67 320 13254 14 1 7.05 7 853348 2324 13 623.79 512 5 1 2.60 2 41943040 786432 12635125.17 8388608 984420 3348 13 719.61 512
27 8388608 65536 8192 47833 171262 2159 15 1 2.11 1 64016865204 117440512 1118480 29651164.99 20971520 845748 1664 8 391.73 275 15012 14 1 6.95 7 845748 2352 13 640.23 502 6 1 2.93 2 46137344 524288 12500854.43 8388608 976820 3376 13 739.45 502
28 8388608 65536 2048 40941 50023 742 11 1 2.90 2 15520826373 109051904 838860 20917555.76 12582912 204048 1536 12 275.00 160 4512 13 1 6.08 6 204073 1003 12 252.88 181 3 1 1.93 2 25165824 720896 6638140.88 4718592 236816 1088 12 290.57 217
29 8388608 65536 2048 42255 48467 1141 18 1 4.46 3 15137571284 92274688 466033 13266933.64 6291456 198182 1280 8 173.69 80 6658 12 1 5.84 5 198207 1322 7 245.31 123 5 1 2.75 2 37748736 458752 6254355.04 3932160 230975 1450 7 285.86 137
30 8388608 65536 2048 36397 56268 1141 19 1 4.46 3 14819769471 92274688 441505 12988404.44 5991860 193314 1280 8 169.43 72 6456 12 1 5.66 5 193339 1450 7 261.62 130 5 1 2.69 2 37748736 393216 6173545.81 3670016 226107 1578 7 305.96 152
31 8388608 65536 2048 10969 186707 1220 9 2 4.77 5 8249282180 20971520 1864134 6761706.70 6291456 92956 256 15 76.19 64 4680 6 2 3.84 4 92981 208 14 65.99 63 2 1 1.53 2 8388608 917504 2687360.75 2752512 125749 336 14 89.25 64
32 8388608 65536 2048 12529 163460 986 6 2 3.85 4 8863681328 16777216 4194303 8989534.82 8388605 102436 215 42 103.89 96 4096 6 3 4.15 4 102461 277 21 88.56 75 2 1 1.50 2 8388608 1376256 3255227.53 2818048 135229 405 21 116.88 75
33 8388608 65536 2048 4201 487502 1694 9 5 6.62 7 6867045602 8388605 932067 4053745.93 4194303 71516 100 28 42.22 42 5442 5 1 3.21 3 71541 122 14 51.36 43 2 1 1.54 2 3342336 917504 1937725.04 2097152 104309 246 14 74.88 52
34 8388608 65536 4096 40173 101959 1756 14 1 3.43 3 31169558183 100663296 1198372 17750317.87 10066326 410056 1408 10 233.52 128 10957 12 2 6.24 6 410081 1536 13 408.85 362 5 1 2.80 2 37748736 589824 7967381.73 5898240 475617 1792 13 474.19 447
35 8388608 65536 4096 39820 102862 1447 11 1 2.83 2 31343494754 100663296 1525200 21661019.18 11744047 412718 1408 12 285.22 156 8989 13 2 6.21 6 412743 1366 11 410.28 366 4 1 2.37 2 33554432 720896 8248119.51 6291456 478279 1622 11 475.43 427
36 8388608 65536 4096 45311 90397 1374 13 1 2.68 2 31990962390 109051904 645277 23283087.62 12582912 422604 1536 13 307.57 160 8768 13 1 6.38 6 422629 1536 9 446.75 376 4 1 2.38 2 33554432 589824 8681341.39 7012352 488165 1792 9 516.03 449
37 8388608 65536 8192 49607 165137 2474 11 1 2.42 2 65943987410 109051904 1198372 26654804.94 18874368 875152 1536 12 353.74 256 17451 14 1 7.05 7 875152 2005 18 560.99 501 5 1 2.77 2 41943040 720896 10455667.68 8388608 1006224 2517 18 644.60 522
38 8388608 65536 8192 43093 190100 2400 9 1 2.34 2 65460618066 117440512 1048576 27275257.53 16777216 867782 1664 14 361.58 234 16693 14 1 6.96 7 867782 2101 16 557.70 481 5 1 2.75 2 41943040 917504 10784332.08 8388608 998879 2613 16 641.54 491
39 8388608 65536 8192 51785 158192 2836 13 1 2.77 2 65077852115 117440512 645277 22947056.46 14680064 861948 1664 12 303.93 192 19407 14 1 6.84 6 861948 2241 14 568.19 479 6 1 3.14 3 44761088 589824 10528807.43 8388608 993045 2753 14 654.18 485
40 8388608 65536 4096 38210 107197 1710 11 1 3.34 3 33314202763 109051904 2287800 19481989.92 12582912 442796 1536 19 258.95 168 12078 14 2 7.06 7 442821 1525 12 400.02 350 5 1 2.96 3 37748736 720896 8155213.21 6946816 508357 1653 12 454.30 395
41 8388608 65536 4096 42753 95806 1371 10 1 2.68 2 30966071395 109051904 838860 22586485.34 13981010 406974 1536 15 296.84 172 8805 13 1 6.42 6 406999 1953 13 467.28 328 5 1 2.87 3 41943040 786432 10106532.43 8388608 472535 2081 13 527.38 399
42 8388608 65536 4096 49686 82437 1593 13 1 3.11 2 30948024340 100663296 762600 19427510.57 10066326 406674 1408 10 255.29 130 9877 13 1 6.20 6 406699 2218 11 488.23 334 6 1 3.23 3 44695552 589824 10106712.79 7864320 472235 2346 11 556.22 389
43 8388608 65536 4096 35832 114311 1666 12 1 3.25 3 34014400795 117440512 699050 20416807.20 12582912 453470 1664 12 272.19 160 11548 14 1 6.93 6 453495 1344 10 386.61 361 4 1 2.44 2 33554432 655360 7186473.11 5832704 519031 1472 10 442.10 424
44 8388608 65536 4096 54193 75581 1613 11 1 3.15 3 33083636745 109051904 762600 20510624.14 12582912 439268 1536 14 272.33 160 10868 14 1 6.74 6 439293 1494 11 378.05 317 4 1 2.44 2 33554432 720896 7421003.80 5767168 504829 1622 11 434.45 383
45 8388608 65536 4096 54630 74977 1998 18 1 3.90 3 30735993126 109051904 466033 15383379.94 6990505 403402 1536 8 201.90 88 11859 13 1 5.94 5 403427 1962 7 399.83 246 6 1 3.13 3 50331648 458752 8117358.89 5177344 468963 2090 7 464.32 320
46 8388608 65536 4096 11573 353927 1740 7 1 3.40 3 16915705782 25165824 3595116 9721669.99 8388608 192478 256 36 110.62 100 6924 6 3 3.98 4 192503 330 21 106.47 94 2 1 1.57 2 10092544 1179648 3829944.62 3801088 258039 458 21 142.41 107
47 8388608 65536 4096 8054 508567 2365 8 2 4.62 4 13778066552 16777216 1048576 5825820.95 5592404 144270 192 21 61.00 63 7598 6 1 3.21 4 144295 164 16 71.50 68 2 1 1.52 2 8388608 1048576 2748869.66 2752512 209831 288 18 103.98 83
48 8388608 65536 4096 8015 511041 2174 6 2 4.25 4 14244134222 16777216 2796202 6552039.66 6291456 151698 192 21 69.78 64 7259 5 2 3.34 3 151698 222 21 83.58 83 2 1 1.63 2 8388608 1376256 3192073.41 3342336 217259 307 21 119.64 96
49 8388608 65536 8192 44626 183570 2745 9 1 2.68 2 68886138764 117440512 1198372 25095132.52 16777212 920022 1664 16 335.16 215 19539 15 1 7.12 7 920022 1450 16 451.66 398 4 1 2.29 2 33554432 917504 8087882.63 7012352 1051094 1706 16 516.00 448
50 8388608 65536 8192 38108 214967 2737 14 1 2.67 2 68301046944 125829120 599186 24954712.07 16777212 911080 1792 14 332.88 210 19255 15 1 7.04 7 911080 1792 16 450.58 384 4 1 2.28 2 33554432 589824 8075969.43 6684672 1042152 2048 16 515.41 425
51 8388608 65536 8192 47319 173122 3280 12 1 3.20 3 66462227449 125829120 838860 20262874.22 12582909 883032 1792 11 269.22 160 22462 15 1 6.85 6 883032 1872 16 450.07 353 5 1 2.70 2 41943040 655360 7984180.65 6094848 1014104 2128 16 516.87 382
52 8388608 65536 8192 56554 144852 2557 13 1 2.50 2 64592651874 109051904 1198372 25261107.50 14680064 854530 1536 10 334.19 192 17832 14 1 6.97 6 854530 3346 12 716.89 576 7 1 3.57 3 54525952 655360 12915899.35 8388608 985602 3474 12 787.85 644
53 8388608 65536 8192 59541 137585 2189 8 1 2.14 1 64739478448 117440512 1398101 29574910.21 19573414 856772 1664 16 391.40 256 15223 14 1 6.95 6 856772 3012 16 711.60 566 6 1 3.15 3 50331648 1048576 13381427.12 8716288 987844 3140 16 777.22 608
54 8388608 65536 8192 63421 129168 2208 11 1 2.16 1 64474058788 117440512 932067 29200207.78 19573414 852728 1664 13 386.20 256 15265 14 1 6.91 6 852728 2728 11 697.81 517 6 1 3.12 3 50331648 720896 13198427.19 8454144 983800 2856 11 772.21 597
55 8388608 65536 8192 46675 175511 2732 10 1 2.67 2 66716278816 109051904 1048576 24420307.03 16777212 886934 1536 13 324.65 215 19508 14 1 7.14 7 886934 1813 15 567.82 531 5 1 2.96 3 41943040 786432 10119223.60 8388608 1018006 1941 15 633.09 602
56 8388608 65536 8192 57805 141717 3129 14 1 3.06 2 64408256887 109051904 838860 20584294.31 11184808 851708 1536 14 272.20 147 20932 14 1 6.69 6 851708 2596 9 665.92 528 7 1 3.75 3 58720256 589824 11538421.73 8388608 982805 2724 9 743.99 618
57 8388608 65536 8192 51486 159111 2662 10 1 2.60 2 64261140169 109051904 932067 24140172.87 14680064 849478 1536 13 319.11 192 18065 14 1 6.79 6 849478 2346 13 679.58 569 6 1 3.34 3 50331648 786432 11889236.78 8388608 980575 2474 13 756.62 653
58 8388608 65536 8192 61820 132513 3684 13 1 3.60 3 68058778676 109051904 932067 18474152.74 11184808 907388 1536 12 246.31 147 26215 15 1 7.12 7 907388 1558 16 453.47 375 5 1 2.86 3 41943040 589824 7436245.03 5636096 1038460 1686 16 516.90 450
59 8388608 65536 8192 53399 153411 3234 13 1 3.16 3 66045322429 117440512 645277 20422177.62 10485760 876666 1664 11 271.08 130 21460 14 1 6.64 6 876666 1887 14 529.39 468 5 1 2.86 3 41943040 589824 8812799.25 7012352 1007738 2015 14 601.63 548
60 8388608 65536 8192 76640 106889 4325 20 1 4.22 3 63912308216 109051904 419430 14777412.30 6291456 844072 1536 7 195.16 80 27173 14 1 6.28 6 844072 2923 9 583.33 432 8 1 4.01 3 67108864 393216 9435558.42 6815744 975144 3051 9 672.05 552
61 8388608 65536 8192 14823 552654 2546 6 1 2.49 2 26694506582 41943040 2796202 10484880.83 12582912 276170 512 21 108.47 128 8013 6 2 3.15 3 276170 373 25 135.24 128 2 1 1.49 1 12582912 1376256 4970020.80 4194304 407267 501 25 199.06 192
62 8388608 65536 8192 12862 636914 2727 5 1 2.66 2 31368078627 25165824 5033163 11502779.11 11184808 347542 256 52 127.44 128 10108 6 3 3.71 4 347542 395 32 169.95 170 2 1 1.62 2 12582912 1638400 5015421.67 4849664 478639 523 32 233.82 235
63 8388608 65536 8192 9490 863224 3059 5 1 2.99 3 20985499626 20971520 1677721 6860248.32 6291456 188880 256 50 61.75 64 7821 5 1 2.56 3 188880 255 25 92.23 96 2 1 1.48 1 10485760 1638400 3973540.70 4194304 319977 351 32 156.16 160
64 8388608 65536 2048 50263 40745 501 9 1 1.96 1 15056991289 92274688 1398101 30053874.83 20971520 196986 1280 25 393.19 258 3243 12 1 6.47 6 196986 1724 15 420.01 256 6 1 2.70 2 50331648 983040 12558096.87 8388608 229754 1852 15 462.28 320
65 8388608 65536 2048 46554 43991 490 7 1 1.91 1 15145591162 100663296 1677721 30909369.72 19573414 198330 1408 18 404.76 258 3133 12 1 6.39 6 198355 1762 18 470.04 320 6 1 2.78 2 50331648 1179648 13438543.50 8388608 231123 1890 18 505.74 384
66 8388608 65536 2048 53710 38130 490 8 1 1.91 1 15165544153 100663296 1198372 30950090.11 20971520 198636 1408 21 405.38 258 3120 12 1 6.37 6 198661 1908 16 433.76 256 6 1 2.65 2 50331648 1048576 12873762.77 8388608 231429 2036 16 487.22 384
67 8388608 65536 2048 43032 47592 640 9 1 2.50 2 14934291197 100663296 1398101 23334830.00 14680064 195104 1408 15 304.85 192 3975 12 1 6.21 6 195129 1629 14 374.53 272 5 1 2.63 2 41943040 917504 9889946.62 8388608 227897 1757 14 434.09 314
68 8388608 65536 2048 45923 44596 641 9 1 2.50 2 14985301751 92274688 2097152 23378005.85 13981010 195896 1280 16 305.61 172 4003 12 1 6.24 6 195921 1763 14 366.89 235 5 1 2.59 2 41943040 917504 9699497.67 7864320 228689 1891 14 421.16 288
69 8388608 65536 2048 46327 44207 662 9 1 2.59 2 14895423764 100663296 932067 22500640.13 12582912 194508 1408 25 293.82 160 4078 12 1 6.16 6 194533 1514 14 364.29 237 5 1 2.64 2 41943040 917504 9653117.26 8388608 227301 1642 14 420.15 277
70 8388608 65536 2048 35240 58115 679 9 1 2.65 2 15105691487 100663296 1198372 22246968.32 13981010 197718 1408 14 291.19 172 4173 12 1 6.15 6 197743 1547 14 346.31 256 4 1 2.34 2 33554432 917504 8462257.98 6946816 230486 1675 14 400.85 303
71 8388608 65536 2048 38840 52729 681 11 1 2.66 2 14938530836 100663296 1398101 21936168.63 13981010 195170 1408 11 286.59 168 4093 12 1 6.01 6 195195 1539 14 337.71 219 4 1 2.35 2 33554432 720896 8590077.50 7012352 227963 1667 14 391.02 256
72 8388608 65536 2048 37073 55242 682 8 1 2.66 2 14927886570 92274688 1048576 21888396.73 12582912 195008 1280 16 285.94 160 4054 12 1 5.94 6 195033 1376 16 340.37 234 4 1 2.34 2 33554432 1048576 8628628.86 6684672 227801 1504 16 392.08 256
73 8388608 65536 4096 68920 59431 1033 10 1 2.02 1 31272782523 100663296 1198372 30273748.81 20971520 411650 1408 18 398.50 288 6912 13 1 6.69 6 411675 2316 12 574.16 384 7 1 3.04 2 58720256 786432 13752357.83 8388608 477211 2444 12 620.56 410
74 8388608 65536 4096 57629 71075 906 11 1 1.77 1 31263781898 109051904 1198372 34507485.54 25165824 411502 1536 21 454.20 320 6016 13 1 6.64 6 411527 2432 12 606.97 452 6 1 2.78 2 50331648 720896 14440259.75 8388608 477063 2560 12 658.02 495
75 8388608 65536 4096 53439 76648 920 10 1 1.80 1 31142732782 109051904 1864134 33850796.50 25165824 409660 1536 14 445.28 320 6050 13 1 6.58 6 409685 2517 12 578.65 384 6 1 2.78 2 50331648 786432 14285525.26 8388608 475221 2645 12 629.43 443
76 8388608 65536 4096 44314 92431 1083 10 1 2.12 1 31024539609 109051904 1048576 28646850.98 16777216 407860 1536 19 376.60 224 7024 13 1 6.49 6 407885 1909 12 501.70 374 5 1 2.61 2 41943040 786432 11533264.04 8388608 473421 2037 12 571.07 448
77 8388608 65536 4096 41106 99644 1083 9 1 2.12 2 30878411471 109051904 1398101 28511921.95 19573414 405632 1536 16 374.54 256 6983 13 1 6.45 6 405657 1988 14 503.30 331 5 1 2.60 2 37748736 917504 11508932.56 8388608 471193 2116 14 567.02 384
78 8388608 65536 4096 46929 87280 1080 8 1 2.11 1 31110229684 109051904 1398101 28805768.23 19573414 409162 1536 18 378.85 252 7042 13 1 6.52 6 409187 1854 16 522.59 395 5 1 2.67 2 41943040 1048576 11779556.28 8388608 474723 1982 16 587.53 451
79 8388608 65536 4096 49659 82482 1623 11 1 3.17 3 31041491547 109051904 762600 19125996.02 10485760 408112 1536 12 251.46 130 10298 13 1 6.35 6 408137 1908 12 475.13 361 6 1 3.31 3 41943040 720896 9984237.80 8192000 473673 2036 12 542.58 427
80 8388608 65536 4096 47264 86662 1360 12 1 2.66 2 30909199632 109051904 699050 22727352.67 12582912 406096 1536 14 298.60 160 8470 13 1 6.23 6 406121 1620 10 485.21 384 5 1 2.80 2 37748736 655360 10227953.26 8388608 471657 1748 10 547.80 416
81 8388608 65536 4096 49401 82913 1642 13 1 3.21 2 30869529872 100663296 838860 18799957.29 10485760 405484 1408 10 246.95 130 10274 13 1 6.26 6 405509 1946 12 471.52 332 6 1 3.24 3 50331648 655360 9747005.60 7012352 471045 2074 12 541.43 414
82 8388608 65536 8192 78489 104371 1984 10 1 1.94 1 64943382176 109051904 1048576 32733559.56 22369616 859882 1536 13 433.41 301 13987 14 1 7.05 6 859882 3040 16 758.27 566 8 1 3.43 3 62914560 786432 15940883.98 9437184 990979 3168 16 820.35 640
83 8388608 65536 8192 70808 115693 1987 13 1 1.94 1 64876513513 117440512 1398101 32650484.91 20971520 858868 1664 18 432.24 288 13671 14 1 6.88 6 858868 3166 10 776.55 544 8 1 3.41 2 67108864 655360 16186803.35 8388608 989940 3294 10 814.10 568
84 8388608 65536 8192 63681 128641 1957 13 1 1.91 1 65057300822 117440512 1048576 33243383.15 23068672 861612 1664 18 440.27 320 13837 14 1 7.07 6 861612 3559 12 776.23 511 8 1 3.40 2 67108864 589824 15988335.86 8388608 992684 3687 12 829.31 554
85 8388608 65536 8192 49906 164148 2237 12 1 2.18 1 64449771530 117440512 1198372 28810805.33 19573414 852354 1664 16 381.03 256 15377 14 1 6.87 6 852354 2275 16 691.28 587 6 1 3.12 3 50331648 655360 13080943.04 8716288 983426 2403 16 781.12 693
86 8388608 65536 8192 51180 160062 2236 13 1 2.18 1 64621824267 109051904 1198372 28900636.97 19573414 854962 1536 18 382.36 256 15371 14 1 6.87 6 854962 2368 16 713.66 623 6 1 3.16 3 50331648 589824 13285510.74 9764864 986034 2496 16 782.57 666
87 8388608 65536 8192 67126 122039 2603 13 1 2.54 2 64482368396 117440512 1048576 24772327.47 15379111 852846 1664 10 327.64 200 18070 14 1 6.94 6 852846 2581 11 686.67 512 7 1 3.52 3 58720256 655360 12562254.05 8388608 983918 2709 11 769.89 609
88 8388608 65536 8192 49185 166554 2316 11 1 2.26 2 64375844377 109051904 932067 27796133.15 16777216 851230 1536 12 367.54 215 15399 14 1 6.65 6 851230 2464 16 675.58 624 5 1 2.94 3 41943040 720896 12278493.97 8388608 982302 2592 16 749.85 717
89 8388608 65536 8192 56552 144857 3155 13 1 3.08 2 64453114933 109051904 762600 20428879.54 11184808 852392 1536 10 270.17 147 20899 14 1 6.62 6 852392 2463 11 669.07 531 7 1 3.81 3 58720256 655360 11737806.72 8388608 983464 2591 11 748.45 613
90 8388608 65536 8192 53954 151833 2717 10 1 2.65 2 64264281881 109051904 838860 23652661.72 14680064 849514 1536 14 312.67 192 18555 14 1 6.83 6 849514 2144 12 666.29 554 6 1 3.40 3 50331648 786432 11761133.26 8388608 980586 2272 12 756.04 651
