testid msgsize chunksize datasize time bandwidth numpaths/job maxpath/job minpath/job avgpath/job medpath/job totalhopbytes maxhopbytes minhopbytes avghopbytes medhopbytes totalcopies maxcopies/path mincopies/paths avgcopies/paths medcopies/path totalhops maxhops/path minhop/path avghops/path medhop/path totalcopies/node maxopies/node mincopies/node avgcopies/node medcopies/node maxloadpath minloadpath avgloadpath medloadpath maxloadlink minloadlink avgloadlink medloadlink totalrput maxrputs minrput avgrput medrput
0 8388608 65536 2048 5857 349667 9877 47 5 38.58 40 8349251934 6710884 356962 845322.66 838860 93970 78 3 9.51 9 38580 6 2 3.91 4 93970 152 3 31.14 12 16 1 3.63 2 6815744 131072 781658.34 458752 126738 204 3 41.99 12
1 8388608 65536 4096 68226 60035 5695 35 1 11.12 10 38851900109 125829120 599186 6822107.13 4194302 527216 1792 5 92.58 56 44552 16 2 7.82 7 527241 1699 4 272.34 208 16 1 6.36 5 40828928 196608 5547136.24 3735552 592752 1955 4 306.33 218
2 8388608 65536 8192 74569 109857 6671 29 1 6.51 5 74102985777 134217728 335544 11108227.52 5392674 999602 1920 6 149.84 72 49848 16 1 7.47 7 999627 2599 6 514.48 321 16 1 6.60 5 61538304 262144 9804161.32 6684672 1130674 3111 6 582.22 327
3 8388608 65536 16384 148716 110169 8815 25 1 4.30 2 155797544107 134217728 559240 17674140.00 7743324 2115068 1920 6 239.94 105 72613 17 1 8.24 8 2115068 4507 7 568.57 329 16 1 5.42 3 120193024 327680 11628944.21 7274496 2377212 5531 7 639.04 329
4 8388608 65536 4096 38202 107219 7088 38 1 13.84 14 38894224759 100663296 479348 5487334.19 3947576 527898 1408 4 74.48 54 58192 16 2 8.21 8 527923 1027 3 268.12 235 16 1 7.08 6 31719424 196608 4730149.67 3604480 593459 1135 3 298.22 266
5 8388608 65536 4096 4772 858340 16790 43 20 32.79 33 19882429748 2097150 585249 1184182.83 1233615 235528 28 6 14.03 16 77806 5 3 4.63 5 235553 159 3 62.46 59 16 1 4.72 3 5177344 131072 1196877.79 720896 301064 244 3 79.86 86
6 8388608 65536 8192 51842 158018 9980 35 1 9.75 9 74065957375 117440512 239674 7421438.61 4893350 998984 1664 5 100.10 64 76586 16 1 7.67 7 999009 1570 3 445.99 401 16 1 7.13 6 40828928 196608 6890523.82 4915200 1130056 1751 3 504.71 458
7 8388608 65536 16384 67990 240976 15160 26 1 7.40 6 156015533407 134217728 364722 10291262.10 6151640 2118380 1920 5 139.73 81 125662 17 1 8.29 8 2118380 3156 6 548.52 460 16 1 6.91 5 56426496 327680 8583770.06 6291456 2380524 3156 6 615.60 509
8 8388608 65536 8192 45432 180313 8904 28 1 8.70 8 74386130129 109051904 599186 8354237.44 5592400 1003946 1536 5 112.75 72 72710 16 2 8.17 8 1003971 2325 4 456.14 341 16 1 7.49 6 55967744 262144 7660611.70 5898240 1135018 2453 4 508.29 403
9 8388608 65536 8192 57494 142484 10636 34 1 10.39 10 74261404750 109051904 299593 6982080.18 4441023 1001976 1536 5 94.21 60 83957 16 1 7.89 7 1002001 2180 4 431.52 340 16 1 7.41 6 53608448 196608 6555613.47 4653056 1133048 2180 4 484.42 395
10 8388608 65536 8192 6985 1172798 24111 42 4 23.55 23 35899877544 6291456 199728 1488941.87 1553445 411678 64 6 17.07 20 101061 5 1 4.19 5 411703 253 18 100.51 102 16 1 4.11 3 8716288 196608 1445216.32 1114112 542750 312 18 132.54 114
11 8388608 65536 16384 59785 274048 19355 35 1 9.45 9 156045415960 142606336 441505 8062279.31 4934470 2118778 2048 5 109.47 64 155765 17 1 8.05 8 2118778 2911 6 518.55 424 16 1 6.70 5 59637760 196608 6710653.03 4587520 2380922 2911 6 582.70 500
12 8388608 65536 16384 72318 226554 10668 21 1 5.21 4 156693738075 134217728 838860 14688201.92 8388603 2128802 1920 7 199.55 110 91022 17 2 8.53 8 2128802 2664 7 600.00 449 16 1 6.14 4 70254592 393216 10570939.56 7536640 2390946 2732 8 588.47 406
13 8388608 65536 16384 53973 303559 16183 25 1 7.90 7 156403325938 134217728 524288 9664668.23 6151640 2124346 1920 7 131.27 84 138046 17 1 8.53 8 2124346 2124 5 567.25 473 16 1 7.42 6 49676288 327680 8405041.31 6619136 2386490 2239 7 594.54 481
14 8388608 65536 16384 49504 330963 19245 33 1 9.40 8 156051570005 134217728 279620 8108681.22 4893350 2118920 1920 5 110.10 64 158535 17 1 8.24 8 2118920 2031 5 532.79 443 16 1 7.19 6 49545216 262144 7077852.33 5111808 2381064 2159 7 590.83 500
15 8388608 65536 16384 8648 1894542 32768 30 4 16.00 16 64466734240 8388608 559240 1967368.60 2097152 720154 96 5 21.98 24 123170 6 2 3.76 4 720154 291 71 175.82 176 16 1 4.00 3 13434880 262144 2090261.76 1376256 982323 376 82 239.77 239
16 8388608 65536 2048 4026 508693 8681 50 24 33.91 33 8890123669 2013264 167772 1024089.81 1016800 102180 25 3 11.77 12 36196 6 1 4.17 4 102180 156 2 43.55 34 16 1 4.07 3 4784128 131072 993256.08 655360 134948 284 2 57.52 34
17 8388608 65536 2048 6587 310915 6116 37 15 23.89 23 10229771618 3355440 453438 1672624.53 1677720 122782 45 4 20.08 20 29179 6 2 4.77 5 122807 216 4 57.23 39 16 1 4.21 3 7667712 196608 1470377.15 917504 155550 297 4 72.52 39
18 8388608 65536 2048 9480 216033 4490 28 7 17.54 18 12875435707 7190232 1342176 2867580.34 2669100 163350 95 16 36.38 35 26972 7 4 6.01 6 163375 310 4 86.30 48 16 1 4.50 2 11599872 262144 2145349.57 1179648 196118 438 4 103.66 48
19 8388608 65536 4096 35918 114037 5452 48 1 10.65 9 35131004085 125829120 174762 6443691.14 3871662 470408 1792 4 86.28 50 38717 15 1 7.10 7 470433 1601 3 334.83 260 16 1 6.61 5 37224448 131072 5999936.11 3801088 535944 1857 3 381.73 294
20 8388608 65536 4096 44450 92148 5391 39 1 10.53 9 34929898502 125829120 215092 6479298.55 4194300 467344 1792 4 86.69 54 38705 15 1 7.18 7 467369 1802 3 305.67 222 16 1 6.34 4 38404096 196608 5719427.40 3407872 532880 1802 3 348.74 245
21 8388608 65536 4096 89643 45692 3797 30 1 7.42 5 33443034439 125829120 289262 8807752.03 3670016 444634 1792 4 117.10 45 24305 15 1 6.40 6 444659 3325 5 487.56 308 16 1 6.71 5 81330176 262144 9233499.34 5636096 510170 3581 5 560.01 337
22 8388608 65536 8192 71977 113814 6584 29 1 6.43 5 68373209756 117440512 289262 10384752.39 5592402 912128 1664 5 138.54 72 46162 14 1 7.01 7 912153 2660 4 582.85 465 16 1 7.28 6 68288512 262144 10774965.36 8388608 1043200 3172 4 667.01 469
23 8388608 65536 8192 69142 118480 7006 30 1 6.84 6 68671816906 117440512 279620 9801857.97 5872020 916682 1664 5 130.84 78 50354 14 1 7.19 7 916707 2332 4 526.54 405 16 1 7.08 5 57737216 262144 9653536.64 6946816 1047754 2844 4 602.16 405
24 8388608 65536 8192 65361 125334 6948 30 1 6.79 5 68301189689 117440512 310689 9830338.18 5872020 911034 1664 5 131.12 78 50147 14 1 7.22 7 911059 2359 4 523.00 353 16 1 7.05 5 54460416 262144 9594753.98 6488064 1042106 2871 4 598.57 355
25 8388608 65536 16384 151240 108331 7455 28 1 3.64 2 144570179131 134217728 399457 19392378.15 8388604 1943752 1920 5 260.73 110 54911 16 1 7.37 7 1943752 4657 6 863.12 512 16 1 5.95 4 115998720 262144 15655793.83 8388608 2205896 5681 6 979.53 512
26 8388608 65536 16384 65476 250229 9180 23 1 4.48 3 144283339743 134217728 559240 15717139.41 8388600 1939404 1920 6 211.26 108 72403 16 1 7.89 7 1939404 3042 7 748.23 616 16 1 6.56 5 76808192 393216 13071267.42 8388608 2201573 4066 7 849.04 621
27 8388608 65536 16384 72367 226401 8821 22 1 4.31 3 143763088615 134217728 381300 16297822.09 8388604 1931460 1920 6 218.96 112 68723 16 1 7.79 7 1931460 3554 8 770.12 588 16 1 6.45 4 73662464 393216 13492260.14 8388608 2193604 4578 8 874.64 588
28 8388608 65536 4096 38981 105076 5586 36 1 10.91 10 34781218614 109051904 233016 6226498.14 3947576 465098 1536 4 83.26 52 41188 15 1 7.37 7 465123 1519 4 310.08 198 16 1 6.92 5 39387136 196608 5842679.74 3604480 530634 1647 4 353.76 249
29 8388608 65536 4096 44657 91721 5059 40 1 9.88 8 33805010076 109051904 209715 6682152.61 3871662 450176 1536 4 88.99 50 34570 14 1 6.83 6 450201 1571 3 329.58 181 16 1 6.84 5 47841280 196608 6691289.18 3866624 515712 1648 3 376.98 245
30 8388608 65536 4096 64479 63524 4500 44 1 8.79 7 33122086828 100663296 190650 7360463.74 3495250 439730 1408 4 97.72 45 29592 14 1 6.58 6 439755 2854 3 347.36 109 16 1 6.38 4 66650112 196608 7144102.69 3735552 505266 2982 3 399.42 122
31 8388608 65536 4096 10345 395940 9244 30 7 18.05 18 20723940700 5991860 838860 2241880.21 2097152 249662 76 10 27.01 24 44579 6 3 4.82 5 249687 303 5 90.63 42 16 1 5.12 2 13041664 262144 2373528.22 1114112 315198 431 5 114.45 42
32 8388608 65536 4096 11637 351980 7592 25 3 14.83 16 26038547056 19573414 1823610 3429734.86 2995930 331400 252 20 43.65 40 45867 7 5 6.04 6 331425 434 6 152.94 64 16 1 6.82 4 13631488 327680 3867617.86 2293760 396936 536 6 183.26 64
33 8388608 65536 4096 4057 1009613 18936 48 26 36.98 37 19150582801 1613190 174762 1011332.00 1075460 223328 20 4 11.79 12 84552 5 1 4.47 5 223353 243 2 66.83 54 16 1 4.94 3 4259840 131072 1106622.50 720896 288864 371 2 86.46 54
34 8388608 65536 8192 50844 161120 9850 33 1 9.62 9 70387151939 117440512 508400 7145903.75 4194302 942744 1664 4 95.71 54 69958 14 2 7.10 7 942769 2059 4 497.24 443 16 1 7.54 6 47841280 262144 7585814.96 5570560 1073816 2059 4 566.66 528
35 8388608 65536 8192 63516 128975 9786 33 1 9.56 8 70760552010 117440512 508400 7230794.20 4194302 948478 1664 4 96.92 55 70170 15 2 7.17 7 948503 1806 4 508.58 469 16 1 7.57 6 48758784 196608 7632904.18 5636096 1079550 2062 4 579.16 544
36 8388608 65536 8192 45573 179755 9191 40 1 8.98 8 72153362838 125829120 209715 7850436.61 4516939 969784 1792 4 105.51 60 67057 15 1 7.30 7 969809 2223 4 519.45 455 16 1 7.28 6 42336256 196608 7827460.00 5570560 1100856 2479 4 589.95 537
37 8388608 65536 16384 75465 217107 13567 30 1 6.62 5 147869760078 125829120 419430 10899223.12 6524469 1994072 1792 6 146.98 88 107910 16 1 7.95 8 1994072 2508 6 639.13 541 16 1 6.99 5 58327040 262144 9574782.86 7012352 2256241 3020 6 722.92 552
38 8388608 65536 16384 55372 295889 14067 26 1 6.87 5 146953832839 125829120 364722 10446707.39 6291450 1980090 1792 6 140.76 81 113001 16 1 8.03 8 1980090 2405 7 619.75 470 16 1 7.04 5 55902208 327680 9150448.19 6356992 2242234 2910 7 701.79 474
39 8388608 65536 16384 75806 216130 13394 41 1 6.54 5 145175043515 125829120 204600 10838811.67 6524469 1952926 1792 5 145.81 90 106279 16 1 7.93 8 1952926 2848 5 625.34 462 16 1 6.98 5 60358656 196608 9536646.14 6225920 2215070 3360 5 709.28 467
40 8388608 65536 8192 42087 194644 8902 31 1 8.69 8 74604800264 125829120 299593 8380678.53 5592400 1007260 1792 5 113.15 72 71498 16 1 8.03 8 1007285 1999 5 461.42 388 16 1 7.08 6 46858240 262144 7386309.50 5570560 1138332 2127 5 521.45 455
41 8388608 65536 8192 71017 115352 5673 27 1 5.54 3 67464274150 125829120 335544 11892168.90 5033160 898238 1792 5 158.34 65 37610 15 1 6.63 6 898263 3253 5 821.08 557 16 1 7.68 6 81592320 262144 13775139.91 8650752 1029310 3381 5 870.82 580
42 8388608 65536 8192 81927 99991 6256 30 1 6.11 4 67696856884 117440512 279620 10821108.84 5033160 901772 1664 5 144.15 64 42747 15 1 6.83 6 901797 3768 4 584.82 245 16 1 7.14 6 77332480 262144 11298358.27 7012352 1032844 3896 4 650.00 318
43 8388608 65536 8192 38851 210856 10910 35 1 10.65 10 76187239287 125829120 493446 6983248.33 4194302 1031360 1792 4 94.53 56 84638 16 2 7.76 7 1031385 1834 4 450.39 392 16 1 7.44 6 44761088 196608 6700777.87 5046272 1162432 1834 4 498.68 444
44 8388608 65536 8192 52869 154949 10150 36 1 9.91 9 74216617758 117440512 254200 7311982.05 4441023 1001296 1664 5 98.65 56 76625 16 1 7.55 7 1001321 2030 3 451.66 336 16 1 7.32 6 50069504 196608 7088630.17 4849664 1132368 2158 3 510.08 421
45 8388608 65536 8192 66688 122840 7741 42 1 7.56 5 68415238138 109051904 199728 8838036.19 4473920 912660 1536 4 117.90 56 53306 15 1 6.89 6 912685 3158 3 572.22 396 16 1 7.30 6 76349440 196608 9370058.98 6094848 1043732 3286 3 654.79 524
46 8388608 65536 8192 13562 604040 16956 29 2 16.56 17 51980238438 20971520 1446310 3065595.57 2936010 660916 258 16 38.98 36 102702 7 5 6.06 6 660916 485 5 180.97 234 16 1 7.63 5 15204352 262144 3855859.56 2490368 792013 581 5 216.81 264
47 8388608 65536 8192 6588 1243472 27057 45 5 26.42 25 34435906310 6710884 186413 1272717.09 1342176 391358 78 4 14.46 15 109587 6 1 4.05 4 391383 252 8 95.53 82 16 1 4.74 3 7536640 131072 1481521.96 1114112 522430 380 8 127.55 82
48 8388608 65536 8192 5841 1402499 26979 39 5 26.35 26 36316319760 6710884 466032 1346095.84 1398100 420012 78 4 15.57 16 115151 6 2 4.27 4 420037 293 3 105.91 122 16 1 5.48 4 8060928 196608 1719065.21 1179648 551084 421 3 138.99 122
49 8388608 65536 16384 90817 180406 14973 36 1 7.31 6 154498477104 142606336 364722 10318471.72 5592400 2095176 2048 5 139.93 72 116060 17 1 7.75 7 2095176 3502 5 572.30 392 16 1 6.58 5 74514432 196608 8756905.31 5701632 2357320 3758 5 643.90 423
50 8388608 65536 16384 91088 179870 16566 35 1 8.09 7 152822743684 134217728 239674 9225084.13 5338200 2069528 1920 4 124.93 72 125601 17 1 7.58 7 2069528 3304 5 535.45 412 16 1 6.64 5 65077248 196608 8076130.02 5505024 2331672 3560 5 603.12 487
51 8388608 65536 16384 58586 279657 18271 37 1 8.92 8 148859856092 134217728 246723 8147329.43 5033160 2009020 1920 4 109.96 66 139821 17 1 7.65 7 2009020 2165 6 524.96 442 16 1 7.20 6 53280768 196608 7659685.26 5505024 2271164 2421 6 593.46 508
52 8388608 65536 16384 80571 203348 9514 21 1 4.65 3 143795969009 125829120 399457 15114144.31 8388604 1931948 1792 6 203.06 110 74698 16 1 7.85 7 1931948 3715 6 785.98 565 16 1 6.96 5 88997888 393216 13398435.83 8388608 2194092 3843 6 869.64 649
53 8388608 65536 16384 76189 215044 9345 22 1 4.56 3 143930530653 125829120 419430 15401875.94 8388603 1934044 1792 7 206.96 108 74152 16 1 7.93 7 1934044 3650 6 796.56 594 16 1 6.85 5 73007104 393216 13299804.74 8388608 2196213 3778 6 882.72 685
54 8388608 65536 16384 77144 212382 9370 22 1 4.58 3 143710870669 125829120 399457 15337339.45 8388603 1930660 1792 7 206.05 108 73108 16 1 7.80 7 1930660 3178 7 818.42 607 16 1 6.94 5 82771968 393216 13639381.43 8388608 2192804 3306 7 906.87 701
55 8388608 65536 16384 52596 311506 15606 30 1 7.62 7 148804000534 125829120 310689 9535050.66 6100800 2008372 1792 5 128.69 81 124979 16 1 8.01 8 2008372 2549 4 635.16 555 16 1 7.69 7 54132736 262144 9160338.38 7274496 2270516 2677 4 705.13 629
56 8388608 65536 16384 70110 233689 12407 30 1 6.06 5 143198284257 125829120 279620 11541733.24 6524469 1922786 1792 6 154.98 88 94869 16 1 7.65 7 1922786 2914 4 791.60 677 16 1 7.66 6 67174400 262144 11569010.35 8388608 2184930 3042 4 881.38 786
57 8388608 65536 16384 59175 276873 12657 31 1 6.18 5 143416484870 125829120 270600 11331001.41 6524469 1926102 1792 6 152.18 88 94976 16 1 7.50 7 1926102 2695 4 789.71 773 16 1 7.73 6 58916864 262144 11673495.31 8519680 2188246 2823 4 882.71 883
58 8388608 65536 16384 48275 339388 20997 36 1 10.25 10 152439346626 125829120 364722 7260053.66 4473920 2063674 1792 4 98.28 60 165311 17 1 7.87 7 2063674 2118 4 510.68 456 16 1 7.29 6 46268416 196608 6723338.56 4980736 2325818 2246 6 574.28 522
59 8388608 65536 16384 61163 267874 18554 34 1 9.06 8 148454725129 117440512 254200 8001224.81 4718592 2002896 1664 4 107.95 63 141373 16 1 7.62 7 2002896 2381 5 609.90 555 16 1 7.64 6 66322432 196608 8021272.10 5963776 2265040 2509 5 683.27 637
60 8388608 65536 16384 70209 233360 14834 38 1 7.24 5 142703726276 134217728 220752 9620043.57 4893350 1915092 1920 4 129.10 63 105361 16 1 7.10 7 1915092 3332 4 728.73 650 16 1 7.45 6 72482816 196608 10093823.57 7274496 2177236 3460 4 826.59 773
61 8388608 65536 16384 8690 1885385 36696 32 4 17.92 17 70851385951 8388608 524288 1930765.91 1677720 813798 96 4 22.18 18 151645 6 2 4.13 4 813798 457 66 198.68 197 16 1 5.49 4 13107200 262144 2553336.29 1572864 1075942 482 66 262.68 290
62 8388608 65536 16384 11386 1438960 41383 34 2 20.21 20 73633401751 16777216 740169 1779315.22 1747625 856662 192 8 20.70 20 179079 6 3 4.33 4 856662 368 65 209.15 208 16 1 7.47 7 13631488 196608 3057251.80 2686976 1118806 485 65 273.15 277
63 8388608 65536 16384 8140 2012776 45160 39 2 22.05 22 70399872943 12582912 215092 1558898.87 1497965 801502 128 6 17.75 16 187168 5 1 4.14 5 801502 539 30 195.68 189 16 1 5.85 4 9895936 196608 2178142.81 1638400 1063672 667 30 259.62 261
64 8388608 65536 4096 70434 58153 1973 26 1 3.85 2 33677794589 117440512 559240 17069333.29 8388604 448322 1664 6 227.23 105 13623 14 1 6.90 7 448322 2849 5 531.19 256 16 1 5.40 3 85786624 327680 13347680.49 8388608 513858 2977 5 569.69 284
65 8388608 65536 4096 73782 55514 1930 20 1 3.77 2 33486062707 109051904 559240 17350291.56 8388604 445388 1536 8 230.77 105 13498 14 1 6.99 7 445388 3092 7 511.94 256 16 1 5.22 3 80281600 393216 12953158.71 8388608 510924 3220 7 563.31 332
66 8388608 65536 4096 62510 65525 2005 19 1 3.92 2 33516550788 117440512 493447 16716484.18 7190232 445870 1664 8 222.38 96 13965 14 1 6.97 7 445870 2923 7 522.10 293 16 1 5.38 3 76087296 393216 12910188.08 8388608 511406 3051 7 578.51 352
67 8388608 65536 4096 57936 70698 2491 22 1 4.87 3 33527910940 100663296 419430 13459619.00 6524469 446042 1408 6 179.06 84 17406 14 1 6.99 7 446042 2519 7 458.42 248 16 1 5.72 4 69730304 393216 11024918.06 6356992 511578 2647 7 513.12 295
68 8388608 65536 4096 60920 67235 2532 21 1 4.95 3 33441207999 109051904 441505 13207428.12 5991860 444722 1536 6 175.64 77 17201 14 1 6.79 6 444722 2307 6 471.10 245 16 1 5.68 3 65470464 393216 11050764.35 6356992 510258 2435 6 528.76 300
69 8388608 65536 4096 62846 65175 2419 26 1 4.72 3 33446620853 109051904 322638 13826631.19 6291456 444792 1536 6 183.87 84 16723 14 1 6.91 7 444817 2745 5 464.80 248 16 1 5.56 3 62521344 262144 11114940.45 6553600 510328 2873 5 521.81 297
70 8388608 65536 4096 43510 94139 3757 35 1 7.34 6 33211811178 117440512 239674 8839981.68 5033160 441160 1664 4 117.42 65 25475 14 1 6.78 6 441185 1833 4 372.94 183 16 1 6.10 4 50200576 196608 7949923.16 4194304 506722 1961 4 427.25 202
71 8388608 65536 4096 49508 82734 3839 31 1 7.50 6 33401946961 100663296 270600 8700689.49 5033160 444050 1408 4 115.67 65 26089 14 1 6.80 6 444076 2113 4 375.06 170 16 1 6.21 4 58589184 262144 7951482.88 4194304 509612 2241 4 427.53 187
72 8388608 65536 4096 55633 73625 3856 34 1 7.53 6 33471439904 109051904 246723 8680352.67 4893350 445130 1536 5 115.44 64 26626 14 1 6.91 7 445156 1892 4 363.10 161 16 1 6.11 4 49872896 196608 7684731.80 4194304 510692 2020 4 414.52 185
73 8388608 65536 8192 75361 108703 3351 19 1 3.27 1 69360211620 125829120 559240 20698362.17 9586976 927242 1792 8 276.71 126 24271 15 1 7.24 7 927268 4457 7 719.93 419 16 1 5.42 3 85393408 393216 15495457.17 8388608 1058340 4585 7 758.67 455
74 8388608 65536 8192 85819 95456 3353 20 1 3.27 1 69401388038 125829120 559240 20698296.46 9586976 927882 1792 7 276.73 126 24480 15 1 7.30 7 927908 3788 6 677.31 406 16 1 5.23 3 84934656 393216 14835316.23 8388608 1058980 3916 6 739.00 465
75 8388608 65536 8192 79328 103267 3505 20 1 3.42 1 69550184537 117440512 493447 19843133.96 9320670 930156 1664 8 265.38 126 25573 15 1 7.30 7 930182 4539 6 688.51 419 16 1 5.36 3 97124352 393216 14591674.28 8388608 1061254 4667 6 736.47 487
76 8388608 65536 8192 70413 116342 4584 19 1 4.48 3 69151118309 125829120 441505 15085322.49 8388604 924050 1792 7 201.58 108 33734 15 1 7.36 7 924076 2990 7 621.85 360 16 1 6.15 4 81461248 393216 12604534.34 8323072 1055122 3118 7 688.72 449
77 8388608 65536 8192 81948 99965 4563 27 1 4.46 3 69221363789 117440512 310689 15170143.28 7626000 925110 1664 6 202.74 100 33623 15 1 7.37 7 925136 2810 5 645.59 448 16 1 6.16 4 71565312 262144 12677279.04 8388608 1056182 2938 5 720.94 533
78 8388608 65536 8192 73597 111308 4502 24 1 4.40 3 69342416605 109051904 466033 15402580.32 7456536 926988 1536 7 205.91 100 32881 15 1 7.30 7 927014 2953 5 659.80 401 16 1 6.20 4 80674816 327680 13071392.43 8388608 1058060 3081 5 723.71 470
79 8388608 65536 8192 53630 152750 7008 34 1 6.84 5 68550584267 109051904 246723 9781761.45 5592400 914840 1536 5 130.54 72 50005 15 1 7.14 7 914865 2408 4 561.27 350 16 1 7.16 5 61276160 196608 9817249.62 6160384 1045912 2536 4 634.66 437
80 8388608 65536 8192 51688 158489 7135 31 1 6.97 6 69091605896 117440512 270600 9683476.65 5592402 923056 1664 5 129.37 72 51055 15 1 7.16 7 923081 2486 4 551.42 410 16 1 7.05 5 54722560 262144 9533995.67 6553600 1054128 2614 4 625.97 489
81 8388608 65536 8192 61233 133784 6432 28 1 6.28 5 68399832831 117440512 364722 10634302.37 5338200 912484 1664 5 141.87 70 44004 15 1 6.84 6 912509 2557 5 758.53 774 16 1 7.96 7 59637760 327680 12367176.49 9109504 1043556 2685 5 859.60 895
82 8388608 65536 16384 120652 135795 5504 21 1 2.69 1 143251615945 134217728 524288 26026819.76 11744047 1923676 1920 7 349.51 156 39228 16 1 7.13 7 1923676 5740 6 1117.12 512 16 1 5.55 3 109051904 393216 20278382.17 8388608 2185820 5868 8 954.09 352
83 8388608 65536 16384 114780 142742 5955 20 1 2.91 1 143599009405 134217728 559240 24114023.41 10066326 1928992 1920 7 323.93 132 43993 16 1 7.39 7 1928992 5334 6 957.32 477 16 1 5.83 4 108593152 393216 19039815.55 9306112 2191136 5462 6 903.19 427
84 8388608 65536 16384 103721 157962 6215 22 1 3.03 1 143828566506 125829120 559240 23142166.77 11184808 1932468 1792 8 310.94 150 47671 16 1 7.67 7 1932468 4624 5 895.91 534 16 1 5.73 4 96468992 327680 17292599.87 9699328 2194612 4752 5 926.39 566
85 8388608 65536 16384 76418 214399 9246 24 1 4.51 3 143726135130 125829120 399457 15544682.58 8388604 1930876 1792 7 208.83 110 71775 16 1 7.76 7 1930876 3595 7 829.41 545 16 1 6.93 5 85131264 327680 13872706.03 8388608 2193020 3723 7 899.15 599
86 8388608 65536 16384 96830 169203 9210 21 1 4.50 3 143892421070 125829120 466033 15623498.49 8388603 1933438 1792 7 209.93 108 72700 16 1 7.89 7 1933438 3756 6 810.67 550 16 1 6.85 5 83099648 393216 13555856.71 8388608 2195582 3884 6 891.79 633
87 8388608 65536 16384 74699 219333 9475 26 1 4.63 3 143659983973 117440512 322638 15162003.59 8388600 1929868 1664 6 203.68 108 73589 16 1 7.77 7 1929868 3234 5 819.48 625 16 1 6.87 5 84410368 327680 13419495.42 8388608 2192012 3362 5 906.54 715
88 8388608 65536 16384 79783 205357 12399 24 1 6.05 5 143064053819 125829120 349525 11538354.21 6452770 1920716 1792 6 154.91 84 94984 16 1 7.66 7 1920716 3048 5 778.25 643 16 1 7.62 6 67502080 327680 11480170.58 8388608 2182860 3176 5 870.36 760
89 8388608 65536 16384 59310 276243 12410 25 1 6.06 4 143431761564 125829120 349525 11557756.77 6291456 1926366 1792 5 155.23 84 95633 16 1 7.71 7 1926366 3088 5 785.31 605 16 1 7.76 7 78839808 327680 11640376.56 8388608 2188536 3216 5 875.06 707
90 8388608 65536 16384 56792 288491 12747 30 1 6.22 5 143564447620 125829120 279620 11262606.70 6524469 1928314 1792 6 151.28 84 95834 16 1 7.52 7 1928314 2368 4 787.71 750 16 1 7.70 7 54657024 262144 11531293.20 8454144 2190458 2496 4 884.32 861
