testid msgsize chunksize datasize time bandwidth numpaths/job maxpath/job minpath/job avgpath/job medpath/job totalhopbytes maxhopbytes minhopbytes avghopbytes medhopbytes totalcopies maxcopies/path mincopies/paths avgcopies/paths medcopies/path totalhops maxhops/path minhop/path avghops/path medhop/path totalcopies/node maxopies/node mincopies/node avgcopies/node medcopies/node maxloadpath minloadpath avgloadpath medloadpath maxloadlink minloadlink avgloadlink medloadlink totalrput maxrputs minrput avgrput medrput
0 8388608 65536 256 3381 75701 32 1 1 1.00 1 536870912 16777216 16777216 16777216.00 16777216 0 0 0 0.00 0 64 2 2 2.00 2 0 0 0 0.00 0 1 1 1.00 1 8388608 8388608 8388608.00 8388608 0 0 0 0.00 0
1 8388608 65536 512 12196 41978 64 1 1 1.00 1 2684354560 67108864 16777216 41943040.00 41943040 0 0 0 0.00 0 320 8 2 5.00 5 0 0 0 0.00 0 2 1 1.82 2 16777216 8388608 15252014.55 16777216 0 0 0 0.00 0
2 8388608 65536 1024 29473 34743 128 1 1 1.00 1 4831838208 67108864 8388608 37748736.00 41943040 0 0 0 0.00 0 576 8 1 4.50 5 0 0 0 0.00 0 4 1 2.67 2 33554432 8388608 22369621.33 16777216 0 0 0 0.00 0
3 8388608 65536 2048 41241 49658 256 1 1 1.00 1 10737418240 75497472 8388608 41943040.00 41943040 0 0 0 0.00 0 1280 9 1 5.00 5 0 0 0 0.00 0 8 1 3.81 2 67108864 8388608 31956601.90 16777216 0 0 0 0.00 0
4 8388608 65536 512 13092 39106 64 1 1 1.00 1 2684354560 67108864 16777216 41943040.00 41943040 0 0 0 0.00 0 320 8 2 5.00 5 0 0 0 0.00 0 2 1 1.25 1 16777216 8388608 10485760.00 8388608 0 0 0 0.00 0
5 8388608 65536 512 3495 146465 64 1 1 1.00 1 1610612736 25165824 25165824 25165824.00 25165824 0 0 0 0.00 0 192 3 3 3.00 3 0 0 0 0.00 0 1 1 1.00 1 8388608 8388608 8388608.00 8388608 0 0 0 0.00 0
6 8388608 65536 1024 17094 59904 128 1 1 1.00 1 4831838208 67108864 8388608 37748736.00 41943040 0 0 0 0.00 0 576 8 1 4.50 5 0 0 0 0.00 0 2 1 1.80 2 16777216 8388608 15099494.40 16777216 0 0 0 0.00 0
7 8388608 65536 2048 34791 58865 256 1 1 1.00 1 10737418240 75497472 8388608 41943040.00 41943040 0 0 0 0.00 0 1280 9 1 5.00 5 0 0 0 0.00 0 4 1 2.76 4 33554432 8388608 23140987.59 33554432 0 0 0 0.00 0
8 8388608 65536 1024 26324 38899 128 1 1 1.00 1 4831838208 67108864 8388608 37748736.00 41943040 0 0 0 0.00 0 576 8 1 4.50 5 0 0 0 0.00 0 3 1 1.50 1 25165824 8388608 12582912.00 8388608 0 0 0 0.00 0
9 8388608 65536 1024 16149 63407 128 1 1 1.00 1 4831838208 67108864 8388608 37748736.00 41943040 0 0 0 0.00 0 576 8 1 4.50 5 0 0 0 0.00 0 2 1 1.20 1 16777216 8388608 10066329.60 8388608 0 0 0 0.00 0
10 8388608 65536 1024 4708 217460 128 1 1 1.00 1 1073741824 8388608 8388608 8388608.00 8388608 0 0 0 0.00 0 128 1 1 1.00 1 0 0 0 0.00 0 1 1 1.00 1 8388608 8388608 8388608.00 8388608 0 0 0 0.00 0
11 8388608 65536 2048 18324 111762 256 1 1 1.00 1 10737418240 75497472 8388608 41943040.00 41943040 0 0 0 0.00 0 1280 9 1 5.00 5 0 0 0 0.00 0 2 1 1.82 2 16777216 8388608 15252014.55 16777216 0 0 0 0.00 0
12 8388608 65536 2048 45301 45208 256 1 1 1.00 1 10737418240 75497472 8388608 41943040.00 41943040 0 0 0 0.00 0 1280 9 1 5.00 5 0 0 0 0.00 0 6 1 2.50 2 50331648 8388608 20971520.00 16777216 0 0 0 0.00 0
13 8388608 65536 2048 26491 77307 256 1 1 1.00 1 10737418240 75497472 8388608 41943040.00 41943040 0 0 0 0.00 0 1280 9 1 5.00 5 0 0 0 0.00 0 3 1 1.67 2 25165824 8388608 13981013.33 16777216 0 0 0 0.00 0
14 8388608 65536 2048 17772 115235 256 1 1 1.00 1 10737418240 75497472 8388608 41943040.00 41943040 0 0 0 0.00 0 1280 9 1 5.00 5 0 0 0 0.00 0 2 1 1.33 1 16777216 8388608 11184810.67 8388608 0 0 0 0.00 0
15 8388608 65536 2048 4708 434921 256 1 1 1.00 1 4294967296 16777216 16777216 16777216.00 16777216 0 0 0 0.00 0 512 2 2 2.00 2 0 0 0 0.00 0 1 1 1.00 1 8388608 8388608 8388608.00 8388608 0 0 0 0.00 0
16 8388608 65536 256 5808 44074 32 1 1 1.00 1 905969664 33554432 25165824 28311552.00 25165824 0 0 0 0.00 0 108 4 3 3.38 3 0 0 0 0.00 0 2 1 1.12 1 16777216 8388608 9437184.00 8388608 0 0 0 0.00 0
17 8388608 65536 256 4703 54433 32 1 1 1.00 1 469762048 16777216 8388608 14680064.00 16777216 0 0 0 0.00 0 56 2 1 1.75 2 0 0 0 0.00 0 1 1 1.00 1 8388608 8388608 8388608.00 8388608 0 0 0 0.00 0
18 8388608 65536 256 4703 54426 32 1 1 1.00 1 671088640 25165824 16777216 20971520.00 25165824 0 0 0 0.00 0 80 3 2 2.50 3 0 0 0 0.00 0 1 1 1.00 1 8388608 8388608 8388608.00 8388608 0 0 0 0.00 0
19 8388608 65536 512 15278 33510 64 1 1 1.00 1 2080374784 58720256 8388608 32505856.00 33554432 0 0 0 0.00 0 248 7 1 3.88 4 0 0 0 0.00 0 2 1 1.77 2 16777216 8388608 14859819.89 16777216 0 0 0 0.00 0
20 8388608 65536 512 14372 35623 64 1 1 1.00 1 2013265920 58720256 8388608 31457280.00 33554432 0 0 0 0.00 0 240 7 1 3.75 4 0 0 0 0.00 0 2 1 1.76 2 16777216 8388608 14803425.88 16777216 0 0 0 0.00 0
21 8388608 65536 512 14161 36153 64 1 1 1.00 1 1879048192 58720256 8388608 29360128.00 25165824 0 0 0 0.00 0 224 7 1 3.50 3 0 0 0 0.00 0 2 1 1.75 2 16777216 8388608 14680064.00 16777216 0 0 0 0.00 0
22 8388608 65536 1024 27203 37642 128 1 1 1.00 1 3992977408 58720256 8388608 31195136.00 33554432 0 0 0 0.00 0 476 7 1 3.72 4 0 0 0 0.00 0 4 1 2.49 2 33554432 8388608 20905640.88 16777216 0 0 0 0.00 0
23 8388608 65536 1024 26594 38503 128 1 1 1.00 1 3959422976 50331648 8388608 30932992.00 33554432 0 0 0 0.00 0 472 6 1 3.69 4 0 0 0 0.00 0 4 1 2.48 2 33554432 8388608 20839068.29 16777216 0 0 0 0.00 0
24 8388608 65536 1024 29091 35199 128 1 1 1.00 1 3892314112 50331648 8388608 30408704.00 33554432 0 0 0 0.00 0 464 6 1 3.62 4 0 0 0 0.00 0 4 1 2.47 2 33554432 8388608 20703798.47 16777216 0 0 0 0.00 0
25 8388608 65536 2048 40763 50241 256 1 1 1.00 1 9059696640 67108864 8388608 35389440.00 33554432 0 0 0 0.00 0 1080 8 1 4.22 4 0 0 0 0.00 0 8 1 3.00 2 67108864 8388608 25165824.00 16777216 0 0 0 0.00 0
26 8388608 65536 2048 39974 51232 256 1 1 1.00 1 8992587776 67108864 8388608 35127296.00 33554432 0 0 0 0.00 0 1072 8 1 4.19 4 0 0 0 0.00 0 8 1 3.46 2 67108864 8388608 29008347.66 16777216 0 0 0 0.00 0
27 8388608 65536 2048 39568 51758 256 1 1 1.00 1 8858370048 67108864 8388608 34603008.00 33554432 0 0 0 0.00 0 1056 8 1 4.12 4 0 0 0 0.00 0 8 1 3.43 2 67108864 8388608 28760941.71 16777216 0 0 0 0.00 0
28 8388608 65536 512 15485 33062 64 1 1 1.00 1 2013265920 58720256 8388608 31457280.00 33554432 0 0 0 0.00 0 240 7 1 3.75 4 0 0 0 0.00 0 2 1 1.20 1 16777216 8388608 10066329.60 8388608 0 0 0 0.00 0
29 8388608 65536 512 15092 33923 64 1 1 1.00 1 1879048192 50331648 8388608 29360128.00 33554432 0 0 0 0.00 0 224 6 1 3.50 4 0 0 0 0.00 0 2 1 1.12 1 16777216 8388608 9395240.96 8388608 0 0 0 0.00 0
30 8388608 65536 512 14040 36466 64 1 1 1.00 1 1610612736 50331648 8388608 25165824.00 25165824 0 0 0 0.00 0 192 6 0 3.00 3 0 0 0 0.00 0 2 1 1.20 1 16777216 8388608 10066329.60 8388608 0 0 0 0.00 0
31 8388608 65536 512 6749 75855 64 1 1 1.00 1 1476395008 25165824 16777216 23068672.00 25165824 0 0 0 0.00 0 176 3 2 2.75 3 0 0 0 0.00 0 1 1 1.00 1 8388608 8388608 8388608.00 8388608 0 0 0 0.00 0
32 8388608 65536 512 7260 70519 64 1 1 1.00 1 1879048192 33554432 25165824 29360128.00 33554432 0 0 0 0.00 0 224 4 3 3.50 4 0 0 0 0.00 0 2 1 1.08 1 16777216 8388608 9033885.54 8388608 0 0 0 0.00 0
33 8388608 65536 512 4728 108277 64 1 1 1.00 1 536870912 8388608 8388608 8388608.00 8388608 0 0 0 0.00 0 64 1 1 1.00 1 0 0 0 0.00 0 1 1 1.00 1 8388608 8388608 8388608.00 8388608 0 0 0 0.00 0
34 8388608 65536 1024 16586 61738 128 1 1 1.00 1 4362076160 50331648 16777216 34078720.00 33554432 0 0 0 0.00 0 520 6 2 4.06 4 0 0 0 0.00 0 2 1 1.78 2 16777216 8388608 14938616.99 16777216 0 0 0 0.00 0
35 8388608 65536 1024 15133 67664 128 1 1 1.00 1 4429185024 58720256 16777216 34603008.00 33554432 0 0 0 0.00 0 528 7 2 4.12 4 0 0 0 0.00 0 2 1 1.78 2 16777216 8388608 14963462.92 16777216 0 0 0 0.00 0
36 8388608 65536 1024 15258 67108 128 1 1 1.00 1 4563402752 58720256 8388608 35651584.00 33554432 0 0 0 0.00 0 544 7 1 4.25 4 0 0 0 0.00 0 2 1 1.79 2 16777216 8388608 15011193.26 16777216 0 0 0 0.00 0
37 8388608 65536 2048 30246 67710 256 1 1 1.00 1 9529458688 67108864 8388608 37224448.00 33554432 0 0 0 0.00 0 1136 8 1 4.44 4 0 0 0 0.00 0 4 1 2.65 2 33554432 8388608 22265090.39 16777216 0 0 0 0.00 0
38 8388608 65536 2048 29722 68904 256 1 1 1.00 1 9395240960 67108864 8388608 36700160.00 33554432 0 0 0 0.00 0 1120 8 1 4.38 4 0 0 0 0.00 0 4 1 2.64 2 33554432 8388608 22158587.17 16777216 0 0 0 0.00 0
39 8388608 65536 2048 24352 84098 256 1 1 1.00 1 9126805504 67108864 8388608 35651584.00 33554432 0 0 0 0.00 0 1088 8 1 4.25 4 0 0 0 0.00 0 4 1 2.62 2 33554432 8388608 21939436.31 16777216 0 0 0 0.00 0
40 8388608 65536 1024 21416 47814 128 1 1 1.00 1 4831838208 67108864 8388608 37748736.00 41943040 0 0 0 0.00 0 576 8 1 4.50 5 0 0 0 0.00 0 3 1 1.44 1 25165824 8388608 12079595.52 8388608 0 0 0 0.00 0
41 8388608 65536 1024 24388 41987 128 1 1 1.00 1 3758096384 58720256 8388608 29360128.00 33554432 0 0 0 0.00 0 448 7 0 3.50 4 0 0 0 0.00 0 3 1 1.75 2 25165824 8388608 14680064.00 16777216 0 0 0 0.00 0
42 8388608 65536 1024 23549 43483 128 1 1 1.00 1 3758096384 58720256 8388608 29360128.00 33554432 0 0 0 0.00 0 448 7 0 3.50 4 0 0 0 0.00 0 3 1 1.75 2 25165824 8388608 14680064.00 16777216 0 0 0 0.00 0
43 8388608 65536 1024 14313 71540 128 1 1 1.00 1 5100273664 67108864 8388608 39845888.00 41943040 0 0 0 0.00 0 608 8 1 4.75 5 0 0 0 0.00 0 2 1 1.17 1 16777216 8388608 9808218.58 8388608 0 0 0 0.00 0
44 8388608 65536 1024 15012 68209 128 1 1 1.00 1 4831838208 67108864 8388608 37748736.00 41943040 0 0 0 0.00 0 576 8 1 4.50 5 0 0 0 0.00 0 2 1 1.20 1 16777216 8388608 10066329.60 8388608 0 0 0 0.00 0
45 8388608 65536 1024 16065 63737 128 1 1 1.00 1 3758096384 58720256 8388608 29360128.00 33554432 0 0 0 0.00 0 448 7 0 3.50 4 0 0 0 0.00 0 2 1 1.27 1 16777216 8388608 10676410.18 8388608 0 0 0 0.00 0
46 8388608 65536 1024 5802 176463 128 1 1 1.00 1 3623878656 33554432 25165824 28311552.00 25165824 0 0 0 0.00 0 432 4 3 3.38 3 0 0 0 0.00 0 2 1 1.12 1 16777216 8388608 9437184.00 8388608 0 0 0 0.00 0
47 8388608 65536 1024 4703 217714 128 1 1 1.00 1 1879048192 16777216 8388608 14680064.00 16777216 0 0 0 0.00 0 224 2 1 1.75 2 0 0 0 0.00 0 1 1 1.00 1 8388608 8388608 8388608.00 8388608 0 0 0 0.00 0
48 8388608 65536 1024 4704 217677 128 1 1 1.00 1 2684354560 25165824 16777216 20971520.00 25165824 0 0 0 0.00 0 320 3 2 2.50 3 0 0 0 0.00 0 1 1 1.00 1 8388608 8388608 8388608.00 8388608 0 0 0 0.00 0
49 8388608 65536 2048 18580 110226 256 1 1 1.00 1 10468982784 75497472 8388608 40894464.00 41943040 0 0 0 0.00 0 1248 9 1 4.88 5 0 0 0 0.00 0 2 1 1.81 2 16777216 8388608 15216544.74 16777216 0 0 0 0.00 0
50 8388608 65536 2048 18078 113284 256 1 1 1.00 1 10200547328 75497472 8388608 39845888.00 41943040 0 0 0 0.00 0 1216 9 1 4.75 5 0 0 0 0.00 0 2 1 1.81 2 16777216 8388608 15179385.90 16777216 0 0 0 0.00 0
51 8388608 65536 2048 19313 106042 256 1 1 1.00 1 9663676416 75497472 8388608 37748736.00 33554432 0 0 0 0.00 0 1152 9 1 4.50 4 0 0 0 0.00 0 2 1 1.80 2 16777216 8388608 15099494.40 16777216 0 0 0 0.00 0
52 8388608 65536 2048 43302 47294 256 1 1 1.00 1 8589934592 67108864 8388608 33554432.00 33554432 0 0 0 0.00 0 1024 8 0 4.00 4 0 0 0 0.00 0 6 1 2.67 2 50331648 8388608 22369621.33 16777216 0 0 0 0.00 0
53 8388608 65536 2048 44378 46148 256 1 1 1.00 1 8589934592 67108864 8388608 33554432.00 33554432 0 0 0 0.00 0 1024 8 0 4.00 4 0 0 0 0.00 0 6 1 2.67 2 50331648 8388608 22369621.33 16777216 0 0 0 0.00 0
54 8388608 65536 2048 42848 47796 256 1 1 1.00 1 8589934592 67108864 8388608 33554432.00 33554432 0 0 0 0.00 0 1024 8 0 4.00 4 0 0 0 0.00 0 6 1 2.67 2 50331648 8388608 22369621.33 16777216 0 0 0 0.00 0
55 8388608 65536 2048 25299 80950 256 1 1 1.00 1 9663676416 67108864 8388608 37748736.00 41943040 0 0 0 0.00 0 1152 8 1 4.50 5 0 0 0 0.00 0 3 1 1.50 1 25165824 8388608 12582912.00 8388608 0 0 0 0.00 0
56 8388608 65536 2048 26880 76189 256 1 1 1.00 1 8589934592 67108864 8388608 33554432.00 33554432 0 0 0 0.00 0 1024 8 0 4.00 4 0 0 0 0.00 0 3 1 1.60 2 25165824 8388608 13421772.80 16777216 0 0 0 0.00 0
57 8388608 65536 2048 25469 80408 256 1 1 1.00 1 8589934592 67108864 8388608 33554432.00 33554432 0 0 0 0.00 0 1024 8 0 4.00 4 0 0 0 0.00 0 3 1 1.78 2 25165824 8388608 14913080.89 16777216 0 0 0 0.00 0
58 8388608 65536 2048 17365 117936 256 1 1 1.00 1 10200547328 75497472 8388608 39845888.00 41943040 0 0 0 0.00 0 1216 9 1 4.75 5 0 0 0 0.00 0 2 1 1.23 1 16777216 8388608 10282809.81 8388608 0 0 0 0.00 0
59 8388608 65536 2048 15575 131491 256 1 1 1.00 1 9663676416 67108864 8388608 37748736.00 41943040 0 0 0 0.00 0 1152 8 1 4.50 5 0 0 0 0.00 0 2 1 1.16 1 16777216 8388608 9741609.29 8388608 0 0 0 0.00 0
60 8388608 65536 2048 14471 141522 256 1 1 1.00 1 8589934592 67108864 8388608 33554432.00 33554432 0 0 0 0.00 0 1024 8 0 4.00 4 0 0 0 0.00 0 2 1 1.23 1 16777216 8388608 10324440.62 8388608 0 0 0 0.00 0
61 8388608 65536 2048 6785 301806 256 1 1 1.00 1 5905580032 25165824 16777216 23068672.00 25165824 0 0 0 0.00 0 704 3 2 2.75 3 0 0 0 0.00 0 1 1 1.00 1 8388608 8388608 8388608.00 8388608 0 0 0 0.00 0
62 8388608 65536 2048 7333 279251 256 1 1 1.00 1 7516192768 33554432 25165824 29360128.00 33554432 0 0 0 0.00 0 896 4 3 3.50 4 0 0 0 0.00 0 2 1 1.08 1 16777216 8388608 9033885.54 8388608 0 0 0 0.00 0
63 8388608 65536 2048 4733 432679 256 1 1 1.00 1 2147483648 8388608 8388608 8388608.00 8388608 0 0 0 0.00 0 256 1 1 1.00 1 0 0 0 0.00 0 1 1 1.00 1 8388608 8388608 8388608.00 8388608 0 0 0 0.00 0
64 8388608 65536 512 61634 8307 64 1 1 1.00 1 1610612736 50331648 8388608 25165824.00 25165824 0 0 0 0.00 0 192 6 0 3.00 3 0 0 0 0.00 0 8 1 2.82 2 67108864 8388608 23685481.41 16777216 0 0 0 0.00 0
65 8388608 65536 512 64059 7992 64 1 1 1.00 1 1610612736 50331648 8388608 25165824.00 25165824 0 0 0 0.00 0 192 6 0 3.00 3 0 0 0 0.00 0 8 1 2.82 2 67108864 8388608 23685481.41 16777216 0 0 0 0.00 0
66 8388608 65536 512 61778 8287 64 1 1 1.00 1 1610612736 50331648 8388608 25165824.00 25165824 0 0 0 0.00 0 192 6 0 3.00 3 0 0 0 0.00 0 8 1 2.82 2 67108864 8388608 23685481.41 16777216 0 0 0 0.00 0
67 8388608 65536 512 35500 14422 64 1 1 1.00 1 1610612736 50331648 8388608 25165824.00 25165824 0 0 0 0.00 0 192 6 0 3.00 3 0 0 0 0.00 0 6 1 2.40 2 50331648 8388608 20132659.20 16777216 0 0 0 0.00 0
68 8388608 65536 512 34585 14804 64 1 1 1.00 1 1610612736 50331648 8388608 25165824.00 25165824 0 0 0 0.00 0 192 6 0 3.00 3 0 0 0 0.00 0 6 1 2.40 2 50331648 8388608 20132659.20 16777216 0 0 0 0.00 0
69 8388608 65536 512 34724 14744 64 1 1 1.00 1 1610612736 50331648 8388608 25165824.00 25165824 0 0 0 0.00 0 192 6 0 3.00 3 0 0 0 0.00 0 6 1 2.40 2 50331648 8388608 20132659.20 16777216 0 0 0 0.00 0
70 8388608 65536 512 24015 21319 64 1 1 1.00 1 1610612736 50331648 8388608 25165824.00 25165824 0 0 0 0.00 0 192 6 0 3.00 3 0 0 0 0.00 0 3 1 1.71 2 25165824 8388608 14380470.86 16777216 0 0 0 0.00 0
71 8388608 65536 512 24100 21244 64 1 1 1.00 1 1610612736 50331648 8388608 25165824.00 25165824 0 0 0 0.00 0 192 6 0 3.00 3 0 0 0 0.00 0 3 1 1.50 1 25165824 8388608 12582912.00 8388608 0 0 0 0.00 0
72 8388608 65536 512 24677 20747 64 1 1 1.00 1 1610612736 50331648 8388608 25165824.00 25165824 0 0 0 0.00 0 192 6 0 3.00 3 0 0 0 0.00 0 3 1 1.71 2 25165824 8388608 14380470.86 16777216 0 0 0 0.00 0
73 8388608 65536 1024 62127 16482 128 1 1 1.00 1 3758096384 58720256 8388608 29360128.00 33554432 0 0 0 0.00 0 448 7 0 3.50 4 0 0 0 0.00 0 12 1 3.11 2 100663296 8388608 26097891.56 16777216 0 0 0 0.00 0
74 8388608 65536 1024 61784 16573 128 1 1 1.00 1 3758096384 58720256 8388608 29360128.00 33554432 0 0 0 0.00 0 448 7 0 3.50 4 0 0 0 0.00 0 12 1 3.11 2 100663296 8388608 26097891.56 16777216 0 0 0 0.00 0
75 8388608 65536 1024 62040 16505 128 1 1 1.00 1 3758096384 58720256 8388608 29360128.00 33554432 0 0 0 0.00 0 448 7 0 3.50 4 0 0 0 0.00 0 12 1 3.11 2 100663296 8388608 26097891.56 16777216 0 0 0 0.00 0
76 8388608 65536 1024 34634 29565 128 1 1 1.00 1 3758096384 58720256 8388608 29360128.00 33554432 0 0 0 0.00 0 448 7 0 3.50 4 0 0 0 0.00 0 6 1 2.55 2 50331648 8388608 21352820.36 16777216 0 0 0 0.00 0
77 8388608 65536 1024 36314 28198 128 1 1 1.00 1 3758096384 58720256 8388608 29360128.00 33554432 0 0 0 0.00 0 448 7 0 3.50 4 0 0 0 0.00 0 6 1 2.55 2 50331648 8388608 21352820.36 16777216 0 0 0 0.00 0
78 8388608 65536 1024 36658 27933 128 1 1 1.00 1 3758096384 58720256 8388608 29360128.00 33554432 0 0 0 0.00 0 448 7 0 3.50 4 0 0 0 0.00 0 6 1 2.55 2 50331648 8388608 21352820.36 16777216 0 0 0 0.00 0
79 8388608 65536 1024 22520 45469 128 1 1 1.00 1 3758096384 58720256 8388608 29360128.00 33554432 0 0 0 0.00 0 448 7 0 3.50 4 0 0 0 0.00 0 3 1 1.75 2 25165824 8388608 14680064.00 16777216 0 0 0 0.00 0
80 8388608 65536 1024 22397 45719 128 1 1 1.00 1 3758096384 58720256 8388608 29360128.00 33554432 0 0 0 0.00 0 448 7 0 3.50 4 0 0 0 0.00 0 3 1 1.75 2 25165824 8388608 14680064.00 16777216 0 0 0 0.00 0
81 8388608 65536 1024 23411 43739 128 1 1 1.00 1 3758096384 58720256 8388608 29360128.00 33554432 0 0 0 0.00 0 448 7 0 3.50 4 0 0 0 0.00 0 3 1 1.75 2 25165824 8388608 14680064.00 16777216 0 0 0 0.00 0
82 8388608 65536 2048 77963 26268 256 1 1 1.00 1 8589934592 67108864 8388608 33554432.00 33554432 0 0 0 0.00 0 1024 8 0 4.00 4 0 0 0 0.00 0 12 1 3.37 2 100663296 8388608 28256363.79 16777216 0 0 0 0.00 0
83 8388608 65536 2048 78100 26222 256 1 1 1.00 1 8589934592 67108864 8388608 33554432.00 33554432 0 0 0 0.00 0 1024 8 0 4.00 4 0 0 0 0.00 0 12 1 3.37 2 100663296 8388608 28256363.79 16777216 0 0 0 0.00 0
84 8388608 65536 2048 77836 26311 256 1 1 1.00 1 8589934592 67108864 8388608 33554432.00 33554432 0 0 0 0.00 0 1024 8 0 4.00 4 0 0 0 0.00 0 12 1 3.37 2 100663296 8388608 28256363.79 16777216 0 0 0 0.00 0
85 8388608 65536 2048 43394 47195 256 1 1 1.00 1 8589934592 67108864 8388608 33554432.00 33554432 0 0 0 0.00 0 1024 8 0 4.00 4 0 0 0 0.00 0 6 1 2.67 2 50331648 8388608 22369621.33 16777216 0 0 0 0.00 0
86 8388608 65536 2048 43916 46634 256 1 1 1.00 1 8589934592 67108864 8388608 33554432.00 33554432 0 0 0 0.00 0 1024 8 0 4.00 4 0 0 0 0.00 0 6 1 2.67 2 50331648 8388608 22369621.33 16777216 0 0 0 0.00 0
87 8388608 65536 2048 43065 47555 256 1 1 1.00 1 8589934592 67108864 8388608 33554432.00 33554432 0 0 0 0.00 0 1024 8 0 4.00 4 0 0 0 0.00 0 6 1 2.67 2 50331648 8388608 22369621.33 16777216 0 0 0 0.00 0
88 8388608 65536 2048 26673 76780 256 1 1 1.00 1 8589934592 67108864 8388608 33554432.00 33554432 0 0 0 0.00 0 1024 8 0 4.00 4 0 0 0 0.00 0 3 1 1.78 2 25165824 8388608 14913080.89 16777216 0 0 0 0.00 0
89 8388608 65536 2048 25456 80451 256 1 1 1.00 1 8589934592 67108864 8388608 33554432.00 33554432 0 0 0 0.00 0 1024 8 0 4.00 4 0 0 0 0.00 0 3 1 1.60 2 25165824 8388608 13421772.80 16777216 0 0 0 0.00 0
90 8388608 65536 2048 25290 80980 256 1 1 1.00 1 8589934592 67108864 8388608 33554432.00 33554432 0 0 0 0.00 0 1024 8 0 4.00 4 0 0 0 0.00 0 3 1 1.78 2 25165824 8388608 14913080.89 16777216 0 0 0 0.00 0
