testid msgsize chunksize datasize time bandwidth numpaths/job maxpath/job minpath/job avgpath/job medpath/job totalhopbytes maxhopbytes minhopbytes avghopbytes medhopbytes totalcopies maxcopies/path mincopies/paths avgcopies/paths medcopies/path totalhops maxhops/path minhop/path avghops/path medhop/path totalcopies/node maxopies/node mincopies/node avgcopies/node medcopies/node maxloadpath minloadpath avgloadpath medloadpath maxloadlink minloadlink avgloadlink medloadlink totalrput maxrputs minrput avgrput medrput
0 8388608 65536 256 4196 61010 179 8 4 5.59 5 1004824200 11188452 114688 5613543.02 5107176 11230 129 3 62.74 57 680 6 2 3.80 4 11255 91 2 46.51 42 4 1 1.37 1 3014656 65536 2025009.55 2621440 15351 215 2 63.17 42
1 8388608 65536 512 11576 44229 334 12 2 5.22 5 2876009301 46684424 11400 8610806.29 6411130 35698 609 3 106.88 80 1812 8 3 5.43 5 35723 409 1 145.22 128 10 1 2.27 2 6160384 65536 3609002.56 4063232 43915 665 1 178.52 132
2 8388608 65536 1024 14043 72918 410 7 1 3.20 3 5613410326 50331648 56742 13691244.70 11413230 69280 640 4 168.98 136 2157 8 3 5.26 5 69305 768 2 244.03 188 9 1 2.27 2 9961472 65536 5909553.58 5701632 85689 1250 2 301.72 188
3 8388608 65536 2048 21907 93486 553 5 1 2.16 2 11359260395 67108864 40960 20541158.04 18432000 140584 896 3 254.22 220 2989 9 3 5.41 5 140609 1288 1 337.19 264 10 1 2.26 2 17039360 65536 8574186.17 8192000 173377 2312 1 415.77 264
4 8388608 65536 512 10697 47863 394 10 2 6.16 6 2964648058 30201936 12285 7524487.46 5574378 37022 380 3 93.96 72 2181 8 3 5.54 6 37047 335 2 128.19 116 8 1 2.33 2 5439488 65536 3159002.88 3407872 45239 463 5 154.40 136
5 8388608 65536 512 5929 86355 458 11 4 7.16 7 2520715434 15886690 46540 5503745.49 4233850 30256 192 2 66.06 52 2172 5 3 4.74 5 30281 157 1 72.44 68 7 1 1.78 1 3473408 65536 2067045.22 2359296 38473 243 1 92.04 84
6 8388608 65536 1024 11736 87252 589 8 2 4.60 4 5663830777 50304968 26672 9616011.51 7134980 70034 665 3 118.90 90 3120 8 3 5.30 5 70059 568 13 198.47 165 10 1 2.37 2 7143424 65536 4310114.19 4456448 86443 824 13 244.88 166
7 8388608 65536 2048 17920 114285 796 8 1 3.11 3 11957649787 67108864 68520 15022173.10 12620025 149704 896 3 188.07 156 4420 9 3 5.55 5 149729 1061 6 318.57 270 9 1 2.48 2 11993088 65536 6706946.15 6291456 182497 1573 6 388.29 272
8 8388608 65536 1024 22240 46043 480 7 1 3.75 4 5809586361 50331648 22200 12103304.92 9391688 72264 640 3 150.55 116 2596 8 2 5.41 5 72289 722 3 238.58 209 14 1 2.51 2 9633792 65536 5607756.11 6160384 88673 850 3 283.30 263
9 8388608 65536 1024 14540 70426 633 8 2 4.95 5 5809808689 38591988 15700 9178212.78 6846560 72254 490 3 114.15 85 3451 8 3 5.45 5 72279 558 30 199.67 165 9 1 2.54 2 6750208 65536 4277599.39 5177344 88663 593 30 244.25 226
10 8388608 65536 1024 7987 128208 815 10 3 6.37 6 4865525402 20439040 4097 5969969.82 5151975 58016 240 4 71.19 64 3829 5 1 4.70 5 58041 278 47 113.14 105 7 1 1.95 2 4521984 65536 2486424.48 2359296 74425 406 47 145.08 115
11 8388608 65536 2048 16848 121557 1093 9 1 4.27 4 11887694978 52877013 20560 10876207.67 8396826 148634 684 3 135.99 108 6116 9 3 5.60 6 148634 836 12 290.30 247 11 1 2.52 2 8781824 65536 4906463.67 4587520 181427 1092 12 353.66 255
12 8388608 65536 2048 25384 80680 542 5 1 2.12 2 11736319756 67108864 114576 21653726.49 18874368 146326 896 5 269.97 234 2982 9 2 5.50 5 146326 1317 4 379.08 316 8 1 2.23 2 17039360 65536 8765574.60 8388608 179094 1445 4 366.25 287
13 8388608 65536 2048 22248 92053 831 6 1 3.25 3 12019348586 64387608 57650 14463716.71 11509815 150640 854 3 181.28 144 4642 9 3 5.59 6 150640 995 3 341.59 298 9 1 2.64 2 12124160 65536 6825568.82 6619136 183408 1085 3 388.58 362
14 8388608 65536 2048 21085 97130 1036 8 1 4.05 4 11992544153 67572531 21280 11575814.82 8937630 150216 912 3 145.00 112 5827 9 2 5.62 6 150216 770 21 300.43 280 8 1 2.47 2 9043968 65536 5085682.54 4915200 183009 770 21 360.25 347
15 8388608 65536 2048 8226 248966 256 1 1 1.00 1 0 16777216 16777216 0.00 16777216 32768 128 128 128.00 128 512 2 2 2.00 2 32768 128 128 128.00 128 1 1 1.00 1 8388608 8388608 8388608.00 8388608 65536 256 128 166.34 128
16 8388608 65536 256 6610 38729 226 12 4 7.06 7 1368706426 19321314 23585 6056223.12 5267445 16774 240 4 74.22 68 1135 6 3 5.02 5 16774 237 2 77.66 50 10 1 1.94 2 3604480 65536 2342014.25 2949120 20870 344 2 96.62 50
17 8388608 65536 256 3093 82767 327 14 6 10.22 10 1090004739 11217672 7300 3333347.83 2530272 12586 140 3 38.49 32 1357 6 1 4.15 4 12611 131 7 48.50 48 6 1 1.82 2 2097152 65536 1469451.01 1769472 16707 259 7 64.26 49
18 8388608 65536 256 4461 57386 247 10 4 7.72 8 1183001973 11983725 46800 4789481.67 4447084 13938 144 2 56.43 54 1090 6 2 4.41 4 13963 162 3 62.61 60 6 1 1.65 1 2686976 65536 1793438.88 2228224 18059 290 3 80.98 66
19 8388608 65536 512 8594 59576 370 11 2 5.78 6 2747780483 28530084 11605 7426433.74 5553708 33710 360 3 91.11 66 1877 7 3 5.07 5 33735 358 1 133.87 98 8 1 2.25 2 5046272 65536 3288729.91 4128768 41927 614 1 166.38 98
20 8388608 65536 512 7798 65657 344 9 2 5.38 5 2657203105 27627768 67430 7724427.63 5518225 32346 350 4 94.03 69 1711 7 1 4.97 5 32371 350 1 133.21 105 8 1 2.09 2 4915200 65536 3251772.79 4390912 40563 606 1 166.93 105
21 8388608 65536 512 6826 75007 380 11 3 5.94 6 2619152355 24844350 12126 6892506.20 5165795 31778 310 2 83.63 64 1871 7 2 4.92 5 31803 316 2 126.71 108 8 1 2.15 2 4456448 65536 3007432.74 3866624 39995 571 2 159.34 108
22 8388608 65536 1024 10603 96576 488 8 2 3.81 4 5268662334 49533498 16124 10796439.21 8686905 64016 625 3 131.18 108 2409 7 2 4.94 5 64041 630 1 230.36 168 9 1 2.49 2 8650752 65536 5437661.92 6094848 80425 1139 1 289.30 168
23 8388608 65536 1024 10499 97533 473 8 2 3.70 4 5299999217 49509708 20145 11205072.34 8654526 64488 625 3 136.34 104 2329 6 2 4.92 5 64513 633 1 226.36 171 9 1 2.37 2 8585216 65536 5386206.70 6029312 80897 1136 1 283.85 171
24 8388608 65536 1024 10254 99863 476 8 2 3.72 4 5247557031 48077988 11736 11024279.48 7856492 63686 610 2 133.79 96 2312 6 1 4.86 5 63711 638 1 228.35 186 9 1 2.34 2 8388608 65536 5311201.94 6619136 80095 1103 1 287.08 186
25 8388608 65536 2048 21481 95340 560 6 1 2.19 2 10469285441 58720256 40290 18695152.57 16317895 127010 768 3 226.80 192 2799 8 1 5.00 5 127035 1250 2 388.49 310 9 1 2.35 2 16908288 65536 8806737.60 8126464 159803 2274 2 488.69 310
26 8388608 65536 2048 20390 100441 568 5 1 2.22 2 10508066601 65267648 31772 18500117.26 16118505 127594 868 3 224.64 195 2832 8 1 4.99 5 127594 1216 1 374.18 293 10 1 2.32 2 16515072 65536 8600232.43 7864320 160387 2240 1 468.97 275
27 8388608 65536 2048 19647 104239 573 6 1 2.24 2 10386055158 54440827 30952 18125750.71 16018835 125740 708 3 219.44 190 2829 8 1 4.94 5 125740 1157 2 370.91 299 10 1 2.32 2 16121856 65536 8500802.20 8323072 158533 2181 2 466.27 297
28 8388608 65536 512 9430 54294 463 12 3 7.23 7 2744022936 23459082 7632 5926615.41 4456745 33640 295 3 72.66 56 2366 7 3 5.11 5 33665 356 2 119.38 89 10 1 2.54 2 4194304 65536 2947851.56 3735552 41857 484 2 148.43 89
29 8388608 65536 512 8166 62698 443 10 4 6.92 7 2661582195 23034456 56235 6008086.22 4509156 32386 290 3 73.11 56 2182 6 3 4.93 5 32411 359 2 120.49 90 9 1 2.36 2 4194304 65536 2881169.89 3670016 40603 487 2 150.94 93
30 8388608 65536 512 18834 27184 202 6 1 3.16 3 2159014974 47947776 114688 10688192.94 8388608 24778 605 3 122.66 96 888 6 1 4.40 5 24803 610 2 219.50 130 8 1 2.23 2 8781824 65536 5415343.16 5898240 32970 738 2 294.38 258
31 8388608 65536 512 5456 93841 453 11 3 7.08 7 2508060953 14658590 7155 5536558.40 4321660 30084 180 2 66.41 52 2122 6 2 4.68 5 30109 193 3 80.51 67 8 1 1.84 1 3342336 65536 2169944.58 2686976 38301 311 3 102.41 69
32 8388608 65536 512 7689 66588 446 11 4 6.97 7 2726175927 20636478 100740 6112502.08 4405864 33372 260 3 74.83 56 2218 6 3 4.97 5 33397 253 5 98.52 97 7 1 2.07 2 3670016 65536 2536255.40 3211264 41589 330 5 122.68 98
33 8388608 65536 512 3545 144428 718 16 7 11.22 11 2387640502 11985395 5850 3325404.60 2956140 28474 136 4 39.66 36 3344 5 1 4.66 5 28499 204 1 75.59 61 7 1 2.35 2 2686976 65536 1693405.90 2097152 36691 332 1 97.32 61
34 8388608 65536 1024 10782 94973 665 11 2 5.20 5 5440035436 35953680 14625 8180504.42 6286335 66628 455 3 100.19 80 3388 6 3 5.09 5 66653 534 2 190.98 144 10 1 2.57 2 6356992 65536 4137090.82 5439488 83037 790 2 237.93 144
35 8388608 65536 1024 11245 91062 671 9 2 5.24 5 5507733693 33620094 16416 8208246.93 6019220 67622 425 3 100.78 75 3430 7 3 5.11 5 67647 546 1 191.09 166 10 1 2.54 2 5963776 65536 4069044.51 5373952 84031 747 1 237.38 166
36 8388608 65536 1024 10490 97616 629 9 2 4.91 5 5560013095 40209316 11308 8839448.48 6898615 68430 522 3 108.79 85 3234 7 1 5.14 5 68455 536 1 206.19 186 10 1 2.40 2 6094848 65536 4117311.34 5242880 84839 792 1 255.54 189
37 8388608 65536 2048 14720 139130 835 7 1 3.26 3 11102124778 67108864 27130 13295957.82 11083588 136650 896 3 163.65 135 4341 8 2 5.20 5 136675 1022 1 347.77 293 9 1 2.62 2 11403264 65536 6692572.66 6815744 169443 1534 1 431.15 293
38 8388608 65536 2048 14059 145671 880 7 1 3.44 3 11113985247 58720256 20760 12629528.69 10502640 136840 768 3 155.50 130 4585 8 2 5.21 5 136865 956 3 331.39 264 9 1 2.70 2 10944512 65536 6550047.08 6815744 169633 1468 3 410.73 264
39 8388608 65536 2048 14350 142717 901 7 1 3.52 3 11014501010 50366890 50320 12224751.40 9938510 135334 654 3 150.20 123 4652 8 2 5.16 5 135359 906 5 335.05 264 10 1 2.70 2 10747904 65536 6397638.02 6422528 168127 1418 5 416.16 264
40 8388608 65536 1024 17033 60118 613 7 2 4.79 5 5822566774 58835168 17955 9498477.61 7340480 72450 784 4 118.19 93 3292 8 2 5.37 5 72475 759 2 231.55 203 8 1 2.73 2 7667712 65536 4843448.44 5570560 88859 887 2 282.09 240
41 8388608 65536 1024 17048 60065 510 7 1 3.98 4 5158798044 44580864 20470 10115290.28 8433684 62370 565 3 122.29 100 2538 7 1 4.98 5 62395 773 5 244.69 186 8 1 2.70 2 8716288 65536 5490661.86 6029312 78779 901 5 306.53 250
42 8388608 65536 1024 19218 53283 506 8 1 3.95 4 5160410095 49152000 40960 10198438.92 8392704 62384 625 3 123.29 104 2512 7 1 4.96 5 62409 787 1 252.67 190 10 1 2.75 2 8781824 65536 5641682.68 6684672 78793 915 1 311.43 233
43 8388608 65536 1024 12487 82005 788 10 2 6.16 6 5871760191 33907632 16548 7451472.32 5865675 73198 430 4 92.89 75 4345 8 3 5.51 6 73223 574 11 211.63 202 9 1 2.87 3 6029312 65536 3877705.38 4849664 89607 702 11 258.98 248
44 8388608 65536 1024 12698 80642 784 11 2 6.12 6 5842988092 36991409 10320 7452790.93 5604444 72732 468 3 92.77 72 4230 8 3 5.40 5 72757 525 1 199.88 183 11 1 2.71 2 5636096 65536 3743786.01 4915200 89141 653 1 244.89 212
45 8388608 65536 1024 14595 70161 474 6 1 3.70 4 4732108851 41943040 24588 9983352.01 8540160 55908 512 3 117.95 99 2238 7 1 4.72 5 55933 747 3 266.35 167 9 1 2.70 2 8716288 65536 5708106.64 6553600 72317 875 8 344.37 264
46 8388608 65536 1024 9708 105480 810 9 2 6.33 6 5402084930 26417016 12888 6669240.65 5131146 66016 325 3 81.50 64 4067 6 3 5.02 5 66041 313 6 137.59 131 8 1 2.28 2 4653056 65536 3033801.35 4128768 82425 421 6 171.72 131
47 8388608 65536 1024 6456 158612 901 11 4 7.04 7 4452114127 20295174 6604 4941303.14 4425484 51632 255 2 57.31 52 3810 6 1 4.23 4 51657 233 5 100.89 95 6 1 1.96 2 3604480 65536 2290594.34 2883584 68041 361 5 132.89 98
48 8388608 65536 1024 7293 140408 824 10 4 6.44 6 4857219628 21928590 7228 5894684.01 4673390 57734 275 3 70.07 57 3760 6 2 4.56 5 57759 259 1 118.36 112 9 1 1.96 1 3997696 65536 2528577.43 3211264 74143 381 1 151.93 118
49 8388608 65536 2048 16529 123903 1166 9 2 4.55 4 11826369588 62901120 23040 10142684.04 7858554 147676 833 3 126.65 100 6470 9 2 5.55 5 147676 726 9 288.99 251 10 1 2.56 2 8192000 65536 4681543.14 4521984 180469 982 9 352.48 254
50 8388608 65536 2048 16924 121011 1195 8 2 4.67 5 11814596194 59189896 18055 9886691.38 7131397 147520 784 3 123.45 95 6560 9 3 5.49 5 147520 697 38 289.25 255 9 1 2.58 2 7733248 65536 4646226.65 5046272 180313 953 38 352.86 256
51 8388608 65536 2048 14311 143106 1284 9 2 5.02 5 11483288121 55129944 16815 8943370.81 7207536 142464 735 3 110.95 90 6883 9 2 5.36 5 142464 694 3 282.11 229 11 1 2.77 2 7340032 65536 4623190.16 5570560 175257 950 3 346.36 229
52 8388608 65536 2048 23933 85572 633 9 1 2.47 2 10480419357 58882992 29588 16556744.64 12945380 127164 784 3 200.89 153 3169 8 1 5.01 5 127164 1177 6 394.92 279 11 1 2.67 2 15400960 65536 8830078.81 8388608 159932 1305 6 464.92 346
53 8388608 65536 2048 22965 89179 633 6 1 2.47 2 10513132662 58720256 111645 16608424.43 12839705 127658 768 4 201.67 156 3177 8 1 5.02 5 127658 1197 2 407.85 314 10 1 2.72 2 15597568 131072 8993736.81 8388608 160451 1325 2 465.08 348
54 8388608 65536 2048 23872 85790 617 5 1 2.41 2 10427415797 66512336 37280 16900187.68 13898988 126376 882 2 204.82 164 3088 8 1 5.00 5 126376 1195 4 390.05 288 10 1 2.57 2 15532032 65536 8684147.53 8388608 159169 1323 20 461.36 368
55 8388608 65536 2048 24950 82084 1066 8 1 4.16 4 11645801266 58720256 22320 10924766.67 7968728 144918 768 3 135.95 100 5767 8 2 5.41 5 144918 1009 4 345.87 303 11 1 3.04 3 9568256 65536 6138550.18 7733248 177711 1137 4 405.73 370
56 8388608 65536 2048 21055 97269 980 7 1 3.83 4 10888690833 58720256 24020 11110909.01 8590392 133390 768 2 136.11 105 5036 8 1 5.14 5 133390 1049 1 369.50 312 11 1 3.15 3 10289152 65536 6810087.98 8388608 166183 1177 20 447.93 376
57 8388608 65536 2048 23039 88892 962 7 1 3.76 4 10767804408 67108864 19152 11193143.88 8695215 131572 896 3 136.77 105 4909 8 1 5.10 5 131572 1058 4 367.52 312 11 1 3.10 3 10092544 65536 6799360.00 8388608 164365 1186 4 440.66 387
58 8388608 65536 2048 16279 125806 1411 9 2 5.51 5 11819666736 50140848 12712 8376801.37 6836810 147572 665 2 104.59 85 7815 9 3 5.54 5 147572 622 39 289.36 289 9 1 2.89 3 6881280 65536 4367613.54 5505024 180365 750 66 352.96 366
59 8388608 65536 2048 16233 126162 1337 10 2 5.22 5 11621362456 42600523 12952 8692118.52 6713476 144546 552 3 108.11 84 7228 8 3 5.41 5 144546 664 1 303.67 299 11 1 2.92 3 7012352 65536 4700829.41 6422528 177339 792 6 371.00 358
60 8388608 65536 2048 18684 109612 1094 7 1 4.27 4 10496493171 42246144 20470 9594600.70 7888896 127424 535 2 116.48 96 5554 8 1 5.08 5 127424 880 2 345.32 272 9 1 3.14 3 8716288 65536 5934620.07 7405568 160217 1008 2 431.85 393
61 8388608 65536 2048 11631 176081 786 6 2 3.07 3 6970068014 26958260 17915 8867771.01 7474460 73810 320 2 93.91 80 2880 6 2 3.66 3 73810 304 14 145.58 139 6 1 1.72 1 7536640 65536 4177449.65 3866624 106603 432 14 209.44 223
62 8388608 65536 2048 13537 151289 1206 8 2 4.71 5 9241860327 31418870 12284 7663234.10 6603990 108550 380 2 90.01 80 5533 6 3 4.59 5 108550 390 50 212.01 210 8 1 2.24 2 6684672 65536 3749561.31 3735552 141343 518 50 275.52 285
63 8388608 65536 2048 11020 185843 1053 8 2 4.11 4 7449962239 27962025 13650 7074987.88 5789010 81392 336 2 77.30 68 4219 5 1 4.01 5 81392 412 24 158.97 146 6 1 1.83 1 5898240 65536 3242995.13 2949120 114185 540 44 222.58 213
64 8388608 65536 512 24596 20816 107 4 1 1.67 2 2218130735 50331648 350985 20730193.79 20006300 25656 640 8 239.78 228 461 6 1 4.31 4 25656 765 2 275.87 250 6 1 2.03 2 18153472 131072 9772081.62 8388608 33848 893 2 319.32 263
65 8388608 65536 512 24238 21123 109 3 1 1.70 2 2263960575 50331648 483110 20770280.50 17426541 26354 640 8 241.78 218 475 6 1 4.36 5 26354 995 5 258.37 193 8 1 2.04 2 18153472 262144 9716766.76 8388608 34546 1123 13 311.23 256
66 8388608 65536 512 25488 20087 107 4 1 1.67 2 2178317908 50331648 157776 20358111.29 17663460 25046 640 5 234.07 194 456 6 1 4.26 4 25046 770 2 260.90 254 7 1 1.89 1 18219008 65536 9038529.33 8388608 33238 898 7 302.16 242
67 8388608 65536 512 16258 31492 183 6 1 2.86 3 2398546995 44216016 25495 13106814.18 11696145 28410 560 3 155.25 132 848 6 1 4.63 5 28435 686 1 190.84 159 8 1 2.14 2 10682368 65536 6042188.09 5505024 36602 814 1 239.23 170
68 8388608 65536 512 17833 28710 172 6 1 2.69 3 2378332842 41943040 244770 13827516.52 10162140 28104 515 5 163.40 120 781 6 1 4.54 5 28129 812 2 205.32 171 6 1 2.01 1 10551296 131072 6114896.29 6029312 36296 940 2 252.06 181
69 8388608 65536 512 19065 26855 169 6 1 2.64 2 2307264080 50331648 91788 13652450.18 11443180 27030 640 2 159.94 135 767 6 1 4.54 5 27055 633 1 206.53 160 7 1 2.07 2 10682368 65536 6221857.12 6291456 35222 761 2 257.09 179
70 8388608 65536 512 17455 29332 217 7 1 3.39 3 2368211246 37822464 20480 10913415.88 9326592 27936 475 3 128.74 106 1007 6 1 4.64 5 27961 692 2 190.21 137 8 1 2.23 2 8585216 65536 5238240.28 5046272 36128 820 2 240.85 167
71 8388608 65536 512 17291 29610 217 8 1 3.39 3 2311285823 40345600 102350 10651086.74 8110080 27098 492 2 124.88 92 983 6 1 4.53 5 27123 641 6 191.01 128 7 1 2.28 2 8650752 65536 5366045.10 6160384 35290 769 6 246.78 156
72 8388608 65536 512 16506 31019 210 8 1 3.28 3 2369869615 41943040 81960 11285093.40 8990720 27980 530 3 133.24 110 971 6 1 4.62 5 28005 660 2 194.48 132 7 1 2.13 2 8650752 65536 5210039.98 5505024 36173 788 2 242.77 161
73 8388608 65536 1024 25477 40193 219 3 1 1.71 2 4897589618 50331648 163880 22363422.91 20971520 58344 640 3 266.41 252 1015 7 1 4.63 5 58369 1072 26 345.38 288 8 1 2.25 2 21168128 65536 10858922.86 8388608 74728 1200 26 397.49 319
74 8388608 65536 1024 25901 39535 215 4 1 1.68 2 4836132871 53629730 51210 22493641.26 20971520 57422 696 4 267.08 256 989 7 1 4.60 5 57422 1081 3 361.14 312 7 1 2.20 2 21168128 65536 10772717.18 8388608 73831 1209 3 405.66 319
75 8388608 65536 1024 25251 40552 220 4 1 1.72 2 4818986954 50331648 1043460 21904486.15 19337840 57146 640 15 259.75 240 1017 7 1 4.62 5 57146 1172 13 348.45 266 8 1 2.24 2 21168128 393216 10590905.67 8388608 73555 1300 13 389.18 266
76 8388608 65536 1024 19594 52260 340 5 1 2.66 3 5067334779 50331648 30170 14903925.82 12963114 60942 640 4 179.24 147 1637 7 1 4.81 5 60967 907 12 278.39 210 9 1 2.31 2 12648448 65536 7147583.55 6946816 77351 1035 12 343.78 262
77 8388608 65536 1024 21374 47908 347 5 1 2.71 3 5050898581 50331648 72468 14555903.69 11625677 60688 640 2 174.89 132 1657 7 1 4.78 5 60713 933 1 281.08 209 9 1 2.39 2 12648448 65536 7288586.71 7143424 77097 1061 3 342.65 259
78 8388608 65536 1024 21806 46959 322 6 1 2.52 2 4917818889 50331648 30195 15272729.47 12637224 58672 640 4 182.21 148 1525 7 1 4.74 5 58697 801 6 279.51 226 9 1 2.23 2 12648448 65536 7201859.47 6815744 75081 929 14 336.69 256
79 8388608 65536 1024 19487 52547 500 6 1 3.91 4 5218533537 46497792 16392 10437067.07 8634368 63256 590 2 126.51 105 2473 7 1 4.95 5 63281 784 1 238.80 176 8 1 2.60 2 8716288 65536 5482444.37 6029312 79665 912 1 296.15 214
80 8388608 65536 1024 18668 54853 504 8 1 3.94 4 5186409142 48832512 98352 10290494.33 7618560 62786 620 3 124.58 90 2516 7 1 4.99 5 62811 765 1 251.24 195 9 1 2.66 2 8781824 65536 5502105.11 6356992 79195 893 1 310.57 240
81 8388608 65536 1024 18121 56509 492 8 1 3.84 4 5125105713 43401216 49128 10416881.53 8949760 61846 550 2 125.70 105 2427 7 1 4.93 5 61871 772 5 241.68 189 9 1 2.61 2 8716288 65536 5518709.67 6094848 78255 900 6 295.30 234
82 8388608 65536 2048 31611 64787 418 4 1 1.63 2 10291907521 67108864 187245 24621788.33 24940790 124292 896 4 297.35 284 2039 8 1 4.88 5 124292 1596 2 440.75 376 11 1 2.29 1 25821184 131072 11591310.99 8388608 157060 1724 10 490.81 384
83 8388608 65536 2048 31271 65491 414 6 1 1.62 1 10338238558 67108864 99568 24971590.72 25165824 124964 896 3 301.85 280 2026 8 1 4.89 5 124964 1556 6 452.77 328 9 1 2.31 2 25821184 65536 11773490.15 8388608 157757 1684 8 489.93 384
84 8388608 65536 2048 29867 68570 413 4 1 1.61 2 6101492500 67108864 124830 14773589.59 25403352 125858 896 3 304.74 300 2023 8 1 4.90 5 125858 1709 1 469.62 355 9 1 2.35 2 25821184 65536 12088039.00 8388608 158626 1837 7 508.42 384
85 8388608 65536 2048 23374 87618 629 6 1 2.46 2 10573822782 56146643 89956 16810529.07 14931420 128588 732 3 204.43 184 3162 8 1 5.03 5 128588 1216 8 387.31 305 11 1 2.57 2 15663104 65536 8611259.62 7995392 161356 1344 15 465.00 362
86 8388608 65536 2048 25004 81906 623 5 1 2.43 2 10483680982 50368927 89476 16827738.33 14192090 127210 654 3 204.19 171 3127 8 1 5.02 5 127210 1143 3 386.66 310 11 1 2.55 2 15597568 65536 8558627.11 8192000 159978 1271 8 457.08 363
87 8388608 65536 2048 24021 85258 621 5 1 2.43 2 10593126068 58720256 60132 17058174.02 14056180 128862 768 3 207.51 170 3099 8 1 4.99 5 128862 1218 4 398.95 306 9 1 2.58 2 15728640 65536 8819803.23 8257536 161655 1346 4 467.21 366
88 8388608 65536 2048 22494 91046 941 7 1 3.68 4 10685549830 50331648 19552 11355525.86 8867395 130294 640 2 138.46 108 4789 8 1 5.09 5 130294 992 6 361.93 290 10 1 3.04 3 10354688 65536 6789346.40 8388608 163087 1120 11 439.59 374
89 8388608 65536 2048 19056 107472 988 8 1 3.86 4 10909513832 50331648 23855 11042018.05 8732166 133752 640 3 135.38 110 5122 8 1 5.18 5 133752 951 13 366.44 297 10 1 3.16 3 10158080 65536 6724001.68 8388608 166545 1079 13 440.60 379
90 8388608 65536 2048 20163 101572 965 8 1 3.77 4 10876825148 50331648 34440 11271321.40 8949816 133216 654 3 138.05 108 4964 8 1 5.14 5 133216 1003 2 364.98 309 9 1 3.09 3 10420224 65536 6764880.24 8126464 166009 1131 2 439.18 380
