testid msgsize chunksize datasize time bandwidth numpaths/job maxpath/job minpath/job avgpath/job medpath/job totalhopbytes maxhopbytes minhopbytes avghopbytes medhopbytes totalcopies maxcopies/path mincopies/paths avgcopies/paths medcopies/path totalhops maxhops/path minhop/path avghops/path medhop/path totalcopies/node maxopies/node mincopies/node avgcopies/node medcopies/node maxloadpath minloadpath avgloadpath medloadpath maxloadlink minloadlink avgloadlink medloadlink totalrput maxrputs minrput avgrput medrput
0 8388608 65536 256 4101 62423 126 4 2 3.94 4 796917760 8388608 4194304 6324744.13 8388608 8064 96 32 64.00 64 376 4 2 2.98 2 8089 64 32 32.23 32 1 1 1.00 1 4194304 2097152 2119462.13 2097152 12160 128 32 43.12 32
1 8388608 65536 512 13739 37266 163 7 1 2.55 2 2710319164 58720256 2396744 16627724.93 13981010 33162 768 18 203.45 172 803 8 2 4.93 5 33187 490 18 145.56 128 2 1 1.51 2 12582912 1179648 5084757.49 4194304 41379 746 18 181.49 128
2 8388608 65536 1024 24602 41622 280 6 1 2.19 2 5252666309 67108864 1398101 18759522.53 16777212 63762 896 32 227.72 192 1333 8 1 4.76 5 63787 1131 21 241.62 171 3 1 1.81 2 25165824 1376256 7126795.46 6946816 80171 1643 21 303.68 171
3 8388608 65536 2048 29321 69847 467 6 1 1.82 1 11168032962 75497472 2796202 23914417.48 16777216 137644 1024 21 294.74 215 2365 9 2 5.06 5 137669 1856 21 323.17 234 4 1 2.04 2 29360128 1376256 9635997.27 8388608 170437 2880 21 400.09 234
4 8388608 65536 512 17111 29922 95 3 1 1.48 1 2771036828 58720256 5592404 29168808.72 25165824 34088 768 43 358.82 320 480 8 2 5.05 5 34088 448 42 146.93 128 1 1 1.00 1 8388608 2752512 5772629.33 4194304 42280 576 42 171.87 128
5 8388608 65536 512 9885 51795 147 4 1 2.30 2 1732247420 25165824 6291456 11783996.05 12582912 18216 256 64 123.92 128 483 5 3 3.29 3 18241 160 32 63.56 64 1 1 1.00 1 8388608 2097152 3583177.41 4194304 26408 192 32 88.92 64
6 8388608 65536 1024 21474 47685 252 5 1 1.97 2 5243998316 58720256 2097152 20809517.13 16777216 63630 768 26 252.50 210 1185 8 1 4.70 5 63655 811 25 215.78 171 2 1 1.46 1 16777216 1638400 6465841.56 5636096 80014 1067 25 272.16 171
7 8388608 65536 2048 24298 84286 500 6 1 1.95 2 11407387776 67108864 3355442 22814775.55 19573414 141292 896 25 282.58 256 2624 9 2 5.25 5 141292 1023 25 309.17 277 3 1 1.82 2 25165824 1376256 7899720.33 8388608 174085 1535 25 380.10 277
8 8388608 65536 1024 21527 47568 215 5 1 1.68 2 5473846258 58720256 5592404 25459750.04 20971520 67136 768 43 312.26 256 1090 8 2 5.07 5 67161 704 26 239.86 192 2 1 1.45 1 16777216 1638400 7269012.91 8388608 83545 832 26 277.56 256
9 8388608 65536 1024 18107 56552 278 5 1 2.17 2 5370386523 58720256 3355442 19317937.13 16777216 65556 768 25 235.81 192 1357 8 2 4.88 5 65581 704 25 196.35 171 2 1 1.50 1 16777216 1638400 5933723.58 5570560 81965 832 25 243.22 214
10 8388608 65536 1024 5195 197112 256 2 2 2.00 2 2147483648 12582912 4194304 8388608.00 12582912 16384 128 128 64.00 128 512 3 1 2.00 3 16409 64 64 63.85 64 1 1 1.00 1 4194304 4194304 4194304.00 4194304 32793 128 64 85.18 64
11 8388608 65536 2048 22337 91686 471 5 1 1.84 2 2758453737 67108864 5592404 5856589.68 20971520 140388 896 43 298.06 256 2468 9 2 5.24 5 140388 896 42 278.00 256 2 1 1.46 1 16777216 1638400 6734689.39 7012352 173181 1152 42 341.58 256
12 8388608 65536 2048 25286 80993 381 3 1 1.49 1 7214202732 67108864 5592404 18934915.31 25165824 142850 896 42 374.93 320 2008 9 2 5.27 5 142850 1280 42 362.56 320 3 1 1.71 1 25165824 2752512 9795150.00 8388608 175618 1280 43 359.87 256
13 8388608 65536 2048 22256 92020 505 5 1 1.97 2 11570406294 58720256 6291456 22911695.63 20971520 143784 768 64 284.72 256 2777 9 2 5.50 5 143784 1130 32 327.53 278 3 1 1.88 2 25165824 1638400 7849736.68 8388608 176577 1130 32 376.50 352
14 8388608 65536 2048 20594 99446 446 4 1 1.74 2 6956952008 58720256 2097152 15598547.10 25165824 138922 768 43 311.48 320 2360 9 1 5.29 5 138922 938 32 284.09 256 2 1 1.46 1 16777216 2097152 6962794.46 8388608 171715 1024 32 342.06 320
15 8388608 65536 2048 8228 248906 256 1 1 1.00 1 0 16777216 16777216 0.00 16777216 32768 128 128 128.00 128 512 2 2 2.00 2 32768 128 128 128.00 128 1 1 1.00 1 8388608 8388608 8388608.00 8388608 65536 256 128 179.06 128
16 8388608 65536 256 12884 19869 60 3 1 1.88 2 1079334178 33554432 8388606 17988902.97 16777212 12368 384 86 206.13 192 246 6 3 4.10 4 12368 320 42 98.16 64 1 1 1.00 1 8388608 2752512 4386116.68 4194304 16489 448 42 129.83 64
17 8388608 65536 256 3836 66736 132 5 3 4.12 4 844453100 11184808 1677721 6397371.97 5592404 8778 129 26 66.50 52 410 4 1 3.11 3 8803 75 25 40.01 32 1 1 1.00 1 2818048 1638400 2057830.40 2097152 12874 197 25 56.71 32
18 8388608 65536 256 10078 25401 107 5 1 3.34 4 966647165 25165824 3355442 9034085.65 8388608 10642 256 26 99.46 96 390 5 2 3.64 4 10667 171 25 59.59 58 1 1 1.00 1 8388608 1638400 2476588.64 2097152 14738 299 25 82.80 64
19 8388608 65536 512 14108 36291 178 6 1 2.78 3 2404734069 41943040 2097152 13509741.96 12582912 28488 512 22 160.04 129 772 7 1 4.34 4 28513 533 21 133.24 86 2 1 1.45 1 12582912 1376256 4518534.74 4194304 36705 789 21 171.52 86
20 8388608 65536 512 16413 31194 191 7 1 2.98 3 2368383439 50331648 1198372 12399913.29 10485760 27938 640 18 146.27 128 802 7 1 4.20 4 27963 534 18 130.06 93 2 1 1.47 1 12582912 1179648 4344615.93 4194304 36155 790 18 168.16 93
21 8388608 65536 512 12418 41230 212 7 2 3.31 3 2316613713 25165824 1398101 10927423.17 8388608 27146 320 18 128.05 104 885 7 1 4.17 4 27171 512 18 121.84 90 2 1 1.47 1 8388608 1179648 3847028.52 3342336 35363 768 18 158.58 90
22 8388608 65536 1024 20501 49948 225 5 1 1.76 2 4638900120 58720256 4194304 20617333.87 16777216 54396 768 32 241.76 192 961 7 2 4.27 4 54421 960 25 232.57 171 2 1 1.46 1 16777216 1638400 7060331.93 7012352 70805 1472 25 302.59 171
23 8388608 65536 1024 20691 49490 217 5 1 1.70 2 4645331390 50331648 2796202 21407057.10 16777216 54492 640 26 251.12 192 918 6 1 4.23 4 54517 1024 26 250.08 171 2 1 1.47 1 16777216 1638400 7431887.26 8388608 70901 1536 26 325.23 171
24 8388608 65536 1024 16945 60430 224 5 1 1.75 2 4671615676 50331648 2796202 20855427.12 20971520 54892 640 26 245.05 256 951 6 1 4.25 4 54917 858 25 238.77 148 2 1 1.45 1 16777216 1638400 7109808.12 8388608 71301 1370 25 310.00 148
25 8388608 65536 2048 27798 73674 381 3 1 1.49 1 5944726730 67108864 5592404 15602957.30 20971520 123480 896 42 324.09 256 1784 8 2 4.68 5 123480 1536 42 378.77 256 3 1 1.72 1 25165824 2752512 9893593.17 8388608 156273 2560 42 477.90 256
26 8388608 65536 2048 26585 77035 376 4 1 1.47 1 5804916598 67108864 2796202 15438607.97 20971520 121344 896 42 322.72 256 1726 8 1 4.59 5 121344 1472 42 384.00 298 3 1 1.72 1 25165824 2097152 10079724.58 8388608 154137 2496 42 486.24 298
27 8388608 65536 2048 27352 74875 371 4 1 1.45 1 5670698884 58720256 2097152 15284902.65 20971520 119294 768 32 321.55 256 1679 8 1 4.53 5 119294 1856 32 383.58 288 3 1 1.70 1 25165824 2097152 10107033.70 8388608 152087 2880 32 487.46 288
28 8388608 65536 512 16764 30541 219 6 1 3.42 3 2458980338 33554432 1398101 11228220.72 10485760 29316 384 25 133.86 128 975 7 1 4.45 4 29341 463 21 125.39 86 2 1 1.54 2 11206656 1376256 3871061.87 3735552 37508 591 21 160.29 96
29 8388608 65536 512 16041 31918 225 7 1 3.52 4 2383243201 41943040 1198372 10592192.00 8388608 28158 512 21 125.15 100 973 6 1 4.32 4 28183 513 18 118.92 85 2 1 1.51 2 12582912 1179648 3687668.11 3342336 36350 641 18 154.03 86
30 8388608 65536 512 15486 33062 244 9 1 3.81 3 2184939111 41943040 1048576 8954668.49 6710884 25126 512 14 102.98 75 956 6 1 3.92 4 25151 512 16 120.92 80 2 1 1.53 2 12582912 917504 3499244.31 2818048 33318 640 16 160.96 87
31 8388608 65536 512 14548 35193 137 4 1 2.14 2 1947555046 41943040 4194304 14215730.26 12582912 21516 512 32 157.05 128 501 5 2 3.66 4 21541 256 32 76.39 64 1 1 1.00 1 8388608 2097152 3886114.75 4194304 29733 384 32 104.69 64
32 8388608 65536 512 13213 38749 108 4 1 1.69 2 2108336778 33554432 8388606 19521636.83 16777216 23976 384 86 222.00 192 434 6 3 4.02 4 24001 384 32 115.95 107 1 1 1.00 1 8388608 2097152 4857516.24 4194304 32168 448 32 156.16 128
33 8388608 65536 512 3353 152699 224 4 3 3.50 4 1326798016 10485760 2097152 5923205.43 6291456 12032 128 64 53.71 64 558 5 1 2.49 3 12057 86 32 44.49 32 1 1 1.00 1 2818048 2097152 2375268.93 2097152 20249 171 32 64.49 43
34 8388608 65536 1024 16360 62591 296 5 1 2.31 2 4735089323 50331648 3355442 15996923.39 16777212 55862 640 26 188.72 192 1283 6 2 4.33 4 55887 640 25 208.53 171 2 1 1.48 1 16777216 1638400 5448462.43 4194304 72271 875 25 269.67 171
35 8388608 65536 1024 19253 53186 300 7 1 2.34 2 4794049312 50331648 2396744 15980164.37 16777212 56766 640 18 189.22 192 1312 7 2 4.37 4 56791 704 18 208.03 150 2 1 1.48 1 16777216 1179648 5410788.26 4194304 73175 960 18 268.04 150
36 8388608 65536 1024 19604 52234 295 5 1 2.30 2 4969131502 58720256 2097152 16844513.57 16777212 59432 768 26 201.46 192 1322 7 1 4.48 5 59457 735 25 221.85 192 2 1 1.51 2 16777216 1638400 5665538.63 4456448 75841 991 25 282.99 192
37 8388608 65536 2048 23830 85942 507 4 1 1.98 2 10410261928 58720256 4194304 20533061.00 16777216 126084 768 32 248.69 215 2469 8 1 4.87 5 126084 1408 32 336.22 256 3 1 1.84 2 20971520 2097152 7745926.10 8388608 158877 1920 32 422.55 256
38 8388608 65536 2048 26419 77519 355 4 1 1.39 1 6031409092 58720256 2796202 16989884.77 25165824 124798 768 32 351.54 320 1702 8 1 4.79 5 124798 1344 42 335.48 256 2 1 1.45 1 16777216 2097152 8810789.57 8388608 157591 1856 42 422.50 256
39 8388608 65536 2048 31558 64896 525 6 1 2.05 2 10373911260 58720256 2097152 19759830.97 16777216 125518 768 32 239.08 192 2510 8 1 4.78 5 125518 1323 32 333.82 256 3 1 1.89 2 20971520 1376256 7793712.47 8388608 158311 1835 32 419.92 256
40 8388608 65536 1024 24210 42296 265 5 1 2.07 2 5421277525 58720256 5033163 20457651.04 16777216 66332 768 43 250.31 215 1325 8 2 5.00 5 66357 768 26 228.82 192 2 1 1.54 2 16777216 1638400 6310681.93 5832704 82741 896 26 280.48 256
41 8388608 65536 1024 21581 47449 248 5 1 1.94 2 4822051297 58720256 1677721 19443755.23 16777216 57184 768 42 230.58 192 1092 7 1 4.40 5 57209 896 32 243.44 171 2 1 1.51 2 16777216 1638400 6677773.47 6946816 73568 1024 32 305.26 256
42 8388608 65536 1024 17827 57440 249 6 1 1.95 2 4768923506 50331648 2796202 19152303.24 16777216 56376 640 32 226.41 192 1096 7 1 4.40 4 56401 896 32 242.06 192 2 1 1.54 2 16777216 1376256 6678430.48 6291456 72760 1024 32 296.98 213
43 8388608 65536 1024 19716 51937 323 5 1 2.52 2 5452035544 58720256 3355442 16879367.01 16777212 66800 768 26 206.81 192 1604 8 2 4.97 5 66825 672 25 208.83 192 2 1 1.53 2 12582912 1638400 5201857.47 4194304 83209 800 25 260.03 256
44 8388608 65536 1024 21693 47204 331 6 1 2.59 2 5290694617 67108864 1677721 15983971.65 13981010 64332 896 32 194.36 172 1588 8 1 4.80 5 64357 640 21 200.49 171 2 1 1.53 2 16777216 1376256 5081463.76 4194304 80741 768 21 250.75 202
45 8388608 65536 1024 17466 58628 366 7 1 2.86 2 4741041121 50331648 1398101 12953664.27 11184808 55936 640 18 152.83 128 1549 7 1 4.23 4 55961 673 18 187.16 125 2 1 1.55 2 16777216 1179648 4730103.31 4194304 72345 801 21 238.76 133
46 8388608 65536 1024 12344 82955 394 6 1 3.08 3 4162986063 41943040 4194303 10565954.47 10485760 47130 512 42 119.62 126 1526 6 3 3.87 4 47155 341 21 111.21 103 2 1 1.51 2 12582912 1376256 4113096.35 4194304 63539 469 21 149.50 115
47 8388608 65536 1024 12445 82282 297 4 1 2.32 2 3035277768 33554432 2097152 10219790.46 8388608 29890 384 43 100.64 84 828 5 1 2.79 3 29915 192 32 70.89 64 1 1 1.00 1 8388608 2097152 3662575.92 4194304 46299 320 32 102.66 64
48 8388608 65536 1024 10925 93729 257 3 1 2.01 2 3377812750 25165824 5592404 13143240.27 12582912 35146 256 43 136.75 128 814 5 2 3.17 3 35171 256 42 89.95 64 1 1 1.00 1 8388608 2752512 4148734.74 4194304 51555 320 42 130.19 128
49 8388608 65536 2048 21617 94740 495 5 1 1.93 2 10960834557 67108864 4194304 22143100.12 20971520 134474 896 32 271.66 256 2520 9 1 5.09 5 134474 1131 32 270.57 235 2 1 1.46 1 16777216 1638400 6335474.98 5636096 167267 1387 32 335.88 256
50 8388608 65536 2048 19623 104367 504 5 1 1.97 2 10947133115 67108864 1677721 21720502.21 20971520 134262 896 32 266.39 256 2550 9 1 5.06 5 134262 746 32 270.69 239 2 1 1.46 1 16777216 1638400 6247989.77 5570560 167055 1002 32 336.13 256
51 8388608 65536 2048 18636 109894 519 5 1 2.03 2 6206451018 67108864 2097152 11958479.80 16777216 127470 896 26 245.61 215 2491 9 1 4.80 5 127470 917 32 267.79 192 2 1 1.50 2 16777216 1638400 6326119.02 5636096 160263 1173 32 335.98 192
52 8388608 65536 2048 27755 73788 392 3 1 1.53 1 5813305120 67108864 4194304 14829860.00 20971520 121472 896 42 309.88 256 1830 8 1 4.67 5 121472 1728 42 407.62 341 3 1 1.83 2 25165824 2752512 10128529.70 8388608 154265 1856 42 459.12 384
53 8388608 65536 2048 28815 71074 398 4 1 1.55 1 5969892558 67108864 2796202 14999730.05 20971520 123864 896 43 311.22 256 1881 8 1 4.73 5 123864 1898 32 402.16 320 3 1 1.84 2 25165824 2097152 10014668.05 8388608 156657 2026 32 459.40 342
54 8388608 65536 2048 35198 58185 393 5 1 1.54 1 5954793008 67108864 2796202 15152145.06 20971520 123634 896 42 314.59 256 1835 8 1 4.67 5 123634 1899 42 404.03 320 3 1 1.80 1 25165824 1638400 10039139.54 8388608 156402 2027 42 455.98 384
55 8388608 65536 2048 24753 82737 600 6 1 2.34 2 10918890798 58720256 2097152 18198151.33 16777212 133846 768 32 223.08 192 3021 8 1 5.03 5 133846 1099 21 328.86 278 3 1 2.02 2 25165824 1376256 7303822.81 7012352 166614 1227 21 388.38 350
56 8388608 65536 2048 27586 74240 550 6 1 2.15 2 10305124515 58720256 2097152 18736590.03 16777212 124472 768 32 226.31 192 2656 8 1 4.83 5 124472 1558 22 371.56 299 3 1 2.09 2 25165824 1441792 8114079.24 8388608 157265 1686 22 435.64 371
57 8388608 65536 2048 25723 79617 568 5 1 2.22 2 10382020130 58720256 1677721 18278204.45 16777212 125650 768 32 221.21 192 2680 8 1 4.72 5 125650 1428 25 356.96 298 3 1 2.00 2 20971520 1638400 7765207.22 8388608 158443 1556 25 432.90 363
58 8388608 65536 2048 19658 104181 566 5 1 2.21 2 10915535794 67108864 4194304 19285398.93 16777216 133788 896 32 236.37 210 2845 9 1 5.03 5 133788 726 32 268.11 256 2 1 1.54 2 16777216 1638400 5913008.68 5570560 166581 789 32 330.52 330
59 8388608 65536 2048 18400 111304 541 5 1 2.11 2 6377578610 67108864 2097152 11788500.20 16777216 130072 896 26 240.43 215 2615 8 1 4.83 5 130072 768 26 290.99 289 2 1 1.49 1 16777216 1638400 6087782.22 5570560 162865 896 26 358.73 363
60 8388608 65536 2048 21297 96163 550 5 1 2.15 2 5729978162 58720256 2097152 10418142.11 16777216 120184 768 25 218.52 192 2495 8 1 4.54 5 120184 1045 25 301.97 234 2 1 1.59 2 16777216 1638400 6380561.60 6291456 152977 1173 25 382.44 345
61 8388608 65536 2048 14811 138275 643 6 1 2.51 2 2403335804 41943040 2796202 3737691.76 12582912 69414 512 22 107.95 128 2024 6 2 3.15 3 69414 299 25 135.57 128 2 1 1.50 1 16777216 1376256 4960444.11 4194304 102207 427 32 199.23 192
62 8388608 65536 2048 14150 144734 328 3 1 1.28 1 -850045618 41943040 8388606 -2591602.49 25165824 85332 512 86 260.16 256 1199 6 3 3.66 4 85332 384 64 172.39 192 1 1 1.00 1 8388608 2752512 6455214.01 8388608 118125 512 64 236.25 256
63 8388608 65536 2048 7216 283813 384 2 1 1.50 2 3338665984 20971520 4194304 8694442.67 8388608 18176 256 128 47.33 128 668 5 1 1.74 1 18201 128 64 64.09 64 1 1 1.00 1 8388608 4194304 4998002.97 4194304 50969 256 64 116.90 128
64 8388608 65536 512 24538 20865 81 3 1 1.27 1 2250943140 50331648 4194304 27789421.48 25165824 26154 640 43 322.89 256 335 6 1 4.14 4 26154 853 43 300.62 256 3 1 1.67 1 25165824 2818048 11198504.76 8388608 34346 981 43 343.46 256
65 8388608 65536 512 22513 22742 84 2 1 1.31 1 2206203904 50331648 4194304 26264332.19 25165824 25472 640 64 303.24 256 343 6 1 4.08 4 25497 1024 64 299.96 256 3 1 1.66 1 25165824 4194304 10657989.87 8388608 33689 1152 64 333.55 256
66 8388608 65536 512 26185 19553 86 2 1 1.34 1 2172649472 50331648 4194304 25263365.95 25165824 24960 640 64 290.23 256 348 6 1 4.05 4 24985 1024 64 283.92 256 3 1 1.67 1 25165824 4194304 10395452.02 8388608 33152 1152 64 315.73 256
67 8388608 65536 512 20190 25359 97 3 1 1.52 2 2206203894 50331648 4194304 22744370.04 16777216 25472 640 64 262.60 192 396 6 1 4.08 4 25497 704 43 217.92 192 2 1 1.47 1 16777216 2752512 8201501.50 8388608 33664 832 43 260.96 192
68 8388608 65536 512 19104 26800 97 2 1 1.52 2 2206203904 50331648 4194304 22744370.14 20971520 25472 640 64 262.60 256 398 6 1 4.10 4 25497 832 64 221.71 192 2 1 1.42 1 16777216 4194304 7879299.66 8388608 33664 960 64 260.96 192
69 8388608 65536 512 17853 28678 101 3 1 1.58 2 2206203884 50331648 4194304 21843602.81 20971520 25472 640 64 252.20 256 418 6 1 4.14 4 25497 768 43 212.47 171 2 1 1.44 1 16777216 2752512 7607599.67 8388608 33664 896 43 258.95 192
70 8388608 65536 512 18238 28073 161 5 1 2.52 2 2231649216 50331648 2097152 13861175.25 12582912 25858 640 26 160.61 129 658 6 1 4.09 4 25883 618 25 160.76 117 2 1 1.53 2 16777216 1638400 5201633.57 4194304 34075 746 25 206.52 128
71 8388608 65536 512 16152 31698 163 5 1 2.55 2 2261848206 41943040 2097152 13876369.36 12582912 26318 512 25 161.46 128 681 6 1 4.18 4 26343 566 32 160.63 128 2 1 1.51 2 12582912 1638400 5003644.60 4194304 34510 694 32 206.65 153
72 8388608 65536 512 16914 30270 161 6 1 2.52 2 2283378996 50331648 2097152 14182478.24 12582912 26646 640 25 165.50 160 676 6 1 4.20 4 26671 555 21 166.69 128 2 1 1.52 2 12582912 1376256 5119155.09 4194304 34838 683 21 209.87 150
73 8388608 65536 1024 31271 32745 194 3 1 1.52 1 4787098808 58720256 2796202 24675767.05 20971520 56666 768 42 292.09 256 853 7 1 4.40 5 56691 1173 43 337.45 256 4 1 1.98 2 33554432 2752512 11107667.75 8388608 73050 1301 43 382.46 299
74 8388608 65536 1024 24685 41482 195 3 1 1.52 1 4753544404 50331648 2796202 24377150.79 25165824 56152 640 42 287.96 256 863 7 1 4.43 5 56177 1322 43 348.93 256 4 1 1.98 2 33554432 2752512 10928090.34 8388608 72536 1450 43 396.37 299
75 8388608 65536 1024 28067 36484 193 3 1 1.51 1 4767525394 58720256 2796202 24702204.11 20971520 56366 768 42 292.05 256 850 7 1 4.40 5 56391 1344 42 341.76 256 4 1 1.92 1 33554432 2752512 10786751.13 8388608 72775 1472 42 381.02 256
76 8388608 65536 1024 25474 40197 248 4 1 1.94 2 4806672118 58720256 2796202 19381742.41 16777212 56970 768 42 229.72 192 1089 7 1 4.39 4 56995 853 32 280.76 235 3 1 1.83 2 25165824 2097152 8079542.43 8388608 73354 981 32 342.78 256
77 8388608 65536 1024 21299 48077 253 5 1 1.98 2 4718871331 50331648 2796202 18651665.34 16777212 55624 640 42 219.86 192 1113 7 1 4.40 4 55649 959 25 263.74 192 3 1 1.82 2 20971520 1638400 7710974.33 7667712 72033 1087 25 323.02 235
78 8388608 65536 1024 20619 49662 249 6 1 1.95 2 4749349916 50331648 2796202 19073694.44 16777212 56086 640 42 225.24 192 1108 7 1 4.45 5 56111 939 21 275.05 213 3 1 1.85 2 20971520 1376256 7942130.30 8388608 72495 1067 21 329.52 256
79 8388608 65536 1024 17722 57781 254 4 1 1.98 2 4862596298 50331648 2097152 19144079.91 16777216 57810 640 32 227.60 192 1123 7 1 4.42 5 57835 832 32 235.10 192 2 1 1.56 2 16777216 2097152 6772114.18 6946816 74219 960 32 291.05 235
80 8388608 65536 1024 17868 57309 247 5 1 1.93 2 4794368954 50331648 2097152 19410400.62 16777216 56770 640 32 229.84 192 1096 7 1 4.44 5 56795 1024 26 237.64 192 2 1 1.52 2 16777216 1703936 6631010.43 6291456 73179 1152 26 292.72 235
81 8388608 65536 1024 19735 51887 253 5 1 1.98 2 4819814362 50331648 5592404 19050649.65 16777216 57156 640 42 225.91 192 1142 7 1 4.51 5 57181 896 25 229.64 171 2 1 1.54 2 16777216 1638400 6504072.12 6946816 73540 1024 25 280.69 213
82 8388608 65536 2048 32988 62083 314 3 1 1.23 1 1806346844 67108864 4194304 5752696.96 33554432 125866 896 43 400.85 384 1509 8 1 4.81 5 125866 1920 42 469.65 384 4 1 1.88 1 33554432 2752512 12930644.06 8388608 158659 2048 42 500.50 384
83 8388608 65536 2048 35657 57436 319 4 1 1.25 1 1670731026 67108864 4194304 5237401.34 33554432 123798 896 43 388.08 384 1531 8 1 4.80 5 123798 2368 32 468.93 342 4 1 1.93 1 33554432 2097152 12922807.78 8388608 156566 2496 32 497.03 384
84 8388608 65536 2048 37662 54378 389 4 1 1.52 1 1858076418 67108864 2796202 4776546.06 25165824 126658 896 32 325.60 256 1856 8 1 4.77 5 126658 2133 32 470.85 320 5 1 2.16 2 41943040 2097152 12163145.91 8388608 159426 2261 32 510.98 384
85 8388608 65536 2048 26042 78642 395 3 1 1.54 1 5872025376 67108864 2796202 14865887.03 20971520 122372 896 42 309.80 256 1834 8 1 4.64 5 122372 1536 42 410.64 320 3 1 1.84 2 25165824 2752512 10208087.39 8388608 155165 1664 42 465.96 384
86 8388608 65536 2048 30689 66734 389 4 1 1.52 1 5944726694 67108864 2796202 15282073.76 25165824 123482 896 42 317.43 256 1847 8 1 4.75 5 123482 1600 42 382.30 299 3 1 1.79 1 25165824 2097152 9932104.75 8388608 156275 1728 43 446.50 362
87 8388608 65536 2048 27850 73536 397 4 1 1.55 1 10239693998 67108864 2796202 25792680.10 20971520 123478 896 32 311.03 256 1863 8 1 4.69 5 123503 1472 32 399.69 320 3 1 1.81 2 25165824 2097152 9941493.06 8388608 156271 1600 32 449.05 341
88 8388608 65536 2048 27743 73820 561 5 1 2.19 2 10217603382 58720256 2097152 18213196.76 13981010 123138 768 25 219.50 172 2638 8 1 4.70 5 123138 1419 25 364.31 288 3 1 2.01 2 20971520 1638400 7793635.10 8388608 155931 1547 25 438.01 384
89 8388608 65536 2048 22302 91830 567 5 1 2.21 2 10234100885 58720256 2796202 18049560.64 16777212 123390 768 26 217.62 192 2726 8 1 4.81 5 123390 1439 32 359.74 282 3 1 2.05 2 25165824 1638400 7700504.66 7667712 156183 1567 32 435.05 363
90 8388608 65536 2048 23307 87870 566 6 1 2.21 2 10376987028 58720256 1398101 18333899.34 16777212 125574 768 32 221.86 192 2668 8 1 4.71 5 125574 1407 32 366.10 299 3 1 1.99 2 25165824 1376256 7753574.94 8388608 158367 1535 32 435.07 384
