testid msgsize chunksize datasize time bandwidth numpaths/job maxpath/job minpath/job avgpath/job medpath/job totalhopbytes maxhopbytes minhopbytes avghopbytes medhopbytes totalcopies maxcopies/path mincopies/paths avgcopies/paths medcopies/path totalhops maxhops/path minhop/path avghops/path medhop/path totalcopies/node maxopies/node mincopies/node avgcopies/node medcopies/node maxloadpath minloadpath avgloadpath medloadpath maxloadlink minloadlink avgloadlink medloadlink totalrput maxrputs minrput avgrput medrput
0 8388608 65536 4096 3307 1238584 6366 16 9 12.00 12 23416 4 2 3.68 4 174693 83 8 28.76 22 4 1 1.75 1 3407872 524288 1177236.71 720896 240229 170 8 39.09 22          
1 8388608 65536 8192 118143 69339 5474 25 1 5.00 4 49511 20 2 9.04 9 1312859 2970 6 372.13 256 10 1 4.33 3 83886080 327680 8284698.27 5636096 1443931 3226 6 409.16 271          
2 8388608 65536 16384 134499 121815 6100 22 1 2.00 2 54026 20 1 8.86 9 2508535 3430 9 702.47 429 9 1 4.23 3 75497472 327680 14211284.38 8978432 2770679 3942 9 775.88 430          
3 8388608 65536 32768 192102 170576 18192 28 1 4.00 2 180614 21 2 9.93 10 5260150 5766 6 686.26 355 18 1 6.29 4 150994944 262144 13206372.71 8126464 5784438 6790 6 754.66 355          
4 8388608 65536 8192 43936 186453 3103 12 1 3.00 3 30632 20 2 9.87 10 1314175 1557 10 343.84 288 4 1 2.38 2 33554432 655360 7358147.06 6291456 1445222 1600 10 373.15 323          
5 8388608 65536 8192 5007 1636109 9168 14 6 8.00 9 33662 5 3 3.67 3 346367 139 9 52.00 51 4 1 2.24 2 5242880 589824 2077819.36 1835008 477439 222 9 71.68 62          
6 8388608 65536 16384 56926 287812 7263 23 1 3.00 3 65544 20 1 9.02 9 2506537 2741 5 589.36 491 7 1 3.72 3 54525952 327680 10296013.14 8388608 2768681 2827 6 650.99 573          
7 8388608 65536 32768 76994 425591 11646 16 1 2.00 2 116651 21 2 10.02 10 5267478 3712 10 712.98 592 7 1 3.71 3 58720256 524288 12061302.08 9043968 5791766 3712 10 781.40 671          
8 8388608 65536 16384 68974 237538 5839 14 1 2.00 2 56840 20 2 9.73 10 2512479 2409 9 602.66 448 6 1 3.41 3 46137344 589824 10897522.15 8388608 2774623 2537 9 647.22 497          
9 8388608 65536 16384 50551 324108 5855 13 1 2.00 2 54424 20 2 9.30 9 2507835 2283 10 583.49 502 5 1 2.99 3 41943040 589824 9968792.17 8388608 2769979 2283 10 637.51 559          
10 8388608 65536 16384 7936 2064516 15353 11 4 7.00 8 52807 5 1 3.44 3 630447 164 16 76.95 76 4 1 1.90 1 6946816 720896 2100969.95 1179648 892591 254 16 108.95 88          
11 8388608 65536 32768 114442 286328 18204 32 1 4.00 2 161944 21 2 8.90 9 5261750 5038 5 755.35 507 14 1 5.50 4 100663296 262144 12889856.09 8388608 5786038 5294 5 830.61 559          
12 8388608 65536 32768 109926 298091 10875 19 1 2.00 1 105551 21 2 9.71 9 5272378 4432 8 924.49 607 11 1 5.00 4 92274688 393216 17994046.18 11141120 5796666 4432 8 839.25 482          
13 8388608 65536 32768 98357 333153 11996 16 1 2.00 2 118431 21 1 9.87 10 5267198 3840 8 822.87 654 8 1 4.19 4 67108864 524288 13435903.09 9437184 5791486 3968 8 755.08 554          
14 8388608 65536 32768 56248 582562 11704 14 1 2.00 2 113265 21 1 9.68 9 5261982 2749 9 723.50 620 6 1 3.30 3 50331648 589824 11040848.74 8388608 5786270 2749 16 708.84 593          
15 8388608 65536 32768 9806 3341627 16384 6 2 4.00 4 49164 6 2 3.00 4 1042308 309 32 127.23 128 4 1 1.86 1 11141120 1376256 3878231.99 2097152 1566621 341 51 191.21 192          
16 8388608 65536 4096 9378 436766 3814 15 3 7.00 8 16093 6 2 4.22 5 203870 201 8 55.89 50 4 1 2.17 2 9830400 524288 2384950.91 1835008 269406 321 8 73.85 51          
17 8388608 65536 4096 17272 237146 2114 8 1 4.00 4 13646 7 4 6.46 7 355684 325 16 104.34 102 4 1 2.15 2 14680064 1048576 4352053.27 3801088 421220 384 16 123.56 108          
18 8388608 65536 4096 29270 139938 1254 6 1 2.00 2 12145 11 8 9.69 10 561801 715 21 184.02 128 4 1 2.15 2 27262976 1376256 7260953.59 5636096 627312 843 21 205.54 128          
19 8388608 65536 8192 51632 158661 2837 17 1 2.00 2 24594 19 1 8.67 8 1188207 2261 8 480.47 380 5 1 2.78 3 41943040 458752 9784815.54 8388608 1319254 2261 8 533.68 438          
20 8388608 65536 8192 56696 144489 3203 21 1 3.00 3 27981 19 1 8.74 8 1173203 2303 6 463.35 364 6 1 3.13 3 46137344 393216 9558860.21 7929856 1304250 2559 6 515.31 406          
21 8388608 65536 8192 100648 81392 4607 25 1 4.00 3 35986 19 1 7.81 7 1134325 4413 5 633.70 424 12 1 5.59 4 96468992 327680 12880928.77 8388608 1265372 4669 5 707.31 453          
22 8388608 65536 16384 128759 127245 5280 22 1 2.00 2 44498 18 1 8.43 8 2321943 3605 8 808.48 616 8 1 4.24 4 67108864 393216 16154639.63 12648448 2584087 4117 8 899.75 618          
23 8388608 65536 16384 62254 263179 5035 15 1 2.00 2 43856 18 1 8.71 9 2329899 3200 8 750.85 629 7 1 3.76 3 54525952 524288 14553674.75 11927552 2592043 3712 8 835.33 635          
24 8388608 65536 16384 68662 238618 5553 20 1 2.00 2 47861 18 2 8.62 8 2311741 3379 7 754.73 528 8 1 4.12 4 67108864 393216 14510149.59 11141120 2573885 3891 7 840.32 528          
25 8388608 65536 32768 209315 156548 15475 38 1 3.00 2 135568 20 2 8.76 9 4896346 6580 5 1099.07 640 20 1 7.28 5 159383552 196608 19085943.69 10158080 5420659 7604 5 1216.49 640          
26 8388608 65536 32768 76084 430681 9213 18 1 2.00 1 88277 20 2 9.58 9 4878642 3874 13 969.33 854 9 1 4.36 4 75497472 458752 17487476.32 13959168 5402930 4898 13 1073.50 854          
27 8388608 65536 32768 81977 399721 9096 19 1 2.00 1 86054 20 1 9.46 9 4858460 3620 6 993.75 823 9 1 4.28 4 75497472 393216 17546071.77 12582912 5382748 4505 6 1100.99 823          
28 8388608 65536 8192 47802 171373 2689 17 1 2.00 2 23327 19 1 8.67 8 1172441 1984 7 476.21 385 5 1 2.80 3 41943040 458752 10258843.47 8388608 1303488 2112 7 527.94 448          
29 8388608 65536 8192 53095 154289 2923 23 1 2.00 2 23672 18 1 8.10 8 1143889 2410 8 525.20 390 6 1 3.24 3 46137344 327680 11430123.90 8388608 1274936 2538 8 578.99 468          
30 8388608 65536 8192 67768 120883 3967 37 1 3.00 2 30115 18 1 7.59 7 1108997 3381 3 545.50 215 9 1 4.29 3 71303168 196608 11574921.46 6488064 1240044 3509 3 608.16 268          
31 8388608 65536 8192 31416 260758 1982 4 1 1.00 2 11840 8 5 5.97 6 645899 597 64 313.09 320 4 1 2.73 3 25165824 2097152 11729539.98 11206656 776946 725 64 376.79 363          
32 8388608 65536 8192 40541 202067 1856 5 1 1.00 2 18263 11 9 9.84 10 1154861 1109 32 393.35 405 4 1 2.59 3 29360128 1638400 11940105.79 11206656 1285908 1131 32 438.13 490          
33 8388608 65536 8192 4622 1772392 13365 18 9 13.00 13 50661 5 1 3.79 3 361049 131 7 50.99 49 4 1 2.17 2 3735552 458752 1383348.49 1245184 492121 259 7 69.50 51          
34 8388608 65536 16384 76031 215491 6198 18 1 3.00 2 52228 18 2 8.43 8 2391275 3264 8 728.38 560 7 1 3.76 3 58720256 458752 12534623.31 8388608 2653419 3520 8 808.23 627          
35 8388608 65536 16384 63708 257173 6854 19 1 3.00 2 58900 19 2 8.59 8 2405391 2740 6 715.89 615 7 1 3.77 3 54525952 393216 11194079.23 8388608 2667535 2996 6 793.91 702          
36 8388608 65536 16384 67297 243458 7374 26 1 3.00 3 65324 19 1 8.86 9 2446387 3396 5 724.43 596 8 1 4.22 4 67108864 262144 11464486.81 8388608 2708531 3652 5 802.05 656          
37 8388608 65536 32768 120951 270919 15034 29 1 3.00 2 134108 20 1 8.92 9 5004026 4866 5 937.79 658 14 1 5.86 4 110493696 262144 15827337.66 9830400 5528314 5378 5 1036.04 668          
38 8388608 65536 32768 81203 403531 9666 14 1 2.00 2 90849 20 1 9.40 9 4965968 2745 10 837.15 761 7 1 3.73 3 54525952 589824 14761411.99 12582912 5490256 3257 10 925.53 825          
39 8388608 65536 32768 72282 453335 9387 15 1 2.00 2 86784 20 1 9.25 9 4912528 3499 8 870.09 726 7 1 3.75 3 58720256 524288 15401217.78 12582912 5436816 4011 8 962.78 747          
40 8388608 65536 16384 56609 289423 4773 11 1 2.00 2 46877 20 2 9.82 10 2517669 2357 13 616.32 506 5 1 2.86 3 41943040 720896 11103564.72 8388608 2779814 2485 13 677.34 564          
41 8388608 65536 16384 111396 147078 5506 26 1 2.00 1 43291 19 1 7.86 7 2282879 4331 6 1170.11 819 10 1 5.28 5 83886080 393216 20330203.43 12582912 2545023 4459 7 1155.78 742          
42 8388608 65536 16384 121216 135163 5836 25 1 2.00 1 46433 19 1 7.96 7 2286732 4839 5 870.47 384 10 1 4.96 4 83886080 327680 17835056.32 10092544 2548901 4967 5 926.87 469          
43 8388608 65536 16384 74078 221172 5562 13 1 2.00 2 52513 20 2 9.44 9 2571279 2304 10 614.11 550 5 1 2.82 3 41943040 589824 9959215.41 8388608 2833424 2432 10 654.98 581          
44 8388608 65536 16384 62609 261687 6322 21 1 3.00 2 57652 20 1 9.12 9 2511945 3028 6 617.94 474 6 1 3.40 3 50331648 393216 10718138.09 8388608 2774090 3156 6 677.10 545          
45 8388608 65536 16384 79245 206751 7228 33 1 3.00 2 58314 19 1 8.07 8 2301603 3572 4 838.17 640 9 1 4.79 4 71303168 196608 13797822.53 9240576 2563748 3700 4 933.29 768          
46 8388608 65536 16384 41433 395433 4153 6 1 2.00 2 40882 11 9 9.84 10 2303881 938 25 371.29 426 4 1 2.65 3 29360128 1376256 10906373.69 10485760 2566026 1066 25 413.54 469          
47 8388608 65536 16384 6331 2587900 18740 15 5 9.00 9 66981 6 1 3.57 4 669424 204 10 81.71 79 4 1 2.21 2 6029312 524288 2015701.01 1703936 931542 332 10 113.71 81          
48 8388608 65536 16384 6948 2358088 16048 13 4 7.00 8 57532 6 2 3.58 4 670568 231 9 90.57 91 4 1 2.40 2 6946816 589824 2547066.83 2293760 932712 359 9 125.97 94          
49 8388608 65536 32768 125410 261286 19539 28 1 4.00 3 180206 21 1 9.22 9 5209336 6258 5 758.27 523 13 1 5.72 4 104857600 262144 11924307.64 8388608 5733624 6514 5 834.59 576          
50 8388608 65536 32768 63356 517204 11253 20 1 2.00 2 105873 21 1 9.41 9 5152418 3019 11 670.80 574 6 1 3.27 3 50331648 393216 11491231.02 8388608 5676706 3242 11 738.77 642          
51 8388608 65536 32768 124358 263497 16867 34 1 4.00 2 142358 21 1 8.44 8 5017840 5486 5 887.48 565 13 1 5.79 4 104857600 196608 14761589.13 9043968 5542128 5742 5 980.21 631          
52 8388608 65536 32768 133491 245469 11876 24 1 2.00 1 103255 20 1 8.69 8 4805814 6638 5 1265.02 606 15 1 6.62 5 125829120 327680 22410570.65 12451840 5330102 6766 5 1187.90 546          
53 8388608 65536 32768 122636 267197 13046 27 1 3.00 2 117449 20 1 9.00 9 4815912 5957 6 1101.79 511 15 1 6.50 5 125829120 327680 19355972.97 10485760 5340200 6085 6 1135.97 528          
54 8388608 65536 32768 88497 370272 9849 18 1 2.00 1 91734 20 1 9.31 9 4834108 4830 10 1068.31 727 10 1 4.85 4 83886080 458752 18550863.19 12582912 5358396 4958 10 1122.65 782          
55 8388608 65536 32768 63326 517449 10074 14 1 2.00 2 96061 20 1 9.54 9 5022840 2848 9 840.36 743 6 1 3.48 3 50331648 589824 13153981.28 10092544 5547153 2848 9 892.54 793          
56 8388608 65536 32768 86736 377790 14224 22 1 3.00 2 131407 20 1 9.24 9 4835496 4755 7 1011.40 821 11 1 5.74 5 92274688 327680 15346854.43 11272192 5359784 4883 7 1108.77 935          
57 8388608 65536 32768 79893 410148 11520 19 1 2.00 2 106062 20 1 9.21 9 4835030 3530 6 1033.35 800 9 1 4.77 4 71303168 393216 15791217.72 11075584 5359318 3658 6 1124.96 902          
58 8388608 65536 32768 54510 601137 13217 16 1 3.00 3 128197 21 1 9.70 10 5147272 2585 9 640.05 526 6 1 3.31 3 50331648 524288 9584861.81 7733248 5671560 2585 9 703.93 598          
59 8388608 65536 32768 58185 563169 12081 14 1 2.00 2 110704 20 1 9.16 9 5019268 3136 9 795.70 720 6 1 3.50 3 50331648 589824 11482016.56 8454144 5543556 3264 9 870.40 806          
60 8388608 65536 32768 78346 418247 14745 29 1 3.00 2 129815 20 1 8.80 9 4820558 4715 5 1004.49 777 10 1 5.11 5 79691776 262144 13800324.15 8650752 5344846 4843 5 1107.28 900          
61 8388608 65536 32768 8294 3950807 20617 11 3 5.00 4 66413 5 2 3.22 3 1140424 277 48 139.21 135 4 1 2.31 2 9764864 720896 3796581.49 3735552 1664737 368 48 203.19 218          
62 8388608 65536 32768 10630 3082596 20485 9 3 5.00 5 75975 6 3 3.71 4 1397518 333 32 170.60 168 4 1 2.70 3 10485760 917504 4480522.16 4456448 1921832 461 32 234.57 231          
63 8388608 65536 32768 9720 3371193 24318 10 3 5.00 6 74114 5 1 3.05 3 1027672 247 46 125.45 127 4 1 1.97 1 8454144 786432 2707265.31 2097152 1551985 375 47 189.43 196          
64 8388608 65536 8192 115384 70997 1978 19 1 1.00 1 16643 18 1 8.41 8 1119202 4581 9 763.96 384 13 1 4.58 3 109051904 393216 22547594.07 11206656 1250274 4709 9 795.85 413          
65 8388608 65536 8192 123221 66482 2110 21 1 2.00 1 17756 18 1 8.42 8 1119002 5151 9 756.08 384 14 1 4.72 3 117440512 393216 21782730.57 10485760 1250074 5279 9 799.28 448          
66 8388608 65536 8192 128015 63992 2713 19 1 2.00 1 22795 18 1 8.40 8 1119030 4771 7 770.68 409 19 1 5.71 3 143327232 393216 20522289.76 9437184 1250101 4899 7 821.35 460          
67 8388608 65536 8192 84225 97263 1806 13 1 1.00 1 15423 18 1 8.54 8 1140305 3200 11 680.78 384 8 1 3.33 2 67108864 589824 18014989.12 8388608 1271352 3328 11 737.02 404          
68 8388608 65536 8192 85209 96140 2308 12 1 2.00 1 18980 18 1 8.22 8 1091641 2788 10 625.22 325 9 1 3.82 3 75497472 655360 16106548.90 8388608 1222688 2916 10 679.27 384          
69 8388608 65536 8192 85714 95573 2564 19 1 2.00 1 21643 18 1 8.44 8 1146040 4047 7 678.53 350 11 1 4.35 3 86638592 393216 16809622.03 8388608 1277086 4175 7 732.27 408          
70 8388608 65536 8192 64738 126540 2456 19 1 2.00 1 19878 18 1 8.09 8 1108912 2751 8 584.25 320 7 1 3.33 3 58720256 393216 13604869.83 8388608 1239984 2879 8 650.57 394          
71 8388608 65536 8192 100011 81910 2566 22 1 2.00 1 19203 18 1 7.48 7 1089009 3397 5 877.53 555 10 1 4.58 4 79691776 327680 19060212.16 12124160 1220056 3525 5 902.41 555          
72 8388608 65536 8192 69092 118566 3090 19 1 3.00 2 24885 18 1 8.05 8 1115231 2803 6 609.08 343 9 1 4.30 3 75497472 393216 14106403.28 8454144 1246278 2931 6 665.39 400          
73 8388608 65536 16384 217887 75194 4472 23 1 2.00 1 38377 19 1 8.58 8 2308526 7727 7 1176.62 551 21 1 6.48 3 176160768 327680 28469682.38 11206656 2570644 7855 7 1052.25 396          
74 8388608 65536 16384 144031 113753 4513 20 1 2.00 1 39765 19 1 8.81 9 2318887 6324 7 1020.19 538 18 1 5.89 3 150994944 393216 25035159.42 12582912 2581031 6452 7 1044.11 576          
75 8388608 65536 16384 125687 130355 3841 19 1 1.00 1 34253 19 1 8.92 9 2321808 5630 10 972.69 512 14 1 4.89 3 117440512 393216 24181090.15 12582912 2583951 5758 10 1005.04 576          
76 8388608 65536 16384 91725 178620 4024 16 1 1.00 1 35379 19 1 8.79 9 2312701 4336 8 898.83 555 9 1 4.01 3 75497472 524288 19116733.15 11206656 2574820 4464 8 921.55 576          
77 8388608 65536 16384 88773 184560 5693 19 1 2.00 2 49852 19 1 8.76 8 2313383 4533 6 879.61 608 12 1 5.20 4 96468992 393216 17605825.65 11206656 2575528 4661 6 957.45 709          
78 8388608 65536 16384 78423 208918 4333 17 1 2.00 1 38321 19 1 8.84 9 2318533 3630 10 904.26 640 9 1 4.15 3 75497472 458752 18293738.18 12517376 2580678 3758 10 977.16 728          
79 8388608 65536 16384 71646 228679 5499 18 1 2.00 2 47754 19 1 8.68 8 2301705 3456 8 846.53 556 8 1 4.34 4 67108864 458752 15276185.99 10813440 2563850 3584 8 932.99 671          
80 8388608 65536 16384 84723 193383 6253 19 1 3.00 2 54382 19 1 8.70 8 2317925 3583 7 819.05 666 9 1 4.70 4 75497472 458752 14610365.82 10551296 2580070 3711 7 899.61 776          
81 8388608 65536 16384 81862 200141 4413 15 1 2.00 1 36253 19 1 8.22 8 2304939 3156 9 1035.46 1013 7 1 4.09 4 58720256 524288 18990259.97 16777216 2567084 3284 9 1132.87 1120          
82 8388608 65536 32768 272731 120147 12348 31 1 3.00 1 107068 20 1 8.67 8 4829472 9632 5 1549.89 812 30 1 8.44 4 241893376 262144 27661617.17 8716288 5353760 9760 5 1188.67 384          
83 8388608 65536 32768 190603 171917 9322 20 1 2.00 1 85442 20 1 9.17 9 4847228 7200 7 1308.65 768 19 1 6.58 4 159383552 393216 27094929.02 12976128 5371516 7328 7 1182.11 603          
84 8388608 65536 32768 176171 186001 9655 23 1 2.00 1 91869 20 1 9.52 9 4843356 6142 6 1193.83 692 18 1 6.26 4 146800640 327680 23975834.09 12582912 5367644 6270 6 1186.74 684          
85 8388608 65536 32768 93320 351135 10076 17 1 2.00 2 95326 20 1 9.46 9 4834218 4846 10 1077.86 788 10 1 4.85 4 83886080 458752 17870547.64 11993088 5358506 4974 10 1137.69 797          
86 8388608 65536 32768 88329 370976 9297 18 1 2.00 1 87750 20 1 9.44 9 4839468 4117 7 1057.58 703 9 1 4.45 4 75497472 458752 17831842.60 12582912 5363756 4245 7 1138.80 789          
87 8388608 65536 32768 81658 401283 10194 18 1 2.00 2 96955 20 1 9.51 9 4837878 4159 8 1069.85 793 10 1 4.84 4 79691776 458752 17548809.54 11993088 5362166 4287 8 1146.50 888          
88 8388608 65536 32768 78333 418316 11423 16 1 2.00 2 105134 20 1 9.20 9 4826536 4426 9 1056.37 899 9 1 4.82 4 71303168 524288 16083639.94 11927552 5350824 4554 9 1136.78 998          
89 8388608 65536 32768 84484 387860 10488 16 1 2.00 2 96641 20 1 9.21 9 4834166 3797 10 1040.50 885 8 1 4.39 4 67108864 524288 15953673.43 11796480 5358454 3925 10 1131.67 992          
90 8388608 65536 32768 92269 355135 10578 15 1 2.00 2 97517 20 1 9.22 9 4834774 3563 10 1047.85 900 8 1 4.41 4 67108864 524288 15881574.13 11403264 5359062 3691 10 1144.61 1008          
