testid msgsize chunksize datasize time bandwidth numpaths/job maxpath/job minpath/job avgpath/job medpath/job totalhopbytes maxhopbytes minhopbytes avghopbytes medhopbytes totalcopies maxcopies/path mincopies/paths avgcopies/paths medcopies/path totalhops maxhops/path minhop/path avghops/path medhop/path totalcopies/node maxopies/node mincopies/node avgcopies/node medcopies/node maxloadpath minloadpath avgloadpath medloadpath maxloadlink minloadlink avgloadlink medloadlink totalrput maxrputs minrput avgrput medrput
0 8388608 65536 4096 3745 1093724 10768 26 14 21.00 21 41026 6 2 3.81 4 182937 110 5 29.77 16 8 1 2.33 2 4063232 262144 925130.01 655360 248473 201 5 40.43 16          
1 8388608 65536 8192 116870 70094 5474 25 1 5.00 4 49511 20 2 9.04 9 1312859 2970 6 372.13 256 10 1 4.33 3 83886080 327680 8284698.27 5636096 1443931 3226 6 409.16 271          
2 8388608 65536 16384 133045 123146 6100 22 1 2.00 2 54026 20 1 8.86 9 2508535 3430 9 702.47 429 9 1 4.23 3 75497472 327680 14211284.38 8978432 2770679 3942 9 775.88 430          
3 8388608 65536 32768 191695 170938 18192 28 1 4.00 2 180614 21 2 9.93 10 5260150 5766 6 686.26 355 18 1 6.29 4 150994944 262144 13206372.71 8126464 5784438 6790 6 754.66 355          
4 8388608 65536 8192 45245 181058 6164 24 1 6.00 6 60724 20 2 9.85 10 1314325 1663 5 335.29 273 8 1 4.11 4 37617664 327680 6415869.64 5308416 1445372 1663 5 366.47 314          
5 8388608 65536 8192 4726 1733389 17686 24 11 17.00 17 76154 5 3 4.31 5 428369 159 5 58.96 58 8 1 3.18 2 5308416 327680 1529490.49 983040 559441 223 5 77.00 73          
6 8388608 65536 16384 57160 286634 8289 26 1 4.00 3 74883 20 1 9.03 9 2507249 2788 5 586.49 486 8 1 4.14 4 58720256 262144 10033351.83 8126464 2769393 2788 5 647.81 572          
7 8388608 65536 32768 73226 447491 13271 18 1 3.00 2 132686 21 2 10.00 10 5267340 3821 9 709.88 587 8 1 4.12 4 62914560 458752 11787947.84 8585216 5791628 3821 9 778.13 663          
8 8388608 65536 16384 67133 244052 7787 17 1 3.00 3 75443 20 2 9.69 10 2512801 2485 9 597.15 441 8 1 4.32 4 52428800 458752 10409682.72 8388608 2774945 2613 9 643.84 489          
9 8388608 65536 16384 55242 296585 9405 18 1 4.00 4 87645 20 2 9.32 9 2508973 2543 8 576.78 492 8 1 4.43 4 52428800 458752 9172034.61 7602176 2771117 2543 8 631.52 551          
10 8388608 65536 16384 7200 2275555 28884 22 7 14.00 14 108174 5 1 3.75 3 711311 199 22 86.82 86 8 1 2.49 1 7077888 327680 1467793.49 851968 973455 268 22 118.82 96          
11 8388608 65536 32768 117739 278310 18204 32 1 4.00 2 161944 21 2 8.90 9 5261750 5038 5 755.35 507 14 1 5.50 4 100663296 262144 12889856.09 8388608 5786038 5294 5 830.61 559          
12 8388608 65536 32768 109343 299680 10875 19 1 2.00 1 105551 21 2 9.71 9 5272378 4432 8 924.49 607 11 1 5.00 4 92274688 393216 17994046.18 11141120 5796666 4432 8 839.25 482          
13 8388608 65536 32768 96299 340273 11996 16 1 2.00 2 118431 21 1 9.87 10 5267198 3840 8 822.87 654 8 1 4.19 4 67108864 524288 13435903.09 9437184 5791486 3968 8 755.08 554          
14 8388608 65536 32768 65309 501737 15586 19 1 3.00 3 150766 21 1 9.67 9 5264048 2687 9 718.45 612 8 1 4.19 4 54525952 458752 10540564.84 8388608 5788336 2687 9 708.66 591          
15 8388608 65536 32768 11252 2912193 32768 14 2 8.00 8 114816 6 2 3.50 4 1305488 304 56 159.36 155 8 1 2.59 2 13369344 589824 2703128.80 2097152 1829776 362 56 223.36 231          
16 8388608 65536 4096 9562 428362 6754 22 5 13.00 13 30746 6 2 4.55 5 230260 222 6 58.80 46 8 1 2.99 2 9043968 393216 1888299.89 1310720 295796 336 6 75.54 46          
17 8388608 65536 4096 15483 264548 3766 13 1 7.00 8 24522 7 4 6.51 7 360072 334 9 100.52 93 8 1 3.21 2 17104896 589824 3648482.13 2752512 425608 385 9 118.82 96          
18 8388608 65536 4096 26901 152261 2372 13 1 4.00 4 23245 11 8 9.80 10 570717 749 10 163.81 96 8 1 3.21 2 29556736 589824 5755119.15 4194304 636228 877 10 182.67 96          
19 8388608 65536 8192 52866 154957 4447 26 1 4.00 3 38824 19 1 8.73 8 1189061 2258 5 472.22 375 8 1 4.00 3 48955392 262144 8915354.28 6750208 1320133 2514 5 524.28 419          
20 8388608 65536 8192 60490 135427 4203 26 1 4.00 3 37013 19 1 8.81 9 1173701 2271 8 458.48 363 8 1 3.89 3 54525952 262144 8987593.54 6881280 1304773 2527 8 509.68 402          
21 8388608 65536 8192 100902 81187 4607 25 1 4.00 3 35986 19 1 7.81 7 1134300 4413 5 634.04 425 12 1 5.59 4 96468992 327680 12880928.77 8388608 1265397 4669 5 706.93 452          
22 8388608 65536 16384 125905 130129 5280 22 1 2.00 2 44498 18 1 8.43 8 2321943 3605 8 808.48 616 8 1 4.24 4 67108864 393216 16154639.63 12648448 2584087 4117 8 899.75 618          
23 8388608 65536 16384 72416 226248 5715 17 1 2.00 2 49718 18 1 8.70 9 2330351 3325 7 744.52 617 8 1 4.15 4 57344000 458752 14191456.22 11206656 2592495 3837 7 828.27 622          
24 8388608 65536 16384 71489 229182 5553 20 1 2.00 2 47861 18 2 8.62 8 2311741 3379 7 754.73 528 8 1 4.12 4 67108864 393216 14510149.59 11141120 2573885 3891 7 840.32 528          
25 8388608 65536 32768 206894 158380 15475 38 1 3.00 2 135568 20 2 8.76 9 4896346 6580 5 1099.07 640 20 1 7.28 5 159383552 196608 19085943.69 10158080 5420659 7604 5 1216.49 640          
26 8388608 65536 32768 76850 426389 9213 18 1 2.00 1 88277 20 2 9.58 9 4878642 3874 13 969.33 854 9 1 4.36 4 75497472 458752 17487476.32 13959168 5402930 4898 13 1073.50 854          
27 8388608 65536 32768 81799 400591 9096 19 1 2.00 1 86054 20 1 9.46 9 4858460 3620 6 993.75 823 9 1 4.28 4 75497472 393216 17546071.77 12582912 5382748 4505 6 1100.99 823          
28 8388608 65536 8192 58852 139196 4222 27 1 4.00 3 36938 19 1 8.75 8 1173041 2247 4 464.75 366 8 1 4.06 4 53084160 262144 9401024.22 7471104 1304113 2375 4 515.87 421          
29 8388608 65536 8192 47902 171015 3846 30 1 3.00 3 31252 18 1 8.13 8 1143899 2531 4 515.50 397 8 1 4.06 3 54525952 262144 10847054.53 8388608 1274946 2659 4 570.19 455          
30 8388608 65536 8192 69616 117674 3967 37 1 3.00 2 30115 18 1 7.59 7 1108997 3381 3 545.50 215 9 1 4.29 3 71303168 196608 11574921.46 6488064 1240044 3509 3 608.16 268          
31 8388608 65536 8192 28674 285694 3944 8 1 3.00 4 23884 8 5 6.06 6 656843 600 64 317.78 317 8 1 4.82 5 28966912 1048576 10412413.60 9699328 787890 728 64 381.36 378          
32 8388608 65536 8192 43956 186368 3641 11 1 3.00 3 35870 11 9 9.85 10 1157883 1146 16 381.89 380 8 1 4.51 4 40566784 720896 10609308.78 9371648 1288930 1146 16 425.25 464          
33 8388608 65536 8192 3946 2076026 24892 33 17 24.00 24 104830 5 1 4.21 5 414505 172 4 54.85 52 8 1 3.40 3 3604480 196608 1161122.88 983040 545577 300 4 72.19 52          
34 8388608 65536 16384 77394 211695 7075 21 1 3.00 2 59532 18 2 8.41 8 2391803 3222 7 726.11 557 8 1 4.20 4 62914560 393216 12263956.58 8388608 2653947 3478 7 805.69 624          
35 8388608 65536 16384 61085 268216 7828 21 1 3.00 3 67222 19 2 8.59 8 2405441 2860 6 712.72 613 8 1 4.22 4 57278464 393216 10968141.80 8388608 2667585 3116 6 790.40 705          
36 8388608 65536 16384 65885 248675 7374 26 1 3.00 3 65324 19 1 8.86 9 2446387 3396 5 724.43 596 8 1 4.22 4 67108864 262144 11464486.81 8388608 2708531 3652 5 802.05 656          
37 8388608 65536 32768 122256 268027 15034 29 1 3.00 2 134108 20 1 8.92 9 5004026 4866 5 937.79 658 14 1 5.86 4 110493696 262144 15827337.66 9830400 5528314 5378 5 1036.04 668          
38 8388608 65536 32768 82270 398298 11013 16 1 2.00 2 103294 20 1 9.38 9 4966912 2878 8 832.12 751 8 1 4.14 4 58720256 524288 14439903.83 12320768 5491200 3390 8 919.95 826          
39 8388608 65536 32768 79139 414056 10722 17 1 2.00 2 98917 20 1 9.23 9 4912392 3487 7 865.92 728 8 1 4.18 4 58720256 458752 15060371.14 12255232 5436680 3999 7 958.17 747          
40 8388608 65536 16384 56340 290805 7626 17 1 3.00 3 74610 20 2 9.78 10 2517552 2390 7 607.81 487 8 1 4.21 4 46137344 458752 10272270.96 8388608 2779696 2518 7 669.81 542          
41 8388608 65536 16384 107349 152623 5506 26 1 2.00 1 43291 19 1 7.86 7 2282879 4331 6 1170.11 819 10 1 5.28 5 83886080 393216 20330203.43 12582912 2545024 4459 7 1155.78 742          
42 8388608 65536 16384 120920 135494 5836 25 1 2.00 1 46433 19 1 7.96 7 2286757 4839 5 870.15 384 10 1 4.96 4 83886080 327680 17835056.32 10092544 2548902 4967 5 926.87 469          
43 8388608 65536 16384 78706 208167 8824 21 1 4.00 3 83478 20 2 9.46 9 2572504 2432 6 605.30 541 8 1 4.12 4 48955392 393216 9176988.95 7274496 2834648 2560 6 650.30 576          
44 8388608 65536 16384 66214 247440 8397 26 1 4.00 3 76790 20 1 9.14 9 2512173 2989 5 612.73 461 8 1 4.32 4 58720256 262144 10221272.80 8060928 2774318 3117 5 672.40 541          
45 8388608 65536 16384 74020 221345 7228 33 1 3.00 2 58314 19 1 8.07 8 2301604 3572 4 838.17 640 9 1 4.79 4 71303168 196608 13797822.53 9240576 2563748 3700 4 933.29 768          
46 8388608 65536 16384 43113 380024 8297 11 1 4.00 4 82036 11 9 9.89 10 2321750 973 13 354.68 406 8 1 4.58 5 36896768 720896 9452211.74 8716288 2583894 1101 13 394.73 452          
47 8388608 65536 16384 5497 2980534 32631 30 10 15.00 16 126106 6 1 3.86 4 739686 228 7 90.29 84 8 1 3.15 2 5963776 262144 1640741.98 1179648 1001830 356 7 122.29 84          
48 8388608 65536 16384 5578 2937253 29632 24 7 14.00 14 119349 6 2 4.03 4 778852 263 6 99.44 100 8 1 3.40 2 6619136 327680 1945440.68 1310720 1040996 391 6 132.92 100          
49 8388608 65536 32768 121884 268845 19539 28 1 4.00 3 180206 21 1 9.22 9 5209336 6258 5 758.27 523 13 1 5.72 4 104857600 262144 11924307.64 8388608 5733624 6514 5 834.59 576          
50 8388608 65536 32768 61576 532155 14932 26 1 3.00 3 140442 21 1 9.41 9 5153256 2954 10 663.91 570 8 1 4.10 4 55902208 262144 10864386.93 8388608 5677544 3201 10 731.17 649          
51 8388608 65536 32768 126897 258225 16867 34 1 4.00 2 142358 21 1 8.44 8 5017840 5486 5 887.48 565 13 1 5.79 4 104857600 196608 14761589.13 9043968 5542128 5742 5 980.21 631          
52 8388608 65536 32768 133509 245436 11876 24 1 2.00 1 103255 20 1 8.69 8 4805814 6638 5 1265.02 606 15 1 6.62 5 125829120 327680 22410570.65 12451840 5330102 6766 5 1187.90 546          
53 8388608 65536 32768 122025 268535 13046 27 1 3.00 2 117449 20 1 9.00 9 4815912 5957 6 1101.79 511 15 1 6.50 5 125829120 327680 19355972.97 10485760 5340200 6085 6 1135.97 528          
54 8388608 65536 32768 87567 374204 9849 18 1 2.00 1 91734 20 1 9.31 9 4834108 4830 10 1068.31 727 10 1 4.85 4 83886080 458752 18550863.19 12582912 5358396 4958 10 1122.65 782          
55 8388608 65536 32768 65306 501760 13461 18 1 3.00 3 127593 20 1 9.48 9 5023650 2795 7 835.46 732 8 1 4.44 4 56164352 458752 12655841.30 9568256 5547938 2798 7 890.23 780          
56 8388608 65536 32768 83485 392501 14224 22 1 3.00 2 131407 20 1 9.24 9 4835496 4755 7 1011.40 821 11 1 5.74 5 92274688 327680 15346854.43 11272192 5359784 4883 7 1108.77 935          
57 8388608 65536 32768 75524 433875 11520 19 1 2.00 2 106062 20 1 9.21 9 4835030 3530 6 1033.35 800 9 1 4.77 4 71303168 393216 15791217.72 11075584 5359318 3658 6 1124.96 902          
58 8388608 65536 32768 63824 513411 17654 20 1 4.00 3 171325 21 1 9.70 10 5148926 2805 6 637.64 521 8 1 4.18 4 51970048 393216 9073598.03 6946816 5673214 2805 6 701.44 588          
59 8388608 65536 32768 61332 534272 16151 20 1 3.00 3 147950 20 1 9.16 9 5020660 3072 7 792.78 715 8 1 4.48 4 57278464 393216 11006927.52 8388608 5544948 3200 7 868.16 803          
60 8388608 65536 32768 82287 398216 14745 29 1 3.00 2 129815 20 1 8.80 9 4820558 4715 5 1004.49 777 10 1 5.11 5 79691776 262144 13800324.15 8650752 5344846 4843 5 1107.28 900          
61 8388608 65536 32768 8968 3653880 38948 19 4 9.00 9 143948 6 2 3.70 4 1399262 339 76 170.81 170 8 1 3.72 3 11665408 393216 3258757.44 2752512 1923550 417 76 234.81 266          
62 8388608 65536 32768 8873 3693001 41288 18 5 10.00 10 162343 6 3 3.93 4 1521090 326 66 185.68 182 8 1 4.51 5 8978432 458752 3720603.21 3670016 2045378 454 66 249.68 255          
63 8388608 65536 32768 7497 4370814 47777 19 6 11.00 12 165239 5 1 3.46 3 1246972 291 36 152.22 154 8 1 2.86 2 8454144 393216 2006833.94 1441792 1771286 418 36 216.20 224          
64 8388608 65536 8192 116185 70508 1978 19 1 1.00 1 16643 18 1 8.41 8 1119202 4581 9 763.96 384 13 1 4.58 3 109051904 393216 22547594.07 11206656 1250274 4709 9 795.85 413          
65 8388608 65536 8192 123447 66360 2110 21 1 2.00 1 17756 18 1 8.42 8 1119002 5151 9 756.08 384 14 1 4.72 3 117440512 393216 21782730.57 10485760 1250074 5279 9 799.28 448          
66 8388608 65536 8192 130711 62672 2713 19 1 2.00 1 22795 18 1 8.40 8 1119004 4771 7 771.20 410 19 1 5.71 3 143327232 393216 20522289.76 9437184 1250076 4899 7 821.88 463          
67 8388608 65536 8192 85568 95736 1806 13 1 1.00 1 15423 18 1 8.54 8 1140280 3200 11 681.17 384 8 1 3.33 2 67108864 589824 18014989.12 8388608 1271352 3328 11 737.02 404          
68 8388608 65536 8192 85335 95998 2308 12 1 2.00 1 18980 18 1 8.22 8 1091642 2788 10 625.22 325 9 1 3.82 3 75497472 655360 16106548.90 8388608 1222688 2916 10 679.27 384          
69 8388608 65536 8192 85340 95992 2564 19 1 2.00 1 21643 18 1 8.44 8 1146040 4047 7 678.53 350 11 1 4.35 3 86638592 393216 16809622.03 8388608 1277086 4175 7 732.27 408          
70 8388608 65536 8192 65410 125240 2778 21 1 2.00 2 22462 18 1 8.09 8 1108894 2837 7 579.06 316 8 1 3.67 3 61472768 393216 13278171.86 8388608 1239991 2965 7 644.49 384          
71 8388608 65536 8192 99526 82310 2566 22 1 2.00 1 19203 18 1 7.48 7 1089010 3397 5 877.53 555 10 1 4.58 4 79691776 327680 19060212.16 12124160 1220056 3525 5 902.41 555          
72 8388608 65536 8192 68022 120431 3090 19 1 3.00 2 24885 18 1 8.05 8 1115232 2803 6 609.08 343 9 1 4.30 3 75497472 393216 14106403.28 8454144 1246278 2931 6 665.39 400          
73 8388608 65536 16384 220486 74308 4472 23 1 2.00 1 38377 19 1 8.58 8 2308526 7727 7 1176.62 551 21 1 6.48 3 176160768 327680 28469682.38 11206656 2570644 7855 7 1052.25 396          
74 8388608 65536 16384 140978 116216 4513 20 1 2.00 1 39765 19 1 8.81 9 2318888 6324 7 1020.19 538 18 1 5.89 3 150994944 393216 25035159.42 12582912 2581006 6452 7 1044.52 576          
75 8388608 65536 16384 128774 127230 3841 19 1 1.00 1 34253 19 1 8.92 9 2321808 5630 10 972.69 512 14 1 4.89 3 117440512 393216 24181090.15 12582912 2583951 5758 10 1005.04 576          
76 8388608 65536 16384 88135 185896 4024 16 1 1.00 1 35379 19 1 8.79 9 2312702 4336 8 898.83 555 9 1 4.01 3 75497472 524288 19116733.15 11206656 2574820 4464 8 921.55 576          
77 8388608 65536 16384 87544 187151 5693 19 1 2.00 2 49852 19 1 8.76 8 2313383 4533 6 879.61 608 12 1 5.20 4 96468992 393216 17605825.65 11206656 2575528 4661 6 957.45 709          
78 8388608 65536 16384 81160 201872 4333 17 1 2.00 1 38321 19 1 8.84 9 2318534 3630 10 904.26 640 9 1 4.15 3 75497472 458752 18293738.18 12517376 2580678 3758 10 977.16 728          
79 8388608 65536 16384 74633 219527 5499 18 1 2.00 2 47754 19 1 8.68 8 2301706 3456 8 846.53 556 8 1 4.34 4 67108864 458752 15276185.99 10813440 2563850 3584 8 932.99 671          
80 8388608 65536 16384 82872 197702 6253 19 1 3.00 2 54382 19 1 8.70 8 2317926 3583 7 819.06 666 9 1 4.70 4 75497472 458752 14610365.82 10551296 2580070 3711 7 899.61 776          
81 8388608 65536 16384 82707 198096 5036 17 1 2.00 1 41176 19 1 8.18 8 2305740 3139 8 1034.43 1014 8 1 4.57 4 62914560 458752 18663318.39 16646144 2567884 3267 8 1132.72 1127          
82 8388608 65536 32768 272672 120173 12348 31 1 3.00 1 107068 20 1 8.67 8 4829472 9632 5 1549.89 812 30 1 8.44 4 241893376 262144 27661617.17 8716288 5353760 9760 5 1188.67 384          
83 8388608 65536 32768 190621 171901 9322 20 1 2.00 1 85442 20 1 9.17 9 4847228 7200 7 1308.65 768 19 1 6.58 4 159383552 393216 27094929.02 12976128 5371516 7328 7 1182.11 603          
84 8388608 65536 32768 158244 207072 9655 23 1 2.00 1 91869 20 1 9.52 9 4843356 6142 6 1193.83 692 18 1 6.26 4 146800640 327680 23975834.09 12582912 5367644 6270 6 1186.74 684          
85 8388608 65536 32768 91524 358026 10076 17 1 2.00 2 95326 20 1 9.46 9 4834218 4846 10 1077.86 788 10 1 4.85 4 83886080 458752 17870547.64 11993088 5358506 4974 10 1137.69 797          
86 8388608 65536 32768 86753 377716 9297 18 1 2.00 1 87750 20 1 9.44 9 4839468 4117 7 1057.58 703 9 1 4.45 4 75497472 458752 17831842.60 12582912 5363756 4245 7 1138.80 789          
87 8388608 65536 32768 81651 401317 10194 18 1 2.00 2 96955 20 1 9.51 9 4837878 4159 8 1069.85 793 10 1 4.84 4 79691776 458752 17548809.54 11993088 5362166 4287 8 1146.50 888          
88 8388608 65536 32768 79497 412191 11423 16 1 2.00 2 105134 20 1 9.20 9 4826536 4426 9 1056.37 899 9 1 4.82 4 71303168 524288 16083639.94 11927552 5350824 4554 9 1136.78 998          
89 8388608 65536 32768 85124 384944 10488 16 1 2.00 2 96641 20 1 9.21 9 4834166 3797 10 1040.50 885 8 1 4.39 4 67108864 524288 15953673.43 11796480 5358454 3925 10 1131.67 992          
90 8388608 65536 32768 91873 356666 10578 15 1 2.00 2 97517 20 1 9.22 9 4834774 3563 10 1047.85 900 8 1 4.41 4 67108864 524288 15881574.13 11403264 5359062 3691 10 1144.61 1008          
