testid msgsize chunksize datasize time bandwidth numpaths/job maxpath/job minpath/job avgpath/job medpath/job totalhopbytes maxhopbytes minhopbytes avghopbytes medhopbytes totalcopies maxcopies/path mincopies/paths avgcopies/paths medcopies/path totalhops maxhops/path minhop/path avghops/path medhop/path totalcopies/node maxopies/node mincopies/node avgcopies/node medcopies/node maxloadpath minloadpath avgloadpath medloadpath maxloadlink minloadlink avgloadlink medloadlink totalrput maxrputs minrput avgrput medrput
0 8388608 65536 4096 4170 982254 19874 45 30 38.00 39 77524 6 2 3.90 4 188726 103 3 30.72 12 16 1 3.63 2 4063232 131072 779789.15 458752 254287 198 3 41.38 12          
1 8388608 65536 8192 120929 67742 8433 35 1 8.00 6 76533 20 2 9.08 9 1313725 2764 3 366.35 256 16 1 6.16 4 83886080 196608 7625398.87 4718592 1444772 3020 3 403.00 265          
2 8388608 65536 16384 147904 110774 10481 32 1 5.00 3 92335 20 1 8.81 8 2510183 3504 5 669.20 384 16 1 6.55 5 85262336 262144 12893732.44 8388608 2772302 4016 5 739.28 384          
3 8388608 65536 32768 193735 169138 18192 28 1 4.00 2 180614 21 2 9.93 10 5260150 5766 6 686.26 355 18 1 6.29 4 150994944 262144 13206372.71 8126464 5784438 6790 6 754.66 355          
4 8388608 65536 8192 50272 162953 11709 46 1 11.00 10 115101 20 2 9.83 10 1314981 1652 3 331.40 264 16 1 7.09 6 37617664 131072 5834321.92 4456448 1446028 1652 3 362.87 308          
5 8388608 65536 8192 4928 1662337 33795 47 20 33.00 33 156687 5 3 4.64 5 471200 172 3 61.87 58 16 1 4.71 3 5373952 131072 1187689.88 720896 602272 240 3 79.08 85          
6 8388608 65536 16384 59284 276364 16113 42 1 7.00 7 145904 20 1 9.06 9 2508937 2812 3 575.84 478 16 1 7.27 6 66650112 196608 9044921.11 6488064 2771081 2812 3 636.01 563          
7 8388608 65536 32768 82724 396112 25696 32 1 6.00 5 255706 21 1 9.95 10 5269870 3870 5 697.72 576 16 1 7.16 6 70516736 262144 10635985.06 7929856 5794158 3870 5 765.61 654          
8 8388608 65536 16384 58769 278786 15143 29 1 7.00 7 145850 20 2 9.63 9 2513933 2671 5 588.05 417 16 1 7.62 7 62324736 262144 9511258.04 7208960 2776077 2799 5 637.30 474          
9 8388608 65536 16384 54420 301065 18304 31 1 8.00 8 171324 20 2 9.36 9 2510871 2598 5 570.65 486 16 1 7.87 7 54853632 262144 8343541.28 6619136 2772990 2598 5 626.24 543          
10 8388608 65536 16384 6279 2609332 48022 41 10 23.00 23 201450 5 1 4.19 5 824889 247 13 100.68 102 16 1 4.08 3 7471104 196608 1441659.37 1114112 1087008 302 13 132.69 110          
11 8388608 65536 32768 119014 275328 20603 35 1 5.00 3 183395 21 2 8.90 9 5262262 5176 4 748.01 495 16 1 6.09 4 106233856 196608 12601845.64 8388608 5786550 5432 4 822.54 545          
12 8388608 65536 32768 105944 309295 15610 26 1 3.00 2 150004 21 2 9.61 9 5273232 4601 6 899.72 576 16 1 6.67 5 98893824 262144 16897014.62 9699328 5797520 4601 6 825.03 457          
13 8388608 65536 32768 94988 344969 23268 30 1 5.00 4 228241 21 1 9.81 10 5268832 3936 4 800.25 623 16 1 7.38 6 80412672 262144 12277922.27 8388608 5793120 3936 4 745.58 538          
14 8388608 65536 32768 68012 481797 30203 35 1 7.00 6 291736 21 1 9.66 9 5267018 2804 4 709.17 599 16 1 7.41 6 62455808 196608 9642025.00 7471104 5791306 2804 5 708.76 575          
15 8388608 65536 32768 9657 3393186 65536 29 3 16.00 16 246352 6 2 3.76 4 1441324 284 89 175.94 175 16 1 4.03 3 14286848 262144 2107905.94 1441792 1965612 388 112 239.94 246          
16 8388608 65536 4096 8357 490128 11816 33 10 23.00 23 55962 6 2 4.74 5 243244 246 4 59.84 40 16 1 4.38 3 8781824 262144 1584419.52 983040 308780 374 4 75.96 40          
17 8388608 65536 4096 15883 257885 6389 22 1 12.00 13 41784 7 4 6.54 7 361920 351 6 97.63 79 16 1 4.65 3 18284544 327680 3120614.51 1835008 427456 428 6 115.31 79          
18 8388608 65536 4096 24783 165274 4331 21 1 8.00 8 42645 11 8 9.85 10 573625 703 6 153.87 74 16 1 4.74 2 28573696 393216 4658705.03 2293760 639161 831 6 171.45 74          
19 8388608 65536 8192 59522 137629 8376 38 1 8.00 7 74079 19 1 8.84 9 1190599 2253 3 459.69 366 16 1 6.78 5 49283072 196608 7928908.12 5242880 1321646 2476 3 510.49 418          
20 8388608 65536 8192 64503 127001 7974 35 1 7.00 6 71015 19 1 8.91 9 1175947 2285 4 442.92 343 16 1 6.62 5 64225280 196608 7980542.14 5373952 1307020 2541 4 492.29 374          
21 8388608 65536 8192 107285 76357 6053 30 1 5.00 4 47296 19 1 7.81 7 1136647 4521 4 629.02 409 16 1 7.02 5 101384192 262144 12337332.04 8388608 1267694 4777 4 701.93 440          
22 8388608 65536 16384 140759 116397 10251 33 1 5.00 3 85840 18 1 8.37 8 2325211 3814 5 786.34 595 16 1 7.30 6 74055680 196608 14423550.43 10616832 2587330 4326 5 875.28 596          
23 8388608 65536 16384 76894 213072 11002 34 1 5.00 4 95766 18 1 8.70 9 2332285 3384 4 713.89 578 16 1 7.22 6 72220672 196608 12818671.63 9502720 2594404 3896 4 794.37 582          
24 8388608 65536 16384 71929 227780 10759 33 1 5.00 4 92811 18 1 8.63 8 2313140 3848 5 727.17 504 16 1 7.23 6 75300864 196608 13155515.50 9371648 2575258 4360 5 809.83 504          
25 8388608 65536 32768 206763 158480 15475 38 1 3.00 2 135568 20 2 8.76 9 4896346 6580 5 1099.07 640 20 1 7.28 5 159383552 196608 19085943.69 10158080 5420634 7604 5 1216.75 640          
26 8388608 65536 32768 83277 393481 15954 25 1 3.00 2 151546 20 2 9.50 9 4882672 4127 7 956.26 837 16 1 6.83 5 80543744 327680 15969648.50 11534336 5406960 5151 7 1058.94 837          
27 8388608 65536 32768 89642 365542 15690 27 1 3.00 2 147784 20 1 9.42 9 4861428 3785 5 978.94 802 16 1 6.74 5 85524480 262144 16097705.18 11075584 5385716 4462 5 1084.52 802          
28 8388608 65536 8192 63281 129454 8062 36 1 7.00 7 71665 19 1 8.89 9 1174107 2192 3 450.54 349 16 1 7.03 5 54329344 196608 8384920.36 5898240 1305180 2320 3 500.64 402          
29 8388608 65536 8192 55328 148062 7299 44 1 7.00 5 60315 18 1 8.26 8 1144393 2298 3 493.27 356 16 1 7.01 5 58523648 131072 9716056.71 6422528 1275466 2426 3 546.71 425          
30 8388608 65536 8192 72514 112971 6571 49 1 6.00 4 50920 18 1 7.75 7 1109318 3506 2 526.49 179 16 1 6.63 5 88997888 131072 10589775.77 5111808 1240364 3634 2 587.57 227          
31 8388608 65536 8192 26280 311719 7805 17 1 7.00 8 48544 8 5 6.22 6 672241 620 8 324.60 323 16 1 8.53 8 30146560 458752 9253697.02 7995392 803288 748 8 388.06 386          
32 8388608 65536 8192 40708 201238 7249 21 1 7.00 6 71484 11 9 9.86 10 1163909 1208 7 369.26 363 16 1 7.96 7 46137344 393216 9444272.92 7602176 1294982 1208 7 410.84 437          
33 8388608 65536 8192 3928 2085539 39812 49 26 38.00 39 178934 5 1 4.49 5 450464 239 2 58.65 46 16 1 4.99 4 4194304 131072 1063855.05 786432 581536 367 2 75.72 46          
34 8388608 65536 16384 95401 171738 13612 36 1 6.00 5 114455 18 2 8.41 8 2394693 3270 4 714.83 539 16 1 7.35 6 74317824 196608 11188589.59 8060928 2656812 3526 4 793.32 606          
35 8388608 65536 16384 63149 259449 15229 42 1 7.00 6 131051 19 2 8.61 8 2407896 2988 3 698.35 598 16 1 7.46 6 66846720 196608 9961971.96 7012352 2670040 3244 3 774.37 683          
36 8388608 65536 16384 82077 199617 14360 43 1 7.00 5 128331 19 1 8.94 9 2449470 3765 3 707.12 574 16 1 7.46 6 75038720 196608 10329979.14 7471104 2711614 4021 3 782.80 623          
37 8388608 65536 32768 134243 244094 16986 32 1 4.00 2 151365 20 1 8.91 9 5004376 4936 5 932.96 649 16 1 6.49 5 115933184 262144 15531829.73 9568256 5528664 5448 5 1030.70 662          
38 8388608 65536 32768 87177 375878 21564 27 1 5.00 4 201696 20 1 9.35 9 4970078 2912 5 816.91 739 16 1 7.28 6 64618496 262144 13003928.14 10223616 5494366 3424 5 903.08 810          
39 8388608 65536 32768 99114 330609 20774 38 1 5.00 4 191277 20 1 9.21 9 4914294 3640 5 850.08 706 16 1 7.31 6 74317824 196608 13629417.99 10092544 5438582 4152 5 940.77 728          
40 8388608 65536 16384 63095 259671 14720 30 1 7.00 6 143693 20 1 9.76 10 2518049 2471 4 594.86 467 16 1 7.38 6 52690944 262144 9360446.44 7405568 2780194 2599 4 656.33 527          
41 8388608 65536 16384 96075 170533 8627 30 1 4.00 2 67148 19 1 7.78 7 2286295 4184 4 1135.20 750 16 1 7.72 7 90767360 262144 19196880.45 11206656 2548414 4312 5 1151.57 715          
42 8388608 65536 16384 105869 154757 8939 34 1 4.00 2 70950 19 1 7.94 7 2291453 5021 4 847.74 354 16 1 7.10 5 100728832 196608 16756873.39 8650752 2553572 5149 4 911.66 436          
43 8388608 65536 16384 85586 191433 16765 37 1 8.00 6 158885 20 2 9.48 9 2574263 2689 3 596.17 527 16 1 7.22 6 54460416 196608 8452397.72 6291456 2836382 2817 3 646.25 570          
44 8388608 65536 16384 71091 230465 16239 42 1 7.00 6 149302 20 1 9.19 9 2513993 3292 3 600.00 448 16 1 7.64 7 70516736 196608 9313297.98 6684672 2776138 3420 3 659.89 521          
45 8388608 65536 16384 80263 204128 12395 43 1 6.00 4 101340 19 1 8.18 8 2303132 3899 4 822.25 614 16 1 7.73 6 86376448 196608 12827339.38 8388608 2565250 4027 4 915.83 741          
46 8388608 65536 16384 45672 358731 16402 23 1 8.00 7 162455 11 9 9.90 10 2330015 899 7 341.14 402 16 1 7.88 6 36503552 327680 8235715.03 6488064 2592134 993 7 379.58 449          
47 8388608 65536 16384 6318 2593225 54434 47 17 26.00 26 220379 6 1 4.05 4 783660 260 10 95.66 83 16 1 4.75 3 6488064 131072 1478254.92 1114112 1045804 388 10 127.66 83          
48 8388608 65536 16384 5691 2878931 54339 41 14 26.00 26 233706 6 2 4.30 4 842602 310 3 104.81 107 16 1 5.43 4 7274496 196608 1682366.30 1114112 1104746 438 3 137.42 107          
49 8388608 65536 32768 127485 257034 23796 34 1 5.00 4 219613 21 1 9.23 9 5210630 6081 4 748.65 514 16 1 6.73 5 109051904 196608 11524702.14 8388608 5734918 6337 4 823.98 559          
50 8388608 65536 32768 71618 457538 28904 39 1 7.00 6 271940 21 1 9.41 9 5157046 3055 6 651.55 563 16 1 7.09 6 57933824 196608 9701701.63 7143424 5681334 3221 6 717.79 641          
51 8388608 65536 32768 134892 242920 20408 37 1 4.00 3 172089 21 1 8.43 8 5020832 5806 4 884.10 557 16 1 6.81 5 113246208 196608 14371786.14 8519680 5545120 6062 4 976.43 616          
52 8388608 65536 32768 127665 256671 12637 26 1 3.00 1 109572 20 1 8.67 8 4806442 6602 5 1262.86 602 16 1 6.97 5 130023424 327680 22230653.60 12124160 5330730 6730 5 1187.77 545          
53 8388608 65536 32768 128858 254295 13886 28 1 3.00 2 124749 20 1 8.98 9 4816330 6016 6 1098.11 503 16 1 6.84 5 130023424 327680 19196113.71 10354688 5340618 6144 6 1134.61 528          
54 8388608 65536 32768 94182 347922 15434 27 1 3.00 2 142212 20 1 9.21 9 4835416 4820 6 1049.58 688 16 1 7.06 6 92471296 262144 17435399.65 10878976 5359704 4948 6 1110.82 761          
55 8388608 65536 32768 68373 479253 26276 28 1 6.00 5 247619 20 1 9.42 9 5026198 3016 5 824.24 707 16 1 7.99 7 64487424 262144 11730301.53 8454144 5550486 3107 5 885.24 767          
56 8388608 65536 32768 86217 380064 20381 29 1 4.00 3 188135 20 1 9.23 9 4837860 4889 5 1003.08 791 16 1 7.91 7 96468992 262144 14772110.27 10616832 5362148 5017 5 1101.74 905          
57 8388608 65536 32768 74924 437349 20071 29 1 4.00 3 183994 20 1 9.17 9 4838286 3809 5 1012.62 754 16 1 7.75 7 80805888 262144 14805647.29 9764864 5362574 3937 5 1109.57 861          
58 8388608 65536 32768 57603 568859 34387 42 1 8.00 7 334015 21 1 9.71 10 5153166 3093 6 634.78 509 16 1 7.37 6 64487424 196608 8213634.11 5898240 5677454 3093 6 698.33 578          
59 8388608 65536 32768 67611 484654 31770 35 1 7.00 6 291751 20 1 9.18 9 5024530 3407 4 786.68 699 16 1 8.11 7 62849024 196608 10102437.39 8192000 5548818 3535 4 863.23 788          
60 8388608 65536 32768 85834 381760 23187 39 1 5.00 3 206251 20 1 8.90 9 4822748 4840 4 997.67 746 16 1 7.69 6 91488256 196608 13062825.29 8388608 5347036 4968 4 1100.89 869          
61 8388608 65536 32768 9597 3414400 74387 32 6 18.00 18 311110 6 2 4.18 4 1661158 392 95 202.78 197 16 1 5.65 4 10813440 262144 2600410.13 1638400 2185446 513 95 266.78 293          
62 8388608 65536 29512 6555 4502212 72399 33 7 19.00 19 306167 6 3 4.23 4 1516076 360 82 185.07 176 16 1 7.14 7 8978432 196608 3040558.43 2883584 1988268 488 82 242.71 205          
63 8388608 65536 24280 7371 3293989 71064 37 7 23.00 24 295246 5 1 4.15 5 1195228 392 21 145.90 135 16 1 4.95 4 8060928 196608 1739893.84 1245184 1583708 519 21 193.32 188          
64 8388608 65536 8192 112395 72885 2340 21 1 2.00 1 19540 18 1 8.35 8 1119134 4576 8 752.61 384 16 1 5.23 3 119078912 393216 21913212.20 10092544 1250206 4704 8 787.28 384          
65 8388608 65536 8192 121251 67562 2371 25 1 2.00 1 19978 18 1 8.43 8 1118918 5295 8 748.44 384 16 1 5.21 3 120193024 327680 21344279.48 10027008 1249990 5423 8 797.19 447          
66 8388608 65536 8192 126539 64738 2713 19 1 2.00 1 22795 18 1 8.40 8 1119004 4771 7 771.20 410 19 1 5.71 3 143327232 393216 20522289.76 9437184 1250076 4899 7 821.88 463          
67 8388608 65536 8192 89306 91729 3373 25 1 3.00 2 28560 18 1 8.47 8 1142804 3404 6 655.65 322 16 1 5.45 3 84606976 327680 15923085.55 8388608 1273876 3532 6 714.06 384          
68 8388608 65536 8192 80768 101426 3889 20 1 3.00 2 31727 18 1 8.16 8 1092972 2966 7 608.90 304 16 1 5.79 4 77791232 393216 14651551.35 8388608 1224018 3094 7 666.31 372          
69 8388608 65536 8192 86308 94915 3577 29 1 3.00 2 30094 18 1 8.41 8 1146912 3989 4 664.11 320 16 1 5.67 3 94633984 262144 15772429.40 8388608 1277958 4117 4 719.98 384          
70 8388608 65536 8192 73595 111311 5176 35 1 5.00 3 42067 18 1 8.13 8 1109826 3166 4 557.14 257 16 1 6.17 4 69730304 196608 11920519.99 6815744 1240872 3294 4 620.75 322          
71 8388608 65536 8192 109528 74793 3903 28 1 3.00 2 29305 18 1 7.51 7 1093218 3552 4 862.16 512 16 1 6.57 4 85065728 262144 17989543.83 10092544 1224264 3680 4 896.24 536          
72 8388608 65536 8192 62526 131017 5232 33 1 5.00 3 42237 18 1 8.07 8 1116456 2741 4 588.85 308 16 1 6.68 5 89391104 196608 12937360.23 8388608 1247502 2869 4 645.70 382          
73 8388608 65536 16384 218742 74901 4472 23 1 2.00 1 38377 19 1 8.58 8 2308526 7727 7 1176.62 551 21 1 6.48 3 176160768 327680 28469682.38 11206656 2570644 7855 7 1052.25 396          
74 8388608 65536 16384 144126 113678 4513 20 1 2.00 1 39765 19 1 8.81 9 2318888 6324 7 1020.19 538 18 1 5.89 3 150994944 393216 25035159.42 12582912 2581006 6452 7 1044.52 576          
75 8388608 65536 16384 129011 126996 4341 21 1 2.00 1 38574 19 1 8.89 9 2321464 5611 9 968.49 512 16 1 5.38 3 122945536 393216 23631211.44 11796480 2583582 5739 9 1002.94 555          
76 8388608 65536 16384 85826 190897 6810 24 1 3.00 2 59141 19 1 8.68 8 2315776 4714 5 875.53 519 16 1 6.14 4 88014848 327680 17550889.38 9109504 2577920 4842 5 904.53 531          
77 8388608 65536 16384 95691 171217 7424 27 1 3.00 2 64907 19 1 8.74 8 2314172 4689 5 869.34 598 16 1 6.51 5 105512960 262144 16929605.44 10485760 2576316 4817 5 947.17 696          
78 8388608 65536 16384 86548 189305 7452 27 1 3.00 2 65143 19 1 8.74 8 2321440 3810 6 875.68 592 16 1 6.41 4 86900736 262144 16659653.59 9764864 2583584 3938 6 953.35 693          
79 8388608 65536 16384 76173 215089 10674 31 1 5.00 4 92540 19 1 8.67 8 2304954 3825 5 819.68 516 16 1 7.69 7 80347136 262144 13975380.51 9043968 2567072 3953 5 909.02 637          
80 8388608 65536 16384 76696 213622 10704 33 1 5.00 4 93286 19 1 8.72 8 2319318 3779 4 783.82 592 16 1 7.42 6 89456640 196608 13465217.26 9043968 2581436 3907 4 862.78 709          
81 8388608 65536 16384 85082 192567 9779 27 1 4.00 3 79870 19 1 8.17 8 2311546 3323 6 1030.56 1005 16 1 8.13 7 68157440 327680 17167190.22 13697024 2573664 3451 6 1135.27 1125          
82 8388608 65536 32768 274553 119350 12348 31 1 3.00 1 107068 20 1 8.67 8 4829472 9632 5 1549.89 812 30 1 8.44 4 241893376 262144 27661617.17 8716288 5353760 9760 5 1188.67 384          
83 8388608 65536 32768 184505 177599 9322 20 1 2.00 1 85442 20 1 9.17 9 4847228 7200 7 1308.65 768 19 1 6.58 4 159383552 393216 27094929.02 12976128 5371516 7328 7 1182.11 603          
84 8388608 65536 32768 159249 205765 9655 23 1 2.00 1 91869 20 1 9.52 9 4843356 6142 6 1193.83 692 18 1 6.26 4 146800640 327680 23975834.09 12582912 5367644 6270 6 1186.74 684          
85 8388608 65536 32768 98465 332788 15773 26 1 3.00 2 148239 20 1 9.40 9 4836786 4709 6 1060.70 724 16 1 7.10 6 103415808 327680 16824346.18 10551296 5361074 4837 6 1127.70 757          
86 8388608 65536 32768 89373 366643 16221 28 1 3.00 3 151973 20 1 9.37 9 4842340 4093 4 1040.69 660 16 1 7.12 6 88473600 262144 16476498.30 10420224 5366628 4221 4 1128.63 759          
87 8388608 65536 32768 87702 373628 16070 28 1 3.00 2 151398 20 1 9.42 9 4839908 4314 5 1051.01 771 16 1 7.08 6 93126656 262144 16445148.95 10485760 5364196 4442 5 1136.00 868          
88 8388608 65536 32768 94897 345300 19845 26 1 4.00 3 181356 20 1 9.14 9 4828010 4487 5 1042.32 863 16 1 7.82 7 84541440 262144 15122504.75 10747904 5352298 4615 5 1125.85 966          
89 8388608 65536 32768 86296 379716 20317 28 1 4.00 3 186422 20 1 9.18 9 4835830 4079 5 1022.81 838 16 1 7.85 7 81264640 262144 14795671.92 10289152 5360118 4207 5 1118.32 941          
90 8388608 65536 32768 85230 384465 20732 29 1 5.00 3 189943 20 1 9.16 9 4836944 3796 5 1032.65 849 16 1 7.94 7 78315520 262144 14681685.22 9895936 5361232 3924 5 1131.54 961          
