SNOPT 6.1-1: Optimal solution found.
185522 iterations, objective 2
_ampl_elapsed_time = 0.526194

_total_solve_elapsed_time = 668.254

   0   96     1208
   0    6      133
   0   32     1738
   0    8      488
   0    2      529
   2   10      171
   2    4      359
   4    5      359
   5    7      359
   6   30      133
   7   31      359
   8  136      488
  10   18      171
  18   50      171
  19  147      133
  23   55      359
  27   19      133
  30   62      133
  31   23      359
  32  160     1370
  32   64      368
  44   46      359
  45   44      359
  46   47      359
  47  175      359
  49   81      171
  50   51      171
  51   49      171
  53   45      359
  55   53      359
  59   27      133
  60   61      133
  61   59      133
  62   60      133
  64  192      368
  81  113      171
  96  224     1208
 113  241      171
 128  224      488
 136  128      488
 147  243      133
 160  192     1370
 175  207      359
 193  192      359
 195  197      304
 196  220      304
 197  196      304
 199  193      359
 200  192      624
 202  203      304
 203  195      304
 204  202      304
 207  199      359
 209  217      171
 217  219      171
 219  251      171
 220  222      304
 222  254      304
 224  192     1376
 224  232      624
 232  200      624
 236  204      304
 237  236      304
 241  209      171
 243  245      304
 245  237      304
 248  224      304
 251  243      171
 254  248      304

   0    2       82
   1   97     1940
   1    7       65
   1    0       82
   1   33     1547
   1    9      462
   2   34       82
   6   14       65
   7    6       65
   9   41      462
  14   46       65
  17  145       65
  33  161     1547
  34   58       82
  41   73      462
  46   47       65
  47   55       65
  49   17       65
  50   82       82
  55   49       65
  58   50       82
  65  193      462
  73   65      462
  74   75       82
  75  203       82
  82   74       82
  97  225     1940
 145  147       65
 147  179       65
 161  193     1547
 179  211       65
 195  193       82
 199  193      160
 203  195       82
 208  214       65
 210  208       65
 211  210       65
 214  215       65
 215  223       65
 223  199      160
 225  249       95
 225  193     1845
 243  245       95
 244  246       95
 245  244       95
 246  247       95
 247  255       95
 249  251       95
 251  243       95
 255  223       95

   0   24      319
   1  129      332
   2   98     1513
   2    3      334
   2   34     1878
   2    0      319
   2    4       52
   3   27      334
   4    5       52
   5   37       52
   9    1      332
  11    9      332
  12   13      332
  13   11      332
  20   12      332
  24   25      319
  25  121      319
  27   59      334
  28   20      332
  29   28      332
  31   29      332
  34  162     1878
  35   43       52
  37   35       52
  43   51       52
  51   83       52
  57   63      334
  59   57      334
  63   31      332
  63   95        3
  71   79        3
  79  207        3
  83   85       52
  85  213       52
  95   71        3
  97  103      319
  98  226     1513
 103  231      319
 121   97      319
 129  225      332
 162  194     1878
 192  194      386
 196  194      319
 197  196      319
 198  192      386
 201  203        3
 203  211        3
 207  201        3
 211  243        3
 213  215       52
 215  223       52
 217  249       52
 222  198      386
 223  217       52
 225  249      332
 226  194     1513
 229  197      319
 231  229      319
 233  235      384
 235  243      384
 240  246      386
 241  233      384
 242  240      386
 243  242      386
 246  254      386
 249  241      384
 254  222      386

   2    4      935
   3  131      936
   3   27      439
   3    2      935
   3   35     1755
   3    5       31
   4  132      935
   5   37       31
  14   46       31
  15   14       31
  16  112       31
  22   16       31
  23   15       31
  27  123      439
  31   23       31
  35  163     1199
  35   67      555
  37   39       31
  39   63       31
  46   54       31
  54   22       31
  63   31       31
  67  195      994
  99   67      439
 104  232       31
 105  104       31
 112  113       31
 113  105       31
 123   99      439
 131  227      936
 132  164      935
 163  195     1199
 164  172      935
 170  171      935
 171  203      935
 172  170      935
 203  195      935
 206  214       31
 214  246       31
 227  195      967
 232  238       31
 238  206       31
 240  242       31
 242  250       31
 246  240       31
 250  251       31
 251  227       31

   2   26      398
   4  100     1223
   4    5      609
   4   36     1629
   4   12      238
   4    2      398
   5   37      609
   9   17      238
  11    9      238
  12   44      238
  17  145      238
  26  154      374
  26   58       24
  36  164     1629
  37   61      609
  43   11      238
  44   52      238
  51   43      238
  52   53      238
  53   51      238
  56   57        9
  57   63        9
  58   59       15
  58   56        9
  59  187       15
  60   92      609
  61   60      609
  63  191        9
  68  196      609
  92   68      609
 100  228     1223
 144  240      238
 145  144      238
 154  155      374
 155  251      374
 164  196     1319
 164  172      310
 167  199        9
 172  204      310
 187  219       15
 191  167        9
 197  196      238
 198  196       24
 199  231       24
 204  196      310
 207  199       15
 211  213       15
 213  245       15
 215  207       15
 219  211       15
 220  196      374
 225  227      374
 226  250      374
 227  226      374
 228  196     1223
 229  197      238
 230  198       24
 231  230       24
 233  235      238
 235  237      238
 237  229      238
 240  241      238
 241  233      238
 245  247       15
 247  215       15
 249  225      374
 250  252      374
 251  249      374
 252  220      374

   5  101     1446
   5   29     1296
   5   37     1354
  17   49        8
  21   53      220
  21   23        8
  23   17        8
  29  157     1068
  29   21      228
  37  165     1330
  37   45       24
  41  169        8
  44   46       24
  45   44       24
  46  174       24
  49   41        8
  53   55      220
  55  183      220
 101  229     1446
 144  240      220
 150  144      220
 157  253     1068
 161  185        8
 165  197     1330
 169  161        8
 174  206       24
 182  150      220
 183  182      220
 184  216        8
 185  184        8
 195  197     1068
 196  197        8
 201  209       24
 205  197      243
 206  207       24
 207  201       24
 209  241       24
 213  205      243
 216  248        8
 227  195     1068
 228  196        8
 229  197     1446
 240  242      243
 241  240       24
 242  243      243
 243  245      243
 245  213      243
 248  254        8
 251  227     1068
 252  228        8
 253  251     1068
 254  252        8

   0  128      721
   0   96      840
   0    8      104
   1   33       87
   4   28      237
   6  134      132
   6  102     1873
   6    0     1666
   6   38      189
   6    4      237
   8    9       87
   8   40       18
   9    1       87
  16   18       87
  18   50       87
  24   16       87
  28   29      237
  29  157      237
  33   57       87
  38   62      189
  40   72       18
  48   80      189
  50  178       26
  50   82       60
  54   48      189
  56   24       87
  57   56       87
  62   54      189
  64   88      840
  66  194       60
  70  198     1873
  72   80       18
  74   66       60
  80  208      207
  82   74       60
  88  216      840
  96   64      840
 102   70     1873
 128  160      721
 134  142      132
 142  238      132
 155  251      237
 157  155      237
 160  166      721
 166  167      721
 167  199      721
 176  208       26
 178  176       26
 192  198     1133
 193  199      203
 194  218       60
 196  198       34
 199  198      924
 208  216      233
 216  192     1133
 218  216       60
 225  193      203
 226  228       34
 227  226       34
 228  196       34
 230  198      132
 238  230      132
 249  225      203
 251  227       34
 251  249      203

   1    9      675
   5   37        2
   7  135      564
   7  103     1625
   7    1      675
   7   39     1230
   7    5        2
   9   41        6
   9   11      668
  11  139      668
  14   22        6
  16  112        6
  22   16        6
  32   64        2
  33   32        2
  35   33        2
  37   35        2
  39  167     1230
  41   47        6
  46   14        6
  47   46        6
  64   72        2
  70   71      175
  71  199      175
  72  200        2
 102   70      175
 103  231     1449
 103  102      175
 112  113        6
 113  241        6
 131  155      668
 135  231      564
 139  131      668
 155  187      668
 167  199     1230
 185  217      668
 187  185      668
 193  199      668
 195  193      668
 200  202        8
 202  210        8
 204  212        8
 210  242        8
 212  214        8
 214  222        8
 217  219      668
 219  195      668
 222  254        8
 223  199        8
 231  199     2014
 232  200        6
 233  232        6
 236  204        8
 241  233        6
 242  244        8
 244  236        8
 254  255        8
 255  223        8

   3   35       62
   5    3       62
   8  136     1274
   8   40     1838
   8   10      984
  10  138      922
  10   12       62
  12   20       62
  20   28       62
  28   60       62
  29    5       62
  35   59       62
  40  168     1587
  40   41      251
  41   47      251
  47  175      251
  49   81       62
  51   49       62
  59   51       62
  60   61       62
  61   29       62
  81   83       62
  83  211       62
 136  232     1274
 138  170      922
 168  200     1587
 170  202      922
 175  183      251
 183  215      251
 192  200       62
 202  200      922
 208  200      251
 209  217       62
 211  209       62
 214  208      251
 215  214      251
 217  249       62
 224  192       62
 225  231       62
 227  225       62
 229  227       62
 230  224       62
 231  230       62
 232  200     1274
 243  245       62
 245  253       62
 249  251       62
 251  243       62
 253  229       62

   9  137      285
   9  105     1590
   9   15      540
   9   41     1101
   9   11      580
  10   18      580
  11   10      580
  15   47      540
  18  146      526
  18   26       54
  26   58       54
  34   36       54
  36   37       54
  37   61       54
  39  167      533
  40   72       54
  41  169     1101
  46   40       54
  47   79        7
  47   39      533
  54   46       54
  58   34       54
  61   63       54
  62   54       54
  63   62       54
  72  200       54
  73  201        7
  79   73        7
 105  233     1590
 137  233      285
 146  242      330
 146  148      196
 148  244      196
 165  197      533
 167  165      533
 169  201     1101
 196  204      863
 197  196      533
 198  196      330
 200  201       54
 203  201      863
 204  205      863
 205  203      863
 209  201      196
 228  230      330
 230  198      330
 233  201     1875
 234  236      330
 236  228      330
 241  209      196
 242  234      330
 244  245      196
 245  247      196
 247  241      196

   5  133      340
   5   29       46
  10  106     1584
  10   11     1292
  10   42      927
  10   18      293
  11   43     1292
  18  114      293
  29  125       46
  37    5      386
  39   37      386
  41   49     1292
  42  170      478
  42   50      448
  43   41     1292
  49   55     1292
  50   82      448
  55   87      166
  55   63     1126
  59  187      741
  61   59      741
  63   39      386
  63   61      741
  67  195       46
  80  208      448
  82   80      448
  83  211      166
  85   83      166
  87   85      166
  99   67       46
 106  234     1584
 113  241      293
 114  115      293
 115  113      293
 123   99       46
 125  123       46
 133  229      340
 163  195      741
 170  202      478
 187  163      741
 194  202      786
 195  194      786
 200  202      741
 204  202      340
 205  204      340
 208  200      741
 210  202      166
 211  243      166
 212  210      166
 229  237      340
 234  202     1584
 237  205      340
 240  208      293
 241  240      293
 243  245      166
 244  212      166
 245  244      166

  11  139     1359
  11  107     1975
  11   43      458
  11   19      304
  19  147      304
  43  171      458
  75  203      930
 107  235     1045
 107   75      930
 138  234      464
 139  235      895
 139  138      464
 147  155      304
 155  187      304
 171  203      458
 187  219      304
 195  203      304
 202  203      464
 219  195      304
 234  202      464
 235  203     1940

   4    5       31
   5   29       31
  12  108     1095
  12   44     1588
  12    4       31
  12   20      432
  12   14      950
  14   46      950
  20  148      432
  27  155       31
  29   27       31
  36   68      847
  44  172      741
  44   36      847
  46  174      950
  68   76      847
  74  202     1095
  76  204      847
 106   74     1095
 108  106     1095
 131  163       31
 148  180      432
 155  131       31
 161  193       31
 163  161       31
 172  204     1691
 174  172      950
 180  212      432
 193  201       31
 201  209       31
 202  204     1095
 209  241       31
 210  242       31
 212  204      432
 218  210       31
 225  227       31
 227  251       31
 234  236       31
 235  234       31
 236  204       31
 241  249       31
 242  243       31
 243  235       31
 249  225       31
 250  218       31
 251  250       31

   4    6      666
   5    4      666
   6    7      666
   7  135      426
   7   39      240
  12   20      245
  13  109     1239
  13   12      245
  13   45     1946
  13    5      666
  20  116      245
  34   35      240
  35  163      240
  36   34      240
  37   36      240
  39   37      240
  44   76      465
  45  173     1480
  45   44      465
  76   77      465
  77  205      465
 109  237     1239
 116  244      245
 135  159      426
 159  255      426
 163  187      240
 173  205     1720
 179  181      240
 181  173      240
 187  179      240
 206  207      245
 207  205      245
 213  205      426
 236  238      245
 237  205     1239
 238  206      245
 244  236      245
 245  213      426
 247  245      426
 255  247      426

   0   32      233
   6    0      233
   6    7        9
   7   31        9
  14  142     1273
  14  110     1568
  14   46      835
  14    6      242
  14   22      178
  22   54      178
  31  127        9
  32   38      233
  38   70      233
  46   78      835
  49  177      178
  51   49      178
  52   53      178
  53   51      178
  54   52      178
  70   78      233
  76  204      143
  78  206      925
  78   76      143
 110  238     1568
 127  255        9
 134  230     1273
 142  134     1273
 168  200      178
 176  168      178
 177  176      178
 198  206     1273
 200  206      178
 204  206      143
 212  244        9
 220  212        9
 230  198     1273
 236  238        9
 238  206     1577
 244  236        9
 252  220        9
 254  252        9
 255  254        9

   2    4      162
   4  132      162
   9   41      451
  14   22      121
  15  143       13
  15  111     2035
  15    9      451
  15   14      121
  15   47     1475
  17  113      289
  20   52      121
  22   20      121
  25   17      289
  26    2      162
  30   31      289
  31   25      289
  33   57      451
  41   33      451
  42   50      162
  44   42      162
  46   44      162
  47  175      947
  47   79      529
  50   58      162
  52   84      121
  54   46      162
  56   62      451
  57   56      451
  58   26      162
  62   30      289
  62   54      162
  73  201      289
  79  207      529
  81   73      289
  84   86      121
  86  214      121
 111  239     2035
 113   81      289
 132  228      162
 143  239       13
 169  201      947
 175  169      947
 195  203       13
 201  207     1357
 203  201      121
 205  207      162
 208  209      121
 209  241      121
 214  208      121
 217  249       13
 218  219       13
 219  217       13
 225  227       13
 227  195       13
 228  229      162
 229  237      162
 235  203      108
 237  205      162
 239  207     2048
 241  243      121
 242  250       13
 243  242       13
 243  235      108
 249  225       13
 250  218       13

   2    4      223
   3    5       50
   4   12      223
   5   13       50
  11   43      223
  12   44      223
  13  141       50
  16  112     1536
  16   17      223
  16   48     1949
  16   24      245
  16   18      145
  17   19      223
  18   20      145
  19   11      223
  20  116      145
  24   56      245
  25   31       50
  26    2      223
  27    3       50
  28   26      223
  29   27       50
  30   28      223
  31   29       50
  33   39      223
  35   33      223
  37   69      223
  38   62      223
  39   38      223
  43   51      223
  44   45      223
  45   37      223
  48  176     2022
  48   54      121
  48   49       50
  49   57       50
  51   59      223
  54   86      121
  56   48      245
  57   25       50
  59   35      223
  62   30      223
  69  197      223
  80   81      121
  81  209      121
  84  212      145
  86   80      121
 112  240     1536
 116   84      145
 141  237       50
 176  208     2022
 194  202      223
 195  194      223
 197  221      223
 202  210      223
 204  236      145
 209  208      121
 210  208      273
 212  204      145
 219  195      223
 221  219      223
 224  248      145
 226  224      145
 228  226      145
 235  243       50
 236  228      145
 237  235       50
 240  208     1680
 242  210       50
 243  242       50
 248  240      145

   6    7      104
   7  135      104
   9   41       26
  17  145       73
  17  113     1578
  17   49     1870
  17    9       26
  17   19      549
  19   21      549
  20   52      549
  21   20      549
  33   65       26
  38    6      104
  41   33       26
  49  177     1870
  52   60      549
  60   62      549
  62   38      104
  62   63      445
  63  191      445
  65   97       26
  97   99       26
  99  107       26
 107  235       26
 113  241     1578
 135  167      104
 145  241       73
 166  174      104
 167  166      104
 174  206      104
 177  209     1870
 181  213      445
 183  181      445
 191  183      445
 201  209       26
 204  212      445
 205  204      445
 206  214      104
 211  209      445
 212  244      445
 213  205      445
 214  246      104
 217  209      104
 218  219      445
 219  211      445
 220  218      243
 221  220      243
 226  234      202
 228  226      202
 229  228      202
 233  201       26
 234  242      202
 235  233       26
 241  209     1651
 242  250      202
 244  245      445
 245  253      445
 246  254      104
 249  217      104
 250  218      202
 253  229      202
 253  221      243
 254  255      104
 255  249      104

   2    3       71
   3   35       71
  10   42      824
  10    2       71
  16   22       13
  18  146      281
  18  114     1678
  18   19        4
  18   50     1224
  18   10      895
  18   16       13
  19   51        4
  22   30       13
  30  158       13
  33   39       71
  35   59       71
  37   61       71
  39   37       71
  42  170      824
  43   75        4
  50  178     1224
  51   43        4
  53  181       71
  57   33       71
  59   57       71
  61   53       71
  73  201        4
  75   73        4
 114  242     1678
 146  147      281
 147  243      281
 149  245       71
 158  254       13
 170  178      824
 178  210     2048
 181  149       71
 192  224       13
 194  218       18
 198  192       13
 201  209        4
 208  210       71
 209  241        4
 218  210       18
 224  226       18
 226  194       18
 230  198       13
 240  208       71
 241  249        4
 242  210     1960
 243  242      281
 244  246       71
 245  253       71
 246  240       71
 248  224        4
 249  248        4
 252  244       71
 253  252       71
 254  230       13

   0    1      756
   0   32       77
   1    3      756
   2    0      833
   3    5      756
   5  133      756
   7   39       38
  15    7       38
  18   26      833
  19  115     1319
  19   18      833
  19   51     1944
  26    2      833
  32   56       38
  32   34       39
  34   35       39
  35  163       39
  37   69       38
  39   37       38
  47   15       38
  49   55       38
  51  179     1944
  55   47       38
  56   57       38
  57   49       38
  69  197       38
 115  243     1319
 132  228      756
 133  132      756
 163  171       39
 171  179       39
 179  211     1983
 193  217       38
 197  199       38
 199  193       38
 209  211       27
 210  211       38
 217  249       38
 225  233      756
 226  227      756
 227  225      756
 228  226      756
 233  241       27
 233  235      729
 235  243      729
 240  242       38
 241  209       27
 242  210       38
 243  211     2048
 248  240       38
 249  248       38

   7   31      436
  12   13      436
  13   15      436
  15    7      436
  20  116     1576
  20   21      328
  20   52     1288
  20   12      436
  20   28      468
  21   29      328
  28  156      468
  29   61      328
  31   63      436
  49   81      436
  52  180     1616
  53   52      328
  55   49      436
  61   53      328
  63   55      436
  81   83      436
  83  211      436
 116  244     1576
 156  157      468
 157  253      468
 180  212     1616
 210  212      436
 211  210      436
 220  212      468
 244  212     1576
 252  220      468
 253  252      468

   6   30       16
  11  139       21
  13   45      102
  19   51       16
  19   27       53
  21  117     1285
  21   53     1828
  21   13      102
  21   19       69
  21   23      812
  22  150      812
  23   22      812
  27   59       53
  28   60       16
  30   28       16
  35   43       53
  38    6       16
  39   38       16
  42   74       32
  43   42       32
  43   11       21
  45   53      102
  48   49       16
  49   57       16
  50   48       16
  51   50       16
  53  181     1931
  57   63       16
  59   35       53
  60   92       16
  63   39       16
  68  100       16
  74  202       32
  92   68       16
 100  228       16
 117  245     1285
 139  235       21
 150  158      812
 158  254      812
 173  205      328
 181  213     1603
 181  173      328
 202  210       32
 204  205      828
 205  213     1155
 208  240       32
 210  208       32
 212  213       32
 216  218       32
 218  250       32
 228  229      828
 229  231      828
 231  239      828
 235  237       21
 236  204      828
 237  245       21
 238  236      828
 239  238      828
 240  248       32
 242  244       32
 244  212       32
 245  213     1306
 248  216       32
 250  242       32
 252  228      812
 254  252      812

  22  150     1236
  22  118      526
  22   54     1870
  22   30      464
  30   62      464
  54  182     1420
  54   86      914
  62   54      464
  86  214      914
 116  117       25
 117  245       25
 118  246      501
 118  116       25
 150  246     1236
 182  214     1420
 212  214       25
 244  212       25
 245  244       25
 246  214     1737

   1   33       83
   8  104      385
   9    1       83
  15    9       83
  16    8      385
  17   16      385
  17   49      151
  19   51       83
  23  119     1831
  23   17      536
  23   55     1646
  23   15       83
  24   25       83
  25   27       83
  27   19       83
  28  156       83
  29   28       83
  32   56       83
  33   32       83
  49   55      151
  51   53       83
  52   60       83
  53   52       83
  55  183     1797
  56   24       83
  60   62       83
  61   29       83
  62   63       83
  63   61       83
 104  106      385
 106  234      385
 119  247     1831
 148  244       83
 156  148       83
 183  215     1797
 223  215      398
 228  230      398
 230  254      398
 234  236      385
 236  237       70
 236  228      398
 237  245       70
 244  236       83
 245  247       70
 247  215     1901
 254  255      398
 255  223      398

   0    6      480
   0    2      490
   2  130      490
   6   14      480
  14  110      480
  24  152      791
  24  120     1137
  24    0      970
  24   56     1198
  56  184     1198
 102  230      480
 110  102      480
 120  248     1137
 130  132      490
 132  228      490
 152  248      791
 184  216     1198
 192  216      480
 194  218      490
 196  198      490
 198  206      490
 202  194      490
 204  202      490
 205  204      490
 206  207      490
 207  205      490
 218  216      490
 224  192      480
 228  196      490
 230  224      480
 248  216     1928

   0    2      353
   1    0      353
   2   10      353
  10   42      297
  10   18       56
  18  114       56
  25  153     1547
  25    1      353
  25   57     1524
  25   27      672
  27   59      672
  30  158      147
  42   50      297
  44   76      525
  50   58      297
  52   44      525
  57   89     1524
  58   90      297
  59   61      672
  60   52      525
  60   62      147
  61   60      672
  62   30      147
  68  196      297
  76   84      525
  84  212      525
  89  217     1524
  90   92      297
  92   68      297
 114  242       56
 152  248      147
 153  249     1547
 158  152      147
 196  220      822
 204  196      525
 212  204      525
 218  219      822
 219  217      878
 220  218      822
 228  229       56
 229  237       56
 235  243       56
 236  228       56
 237  235       56
 242  244       56
 243  251       56
 244  236       56
 248  249      147
 249  217     1694
 251  219       56

   4   36      360
  26  154     1555
  26  122      224
  26   58     1958
  26   28      360
  28    4      360
  34   66      360
  36   34      360
  58  186     1958
  66   90      360
  90  218      360
 122  250      224
 154  250     1555
 186  218     1958
 250  218     1778

   3   35       40
   8   40       40
  13  141       40
  16    8       40
  19  115      383
  24   16       40
  27  155     1076
  27  123     1609
  27    3       40
  27   59      989
  27   19      383
  33   57       40
  35   33       40
  40   42       40
  42   44       40
  44   45       40
  45   13       40
  56   24       40
  57   56       40
  59  187      989
 107  235      383
 115  107      383
 123  251     1609
 141  237       40
 155  187     1076
 187  219     1729
 187  189      336
 189  221      336
 194  218       40
 204  212       40
 212  244       40
 218  219       40
 221  219      336
 226  194       40
 227  251      383
 234  226       40
 235  227      383
 236  204       40
 237  236       40
 242  234       40
 244  242       40
 251  219     1992

   1   33      196
   2    3      518
   3  131      518
   4    2      518
   6   14       90
   7    1      196
   8   40      106
   9    8      106
  10   18      262
  14   22       90
  15    9      106
  16  144       90
  18   50      262
  22   16       90
  23   15      106
  28  124     1744
  28    4      518
  28   29      196
  28   60     1638
  29   31      196
  31    7      196
  33   39      196
  36   37      262
  37   45      262
  38    6       90
  39   63      106
  39   38       90
  40  168      367
  42   10      262
  44   42      262
  45   44      262
  48   40      262
  50   48      262
  55   23      106
  60  188     1377
  60   36      262
  63   55      106
  92  220      547
 124  252     1196
 124   92      547
 130  226      518
 131  130      518
 144  152       90
 152  248       90
 168  174      367
 174  206      367
 188  220     1377
 192  193      131
 193  225      131
 194  218      478
 196  220      498
 200  208      131
 204  196      498
 205  237      498
 206  207      498
 207  205      498
 208  240      131
 218  220      478
 224  192      131
 225  233      131
 226  194      478
 226  224       40
 232  200      131
 233  232      131
 236  204      498
 237  236      498
 238  206      131
 240  246      131
 246  238      131
 248  224       90
 252  220     1196

   0    1       47
   1    3       47
   2   34       88
   3   35       47
   4    2       88
   5    4       88
   8   40       47
   9    8       47
  11   43       47
  12   13       47
  12   20       45
  13   11       47
  20   52       45
  25   57      516
  27   25      516
  29  125     1805
  29    5       88
  29   61     1687
  29   27      516
  32    0       47
  33   35      516
  34   35       88
  35   67      650
  36   44       91
  37   36       91
  40   32       47
  41    9       47
  43   41       47
  44   12       91
  46   47       45
  47  175       45
  52   54       45
  54   46       45
  57   33      516
  61  189     1596
  61   37       91
  67   91      650
  91  219      650
 125  253     1805
 174  206       45
 175  174       45
 189  221     1596
 197  221       45
 206  214       45
 214  246       45
 216  217       45
 217  249       45
 219  221      650
 225  227       45
 227  229       45
 229  197       45
 232  234       45
 234  242       45
 238  232       45
 242  250       45
 246  238       45
 248  216       45
 249  225       45
 250  248       45
 253  221     1805

   6   38     1505
  30  126     1140
  30    6     1505
  30   62     1451
  38   70     1505
  62  190     1451
  70   94     1505
  94  222     1505
 102  230     1140
 126  102     1140
 190  222     1451
 230  254     1140
 254  222     1140

  12   14       33
  13   12       33
  14   15       33
  15   47       33
  16   24      583
  17   16      583
  23   17      583
  24  120      583
  29   61       33
  31  159      978
  31  127      896
  31   63     1608
  31   23      583
  31   29       33
  35   43       33
  37   35       33
  43   45       33
  45   13       33
  46   54       33
  47   46       33
  52   84       33
  54   52       33
  61   37       33
  63  191     1070
  63   95      537
  84   85       33
  85  213       33
  95  223      537
 120  121      583
 121  249      583
 127  255      896
 159  191      978
 191  223     2048
 213  221       33
 221  223       33
 249  255      583
 255  223     1478

   0  128     1327
   0   24       99
   0    1       16
   1    7       16
   7   39       16
  10   18       51
  11   10       51
  12   20       16
  14   12       16
  16   48       99
  18   19       51
  19  115       51
  20   52       16
  24   16       99
  29  157      231
  32  160      141
  32   38      645
  32    0     1442
  32   64     1231
  32   34      638
  34   42      638
  35  163       88
  35   67      499
  38   62      645
  39   47       16
  42   43      638
  43   11       51
  43   51      587
  46   14       16
  47   46       16
  48   49       99
  49   57       99
  51   59      587
  52   60       16
  57  185       99
  59   35      587
  60   61      660
  61  189      429
  61   29      231
  62   60      645
  64  192     1231
  67   99      499
  99  227      499
 115  123       51
 123  251       51
 128  224     1327
 141  237      429
 152  248      231
 153  152      231
 155  153      231
 157  155      231
 160  168      141
 161  167       88
 163  161       88
 167  199       88
 168  200      141
 173  141      429
 181  173      429
 185  217       99
 189  181      429
 192  224     1231
 193  225      141
 197  221       75
 199  231       13
 199  197       75
 200  201      141
 201  193      141
 217  249       99
 218  250       75
 220  218       75
 221  220       75
 225  224      141
 226  224      563
 227  251      513
 228  230      429
 229  227       13
 230  224      429
 231  229       13
 234  226      563
 236  228      429
 237  236      429
 242  234      563
 243  242      563
 245  243      563
 248  224      405
 249  248       99
 250  248       75
 251  253      563
 253  245      563

   0    2      276
   1  129     1716
   1    0      276
   2   26      276
   3    5      134
   4   12       32
   4    6      171
   5    7      134
   6   14      171
   7   15      134
  12  108       32
  14   22      171
  15  143      134
  16   18      221
  18   50      221
  20   21       77
  21  149       77
  22   23      204
  23  119      204
  26  154       73
  26   28      203
  28    4      203
  33    1     1993
  33   65     1572
  33   41      397
  33   35      134
  35    3      134
  37   69        3
  40   46       95
  40   42       81
  41   40      175
  41   49      221
  42   43        3
  42   44       77
  43   45        3
  44   52       77
  45   37        3
  46  174       95
  48   16      221
  49   48      221
  50   51      221
  51   53      221
  52   20       77
  53   55      221
  54   22       34
  54   62      188
  55   54      221
  56  184      188
  62   56      188
  65  193     1572
  69  101        3
 101  229        3
 108  110       32
 109  237      204
 110  238       32
 111  109      204
 119  111      204
 129  225     1163
 129  131      553
 131  227      553
 143  239      134
 146  242       73
 149  245       77
 154  146       73
 174  175       95
 175  207       95
 184  190      188
 190  222      188
 193  225     1572
 195  197      164
 196  220      164
 197  229      164
 198  196      164
 204  236       95
 205  204       95
 207  205       95
 219  195      164
 220  221      164
 221  219      164
 222  198      164
 222  254       23
 224  225      127
 226  234      302
 227  225     1060
 228  226      302
 229  228      302
 230  224      127
 231  229      134
 232  233      174
 233  225      174
 234  235      302
 235  227      507
 236  238       95
 237  235      204
 238  230      127
 239  231      134
 240  232      174
 242  240      174
 243  242      101
 245  243       77
 248  250       23
 250  251       23
 251  243       23
 254  248       23

   0    6      355
   2  130      717
   2   98      132
   5   29       47
   5   13      153
   6   38      355
   8  104      504
  12  140      507
  13   12      153
  20   12      355
  24    0      355
  28   60       47
  29   28       47
  32   56      355
  32   33      770
  33   39      609
  33   41      160
  34    2      849
  34   66     1525
  34   42      598
  34   32     1124
  37    5      199
  38   46      355
  39  167      281
  39   63      129
  39   37      199
  40  168       94
  40    8      504
  41  169      160
  42   40      598
  46   54      355
  52   20      355
  53  181       47
  54   52      355
  56   24      355
  57   59      129
  59   91      129
  60   61       47
  61   53       47
  63   57      129
  66  194     1525
  85  213      129
  91   93      129
  93   85      129
  96  224      504
  98  122      132
 104   96      504
 122  250      132
 130  226      717
 140  236      507
 146  242       94
 148  146       94
 150  148       94
 160  184       94
 166  198      281
 167  166      281
 168  160       94
 169  177      160
 172  204       47
 177  209      160
 180  172       47
 181  180       47
 182  150       94
 184  190       94
 190  182       94
 192  216      281
 194  226     1525
 198  192      281
 201  233      101
 204  236       47
 206  207      101
 206  238       60
 207  201      101
 208  210      281
 209  215      160
 210  242      281
 213  221      129
 214  206      160
 215  214      160
 216  208      281
 221  253      129
 224  226      938
 225  224      434
 227  226      129
 230  254       60
 233  235      101
 234  226      655
 235  234      101
 236  234      554
 238  230       60
 242  244      375
 244  246      375
 246  254      375
 248  249      434
 249  225      434
 250  226      132
 251  227      129
 253  251      129
 254  248      434

   0    6      493
   2  130      253
   2   26       59
   3   99     1528
   4   36       59
   6   30      493
  10   18      259
  16  144      665
  17  145       37
  18   19      259
  19  147      259
  22   16      665
  23   17       37
  26   28       59
  28    4       59
  30   22      493
  32    0      493
  33   39      950
  34    2      311
  35  163       16
  35   34      311
  35    3     1528
  35   67      319
  35   43      259
  35   33      950
  35   37      713
  36   68       59
  37   45      713
  38  166       93
  38   32      493
  38   70      127
  39   63      950
  42   10      259
  43   42      259
  44   46      713
  45   44      713
  46   38      713
  49   57      722
  49   51      185
  51  179       14
  51   53      172
  52   54      172
  53   52      172
  54   22      172
  55   49      908
  55   23       37
  57  185      722
  60   62        5
  61   60        5
  62  190        5
  63   55      945
  63   61        5
  66  194      319
  67   66      319
  68   69       59
  69  197       59
  70  102      127
  99  227     1528
 100  108      127
 102  100      127
 108  236      127
 130  131      253
 131  227      253
 137  233       18
 144  240      665
 145  151       20
 145  137       18
 147  243      259
 149  245       14
 151  247       20
 160  192       16
 161  160       16
 163  161       16
 166  174       93
 174  206       93
 179  181       14
 181  149       14
 184  185        5
 185  217      727
 190  184        5
 192  200       16
 194  195      319
 195  227      319
 197  199       59
 199  223       59
 200  232       16
 206  214       93
 214  215       93
 215  247       93
 217  249      786
 223  217       59
 224  225      794
 225  227      811
 232  224      681
 233  225       18
 234  235      399
 235  227      399
 236  244      127
 240  232      665
 242  234      399
 243  242      399
 244  245      127
 245  243      140
 246  254      113
 247  246      113
 248  224      113
 249  251      786
 251  227      786
 254  248      113

   1    9      272
   3   99       10
   4  100      804
   4   12      382
   7    1      272
   9   17      199
   9   11       73
  11  107       73
  12   20      382
  16  144      169
  17  113      181
  17   49       19
  18   16      169
  20   21      382
  21   23      382
  23   31      382
  30  158      382
  31   30      382
  34   42      169
  35    3       10
  36  164      419
  36   60      671
  36   37      272
  36    4     1186
  36   68     1143
  36   44      237
  36   34      169
  37   39      272
  39    7      272
  40   46       19
  41   40       19
  42   50      169
  44   45      237
  45   53      237
  46  174       19
  49   41       19
  50   18      169
  53   85      227
  53   61       10
  59   35       10
  60  188      671
  61   59       10
  65  193       10
  67   65       10
  68  196     1143
  77  205      227
  85   77      227
  99   67       10
 100  228      804
 106  234       73
 107  106       73
 113  121      181
 121  249      181
 144  240      169
 156  252      379
 158  254        3
 158  156      379
 164  196      419
 174  206      690
 181  183      671
 182  174      671
 183  182      671
 188  189      671
 189  181      671
 193  217       10
 195  197      400
 196  228     2048
 197  196      435
 199  197       34
 204  196       52
 205  204       52
 205  237      175
 206  238      690
 211  219      141
 213  211      141
 217  219      259
 219  195      400
 221  213       68
 223  221       68
 225  233      100
 229  228      175
 231  199       34
 233  239      100
 234  242       73
 236  228      690
 237  229      175
 238  236      690
 239  231       34
 239  247       66
 240  241      169
 241  249      169
 242  244       73
 244  245       73
 245  213       73
 247  255       66
 249  225      100
 249  217      250
 252  228      379
 254  255        3
 255  223       68

   4   28       21
   5  101      596
   9  137      132
  12    4       21
  14   12       21
  16   22       21
  17    9      132
  20   52       21
  22   23       21
  23   55       21
  24   25      132
  24   26      177
  25   17      132
  26  154       46
  26  122      132
  28   20       21
  32   56      309
  36   44      366
  36   38      597
  37  165      718
  37   36      963
  37    5      596
  37   69     1729
  37   45       90
  38  166        5
  38   62      592
  40   32      309
  42   50       57
  42   40      309
  44   42      366
  45   53       90
  46   14       21
  48   49       35
  48   16       21
  49   81       35
  50   48       57
  51  179       90
  52   84       21
  53   51       90
  54   46       21
  55   54       21
  56   24      309
  62  190      592
  69  197     1729
  76  108       21
  81  113       35
  84   76       21
 101  229      596
 105  233       35
 108  236       21
 113  105       35
 114  242      132
 122  114      132
 133  229      718
 137  233      132
 154  156       46
 156  188       46
 160  161        5
 161  193        5
 165  133      718
 166  160        5
 178  186       90
 179  178       90
 182  214      592
 186  218       90
 188  220       46
 190  182      592
 193  225        5
 196  197      155
 197  229     1884
 202  203      592
 203  235      592
 204  196      155
 208  210      592
 210  202      592
 213  245      134
 214  208      592
 216  218       43
 218  219      134
 219  221      134
 220  222       46
 221  213      134
 222  254       46
 224  232        2
 225  231        5
 227  229      760
 231  229        5
 232  234        2
 233  235      168
 234  236      134
 235  227      760
 236  204      155
 237  229      134
 242  234      132
 245  237      134
 248  224        2
 248  216       43
 254  248       46

   1   33      135
   4  100       22
   4   12      458
   6  134     1365
   7    1      135
   8   10        7
  10  106        7
  12  140      458
  14    8        7
  20   52        8
  25  153      477
  28   20        8
  29   31      477
  31   25      477
  33   35      135
  35   43      135
  36   60      485
  36   37       55
  36    4      480
  37   69       55
  38  166     1384
  38   39      135
  38    6     1365
  38   70      184
  38   46        7
  38   36     1021
  39    7      135
  42   50      135
  43   42      135
  46   14        7
  50   58      135
  52   54        8
  54   55        8
  55   63        8
  57   89        8
  58   59      135
  59  187      135
  60   61      477
  60   28        8
  61   29      477
  63   57        8
  69   77       55
  70   71      184
  71   79      184
  77  205       55
  79   87      184
  87  215      184
  88  216        8
  89   88        8
 100  102       22
 102  230       22
 106  108        7
 108  110        7
 110  118        7
 118  246        7
 129  225      477
 130  226      458
 134  230      775
 134  135      589
 135  231      589
 138  130      458
 140  138      458
 146  242      135
 147  146      135
 153  129      477
 166  190      183
 166  198     1201
 179  147      135
 187  179      135
 190  222      183
 193  225       55
 198  230     1201
 201  193       55
 203  201       55
 205  203       55
 215  223      184
 216  217        8
 217  249        8
 220  252      183
 222  220      183
 223  255      184
 225  231     1183
 226  234      458
 228  230      326
 231  230     1772
 232  233      458
 233  241      458
 234  232      458
 240  246      135
 241  249      458
 242  240      135
 244  252      143
 246  244      143
 249  225      650
 252  228      326
 255  249      184

   3   27      132
   7  135      768
  11    3      132
  13   11      132
  18   26      383
  20   18      383
  21  149      199
  21   20      383
  26   28      383
  27  155      150
  28  156      365
  28   60       18
  29   27       18
  33   57      973
  34   42      132
  35   43      583
  37   35      583
  39   33      973
  39    7      768
  39   71     1772
  39   37      583
  42   44      132
  43   51      583
  44   45      132
  45   13      132
  51   53      583
  53   21      583
  57  185      841
  57   59      132
  58   34      132
  59   58      132
  60   61       18
  61   29       18
  71  199     1772
 133  229      150
 135  231      768
 149  245      199
 155  157      150
 156  188      365
 157  133      150
 184  216      841
 185  184      841
 188  220      365
 194  226      365
 198  230      841
 199  231     1870
 205  207       99
 207  199       99
 216  222      841
 218  194      365
 220  218      365
 222  198      841
 225  231      150
 226  228      365
 227  225      150
 228  230      365
 229  227      150
 230  231     1206
 233  235       99
 234  236      101
 235  237       99
 236  238      101
 237  205       99
 238  239      101
 239  231      101
 241  233       99
 241  243      101
 242  234      101
 243  242      101
 245  247      199
 247  241      199

   8  104     1073
  15  143        9
  21   23       13
  23   55        4
  23   15        9
  24   26       13
  26   58       13
  27   29       13
  29   21       13
  32   56       13
  39  167        4
  40   41     1131
  40    8     1073
  40   72     1878
  40   32       13
  41   43     1131
  43  171     1131
  47   39        4
  55   47        4
  56   24       13
  58   59       13
  59   27       13
  72  200     1878
 104  232     1073
 133  229        4
 139  235     1131
 143  175        9
 165  133        4
 167  165        4
 171  139     1131
 175  207        9
 194  218      161
 196  194      161
 197  221      157
 200  232     1878
 205  197      157
 207  215        9
 215  247        9
 218  250      161
 220  196      161
 221  253      157
 222  220      161
 224  232      161
 229  231      161
 231  255      161
 233  232        9
 234  232      974
 235  234      974
 235  237      157
 237  205      157
 239  233        9
 247  239        9
 248  224      161
 250  248      161
 253  229      157
 254  222      161
 255  254      161

   2    3      306
   3  131      306
   9  137     1613
  13   21      296
  16  144       36
  19  115      296
  21   19      296
  24   16       36
  32   56       36
  32   34      468
  34    2      306
  34   42      162
  40   72       98
  40   32      504
  41   40      602
  41    9     1613
  41   73     1586
  41   49      296
  42   74      162
  44   45      296
  45   13      296
  48   54      296
  49   48      296
  52   44      296
  54   52      296
  56   24       36
  72  200       98
  73  201     1747
  74   75      162
  75   73      162
 115  243      296
 131  227      306
 137  233     1613
 144  150       36
 150  182       36
 182  214       36
 200  202       98
 201  233     1747
 202  204       98
 204  205       98
 205  237       98
 208  240       36
 214  208       36
 224  225      638
 225  233      638
 226  224      638
 227  251      306
 235  233       98
 237  235       98
 240  242       36
 242  243       36
 243  251      332
 250  226      638
 251  250      638

   1    3       77
   3   99        2
   3   35       75
   4  132      185
   5    4      185
   9    1       77
  10  138     1126
  16   17      479
  17  145      402
  17    9       77
  18   20       18
  20   21       18
  21   23       18
  23   55       18
  26   27      185
  27   29      185
  29    5      185
  33   57      393
  34   58      675
  35   37       75
  36   37      400
  37   39      475
  38   36      400
  39   63       82
  39   33      393
  40   48      479
  41  169      393
  42  170      647
  42   43      229
  42   10     1126
  42   74      921
  42   34      675
  42   50       18
  42   40      479
  43   45      229
  45  173      229
  48   16      479
  49   41      393
  50   18       18
  55   87       18
  56   62      400
  57   49      393
  58  186       90
  58   26      185
  58   56      400
  62   38      400
  63   95       82
  71  199       82
  74  202      921
  85  213       18
  87   85       18
  95   71       82
  99  101        2
 101  229        2
 132  228      185
 138  234     1519
 139  138      393
 144  240      402
 145  144      402
 169  171      393
 170  202      647
 171  139      393
 173  175      229
 175  207      229
 186  188       90
 188  220       90
 193  199      229
 196  204      185
 198  196      185
 199  223      312
 201  193      229
 202  234     1753
 204  202      185
 205  237      109
 207  201      229
 212  213       90
 213  205      109
 220  212       90
 221  253      312
 223  221      312
 226  234      314
 227  226      314
 228  230      185
 229  227      314
 230  198      185
 232  234      402
 236  234      109
 237  236      109
 240  232      402
 253  229      312

   2   10      136
   4   12      715
   5    4      715
   6  102      140
   6    7       59
   7   31       59
   9   17       13
  10  106      136
  11    9       13
  11   13      715
  12   20      715
  13    5      715
  14    6      198
  17   23       13
  18   50       19
  20   21      697
  20   28       19
  21  149      697
  23  119       13
  26   18       19
  28   26       19
  30  158       59
  31   30       59
  33   65      449
  34  162      170
  34    2      136
  35   34      306
  35   33      449
  40   46      198
  42  170       32
  42   40      198
  43   42      231
  43   11      728
  43   75     2044
  43   35      755
  43   45      338
  45  173      338
  46   14      198
  48  176        9
  48   80       10
  50   48       19
  64  192      449
  65   64      449
  67  195     1008
  75  203     1036
  75   67     1008
  80  112       10
  96   98      140
  98  226      140
 102   96      140
 104  232       10
 106  107      136
 107  235      136
 111  239       13
 112  104       10
 119  111       13
 138  140       32
 140  236       32
 142  238       59
 144  240        9
 149  245      697
 150  142       59
 158  150       59
 162  164      170
 164  188      170
 170  138       32
 171  203      338
 173  171      338
 176  144        9
 188  220      170
 192  198       90
 192  193      359
 193  217      359
 194  195      170
 195  227     1178
 196  194      170
 198  206       90
 200  232      149
 203  235     1406
 204  205       32
 205  203       32
 206  200      149
 209  241      359
 217  209      359
 220  196      170
 224  232      140
 226  224      140
 227  235     1178
 232  233      299
 233  235      311
 234  235        9
 236  204       32
 237  235      697
 238  206       59
 239  233       13
 240  242        9
 241  243      359
 242  234        9
 243  235      359
 245  237      697

   3  131      170
   3   27      212
   4    5      382
   5    3      382
  12  108      816
  12   13       59
  13  141       59
  19   21      212
  21  149      132
  21   23       79
  23   31       79
  27   19      212
  31  127       75
  31   63        5
  33   41      385
  34   35      385
  35   33      385
  36    4      382
  36   34      385
  41  169      385
  44  172     1307
  44   12      875
  44   76     1058
  44   36      767
  44   46       90
  46   78       90
  53   85        5
  55   53        5
  63   55        5
  70   94       73
  72  200       16
  76  204     1058
  78   72       16
  78   70       73
  79  207        5
  85   87        5
  87   79        5
  94  222       73
  97  225       75
 103   97       75
 108  236      816
 127  103       75
 129  225       59
 131  163      170
 135  129       59
 136  232      112
 138  136      112
 140  236     1196
 141  143       59
 143  135       59
 149  151      132
 151  247      132
 162  194      170
 163  162      170
 169  175      385
 170  138      112
 172  140     1196
 172  170      112
 175  207      385
 194  202      170
 198  206       73
 200  208       16
 202  234      170
 204  236     1131
 206  204       73
 207  239      389
 208  210      260
 210  242      260
 214  208      244
 215  214      132
 222  198       73
 224  248      112
 225  233      133
 232  224      112
 233  239      133
 234  236      430
 238  236      523
 239  238      523
 242  234      260
 246  214      112
 247  215      132
 248  254      112
 254  246      112

   4    5      616
   5    7      616
   7   31      616
  13  141      313
  13  109      809
  14   46      167
  15   14      167
  28    4      616
  30  158      616
  31   30      616
  34   58      616
  34   66      144
  42   34      759
  43   42      759
  45   13     1122
  45   77     2048
  45   43      759
  45   47      167
  46  174      167
  47   15      167
  58   60      616
  60   28      616
  66  194      144
  77  205     1168
  77  109      880
 108  236     1084
 109  237      604
 109  108     1084
 140  236      313
 141  140      313
 158  254      616
 174  206      167
 193  225      144
 194  195      144
 195  193      144
 205  237     1168
 206  238      167
 221  253       92
 222  223       92
 223  221       92
 225  249      144
 228  229      523
 229  237      523
 235  237      236
 236  237     1397
 238  239      167
 239  237      167
 241  243      236
 243  235      236
 247  241      236
 248  250      523
 249  255      144
 250  252      523
 252  228      523
 253  255       92
 254  248      523
 254  222       92
 255  247      236

   2   98      404
   3    2      404
   8   16        9
  11    3      404
  12  140     1082
  13  141      250
  14  142      775
  14    8        9
  16   24        9
  19   21        9
  21   23        9
  23   31        9
  24   25        9
  25   57        9
  26   27        9
  27   19        9
  30  126        9
  31   30        9
  32   64      448
  40   32      448
  43   11      404
  44   45      654
  44   12     1082
  44   52        6
  45   13      250
  45   43      404
  46   40      448
  46   14      784
  46   78     1123
  46   44     1741
  52   60        6
  56   58        9
  57   56        9
  58   26        9
  60   92        6
  64   72      448
  72  104      448
  78  206     1123
  90   91        6
  91  219        6
  92   90        6
  96  102      404
  98   96      404
 102  230      404
 104  110      448
 110  238      448
 126  254        9
 140  142     1082
 141  237      250
 142  238     1857
 206  238     1132
 212  213      250
 213  215      250
 214  206        9
 215  247      250
 217  249        6
 219  217        6
 222  214        9
 225  227        6
 227  229        6
 228  230        6
 229  228        6
 230  238      409
 237  245      250
 244  212      250
 245  244      250
 246  238      250
 247  246      250
 249  225        6
 254  222        9

   4  132      149
   5  133      126
   6    4      149
   7    6      149
  13    5      126
  15  143     1843
  35  163      465
  37   35      465
  39    7      149
  39   37      465
  45   13      126
  47   15     1843
  47   79     1512
  47   39      615
  47   45      126
  79  207     1512
 132  228      149
 133  135      126
 135  231      126
 143  239     1843
 161  193      465
 163  161      465
 193  217      465
 207  239     1512
 217  223      465
 222  254      465
 223  222      465
 226  234      149
 228  226      149
 231  239      126
 232  238      465
 234  236      149
 236  237      149
 237  239      149
 238  239      465
 240  232      465
 246  240      465
 254  246      465

   1   25       55
   2  130      234
   4  132      310
   6    4      310
   7  135      185
   8  136      286
   8    9      185
   9   15      185
  10    2      234
  15    7      185
  16  112      475
  23  151      183
  25  121       55
  27   29      494
  28   60      267
  28   30      228
  29   28      494
  30  126      228
  32   38      310
  32   33       79
  32   34      234
  33    1       55
  33   35       24
  34   42      234
  35   67       24
  38    6      310
  39   71      267
  40    8      471
  40   32      623
  42   10      234
  48   49      183
  48   16      475
  48   80     1849
  48   40     1094
  48   50      494
  49   55      183
  50   58      494
  55   23      183
  58   59      494
  59   27      494
  60   61      267
  61   63      267
  63   39      267
  67   91       24
  71  103      267
  80  208     1393
  80   81      456
  81  209      456
  91  219       24
 103  231      267
 112  240      512
 112  118       18
 116  244      228
 118  246       18
 120  112       55
 121  120       55
 124  116      228
 126  124      228
 128  224      234
 130  128      234
 132  164      310
 135  167      185
 136  232      286
 150  246      183
 151  150      183
 164  196      310
 165  197      185
 167  165      185
 194  226       24
 195  227       24
 196  197      310
 197  205      495
 202  210      495
 204  202      495
 205  204      495
 208  240     1849
 209  208      456
 210  211      495
 211  243      495
 218  194       24
 219  195       24
 224  226      234
 226  234      258
 227  229       24
 229  237       24
 231  239      267
 232  240     1039
 233  232      495
 234  232      258
 235  233      495
 237  245       24
 238  246      267
 239  238      267
 242  240      228
 243  235      495
 244  242      228
 245  253       24
 246  240      468
 250  218       24
 252  250       24
 253  252       24

   2  130      355
   5   13      607
   7    5      607
   9   15      607
  10    2      355
  11    9      607
  13  141      607
  15    7      607
  17  145     1233
  18   10      355
  24  152      291
  40   42     1252
  41   47      266
  41   40     1252
  42   43      607
  42   50      645
  43   11      607
  47  175      266
  49   17     1233
  49   81     1344
  49   41     1518
  50   18      355
  50   58      291
  56   24      291
  58   56      291
  81  209     1344
 130  226      355
 141  237      607
 145  241     1233
 152  248      291
 175  207      266
 207  215      266
 209  241     1344
 215  247      266
 224  225      291
 225  233      291
 226  234      355
 233  241      291
 234  242      355
 237  245      607
 242  243      355
 243  241      962
 245  243      607
 247  241      266
 248  224      291

   3    5      175
   5   29      117
   5   13       57
   7   31      570
  11    3      175
  13  141       57
  16   24      605
  18  114       20
  18   16      605
  19   11      175
  21  149      942
  24   56      605
  29   21      942
  30  158      605
  31   29      825
  34   36      570
  35   34      570
  36   37      570
  37   39      570
  39    7      570
  42   43      570
  43   35      570
  48   54     1268
  49   57      640
  50   51      175
  50   18      625
  50   82     1458
  50   42      570
  50   48     1268
  51   19      175
  54  182      628
  54   55      640
  55   49      640
  56   62      605
  57  185      385
  57   63      255
  62   30      605
  63   31      255
  82  210     1458
  99  227       20
 114  122       20
 122  123       20
 123   99       20
 141  143       57
 143  239       57
 149  245      942
 150  246      628
 158  254      605
 182  150      628
 185  217      385
 198  230        5
 206  198        5
 208  214      385
 209  208      385
 210  242     1458
 214  246      385
 217  209      385
 224  232      677
 225  249       20
 226  234        5
 227  225       20
 228  226        5
 229  237      942
 230  228        5
 232  240      677
 234  242      948
 235  234      942
 237  235      942
 238  206        5
 239  238        5
 239  247       52
 240  242     1691
 245  253      942
 246  240     1013
 247  255       52
 248  224      677
 249  248       72
 253  229      942
 254  248      605
 255  249       52

   0    2      318
   2    4      318
   4  132       13
   4   28      304
   5   13      104
   6    0      149
   7    5      104
   8    0      168
  10    8      168
  12  108      104
  13   12      104
  19  147     1351
  19   21       25
  21  117       25
  28  124      304
  32   33      104
  33   57      104
  36   38      149
  37   36      149
  38    6      149
  39    7      104
  40   46      330
  40   32      104
  42   10      168
  42   40      435
  43   42      603
  45   37      149
  46   47      330
  47  175      181
  47   45      149
  51   19     1376
  51   83     1385
  51   43      603
  51   59      732
  57   63      104
  59  187      168
  59   91      564
  63   39      104
  83  211     1385
  91   93      564
  93  221      564
 108  116      104
 114  115      408
 115  243      433
 116  114      408
 117  115       25
 124  116      304
 132  228       13
 147  243     1351
 175  207      181
 185  217      168
 187  185      168
 192  198       13
 196  220       13
 198  196       13
 200  192       13
 201  233      181
 207  201      181
 211  243     1385
 217  219      168
 219  251      168
 220  252       13
 221  223      564
 223  255      564
 228  236       13
 232  200       13
 233  241      181
 234  232       13
 236  234       13
 241  243      181
 245  243      577
 251  243      168
 252  253      577
 253  245      577
 254  252      564
 255  254      564

   1    9      337
   3    1      337
   7   15       48
   8   16      337
   9    8      337
  15  143       48
  16   18      337
  18  146     1034
  20  148     1616
  33   35      337
  34   66       19
  35    3      337
  36   37      385
  37   39      385
  39   33      337
  39    7       48
  42   34       19
  44   36      385
  50   18      697
  50   42       19
  52   20     1616
  52   84     1379
  52   44      385
  52   50      716
  66   68       19
  68   69       19
  69   71       19
  71  199       19
  84  212     1379
 141  149       48
 143  141       48
 146  242     1034
 148  244     1616
 149  245       48
 193  201       19
 199  193       19
 201  233       19
 212  244     1379
 233  235       19
 235  243       19
 242  244     1053
 243  242       19
 245  244       48

   0   24       66
   5  101        5
   7    5        5
  21  117      738
  24  120       66
  31    7        5
  32    0       66
  33   32       66
  42   74      934
  42   44      376
  44   46      376
  46  174      376
  50  178      152
  50   42     1310
  50   58       72
  51   50     1534
  51   59        8
  53   21      738
  53   85     1816
  53   51     1542
  56   57       72
  57   33       66
  57   63        5
  58   56       72
  59   91        8
  63   31        5
  74  106      934
  85  213     1816
  89  217        8
  91   89        8
 100  228        5
 101  100        5
 104  232      934
 106  104      934
 114  242       66
 117  245      738
 120  122       66
 122  114       66
 136  232      376
 146  148      152
 148  244      152
 168  136      376
 174  168      376
 178  146      152
 213  245     1816
 217  249        8
 226  234        5
 228  226        5
 232  238     1315
 234  232        5
 238  239     1315
 239  247     1315
 242  243       66
 243  245       66
 244  245      152
 247  245     1323
 249  255        8
 255  247        8

   0    6        3
   0    1      423
   1    7      423
   6  102        3
   7  103      423
   8    0      426
  14    8      426
  18  146      207
  20   18      207
  22  118     1522
  22   20      207
  43  171      459
  45   43      459
  46   14      426
  52   53      459
  53   45      459
  54   22     1728
  54   86     1013
  54   46      426
  54   62      470
  54   52      459
  62   94      470
  86  214     1013
  94  222      470
  97  105      423
 102  230        3
 103   97      423
 105  233      423
 118  246     1522
 128  160      142
 129  128      142
 131  129      142
 146  242      207
 160  168      142
 163  131      142
 168  200      142
 171  203      317
 171  163      142
 192  224      142
 195  219      192
 200  192      142
 202  234      125
 203  202      125
 203  195      192
 214  246     1483
 217  249      192
 219  217      192
 222  214      470
 224  248      145
 225  231      615
 230  224        3
 231  239      615
 232  240      332
 233  225      423
 234  232      332
 239  247      615
 240  246      332
 242  234      207
 247  246      615
 248  254      145
 249  225      192
 254  246      145

   0    6      584
   1    0      584
   6  134      551
   6  102       33
   9    1      584
  15    9      584
  21   23      727
  23  151     1865
  23   15      584
  31  127      217
  53   21      727
  55   23     1722
  55   87     1430
  55   63      217
  55   53      727
  63   31      217
  65   97       33
  71   65       33
  87  215     1430
  97  225       33
 102  103       33
 103   71       33
 119  247      217
 127  119      217
 134  135      551
 135  159      551
 151  247     1865
 159  255      551
 215  247     1430
 225  231       33
 231  255       33
 255  247      584

   1    9       18
   2   10      137
   3    2      137
   5   13      622
   7    1       18
   7   39      345
   9  137       18
  10  106      137
  13  141      622
  14   15      363
  15    7      363
  24  152      469
  24   25       24
  25  153       24
  27    3      137
  29   27      137
  31   29      137
  32   38      363
  33   41      345
  34   42      116
  35   43      276
  36   34      116
  37    5      622
  38   46      363
  39   33      345
  41   43      345
  42   50      116
  43   45      622
  45   37      622
  46   14      363
  50   52      116
  52  180      116
  56  184      662
  56   32      363
  56   57      530
  56   24      493
  56   88     2048
  57   63      530
  59   35      276
  60   36      116
  61   60      116
  61   59      276
  63   31      137
  63   61      393
  88  216     1137
  88  120      911
  98  226      137
 106   98      137
 120  248      911
 129  225       18
 137  129       18
 141  237      622
 152  154      493
 153  152       24
 154  250      493
 160  192      662
 178  179      116
 179  187      116
 180  178      116
 184  160      662
 187  189      116
 189  221      116
 192  224      662
 194  226      134
 196  194      134
 204  196      134
 216  248     1137
 221  253      116
 224  248      662
 225  227       18
 226  250      271
 227  251       18
 236  204      134
 237  245      622
 242  244      134
 243  242      134
 244  236      134
 245  247      622
 247  255      622
 249  248      622
 250  248      764
 251  243      134
 253  251      116
 255  249      622

   3   99      258
   4    5        1
   5   37        1
   6    7       13
   7   15       13
  12  140        1
  13   12        1
  15  111       13
  16  144      742
  17   16      742
  25  121     1285
  27    3      258
  32   38      431
  33  161      501
  33   32      431
  34   36        1
  36    4        1
  37   45        1
  38    6       13
  38   46      418
  42   34        1
  45   13        1
  46  174      418
  48   54      363
  49   48      363
  49   17      742
  50   42        1
  52   84      362
  52   50        1
  54   52      363
  57   33      932
  57   25     1285
  57   89      516
  57   49     1105
  57   59      258
  59   27      258
  84   85      362
  85   93      362
  89  217      516
  93  221      362
  98  226      258
  99   98      258
 103  231       13
 111  103       13
 121  249     1285
 129  153      501
 138  139        1
 139  235        1
 140  138        1
 144  145      742
 145  241      742
 153  249      501
 161  129      501
 174  206      418
 197  199      220
 199  223      220
 204  205      219
 204  236      199
 205  197      220
 206  204      418
 214  222      199
 217  249      736
 219  251      362
 221  219      362
 222  254      199
 223  217      220
 224  225      199
 225  249      199
 226  227      258
 227  251      271
 229  227       13
 230  224      199
 231  229       13
 234  242      199
 235  237        1
 236  234      199
 237  205        1
 241  249      742
 242  244      199
 244  246      199
 246  214      199
 251  249      633
 254  230      199

   0    8      341
   4  132      293
   8   16      341
  16  144      341
  24    0      341
  26  122     1693
  28    4      293
  48  176       18
  56   24      341
  56   48       18
  58   26     1693
  58   90     1751
  58   56      359
  58   60      293
  60   28      293
  88  216       63
  90  218     1688
  90   88       63
 122  250     1693
 132  228      293
 144  240      341
 176  177       18
 177  209       18
 192  193      385
 193  195      385
 195  227      385
 196  198      293
 198  192      385
 209  241       18
 216  248      312
 218  250     1688
 222  216      249
 224  230      341
 227  251      385
 228  196      293
 230  254      249
 230  198       92
 232  224      341
 240  232      341
 241  249       18
 248  250      312
 249  251       18
 251  250      403
 254  222      249

   1   25      497
   3  131       10
   9    1      497
  17    9      497
  19   17      497
  20  116       83
  22   20       83
  24  152      497
  25   24      497
  27  155      791
  32   56      860
  34   32      860
  35   34      860
  35    3       10
  42   44       83
  44   45       83
  45   47       83
  46   54       83
  47   46       83
  48   50      860
  50  178      645
  50   42       83
  50   52      132
  51   19      497
  51   83      590
  52   84      132
  54   22       83
  56   48      860
  59   35      870
  59   27      791
  59   91     1347
  59   51     1087
  77  205      132
  82  210      590
  83   82      590
  84   85      132
  85   77      132
  91  219     1347
  92  220       83
 116  124       83
 124   92       83
 131  133       10
 133  229       10
 146  154      645
 152  248      497
 154  155      645
 155  251     1437
 178  146      645
 193  195       10
 194  195      132
 195  227      142
 198  199       10
 199  193       10
 202  194      132
 204  202      132
 205  204      132
 208  216      590
 210  208      590
 212  213       83
 213  245       83
 216  248      590
 219  251     1347
 220  212       83
 222  198       10
 227  251      142
 228  230       10
 229  228       10
 230  254       10
 243  251       83
 245  243       83
 248  249     1087
 249  251     1087
 254  222       10

   2    3      446
   3    5      446
   5   29      512
  10  106      183
  11   10      183
  16   17      852
  17   23      852
  18   19      183
  19   11      183
  23   31      852
  28  156     1131
  29  157      512
  31  127      852
  32   38       66
  34    2      446
  36   34      446
  37    5       66
  38   39       66
  39   37       66
  48   16      852
  50   18      183
  52   50      183
  56   32       66
  56   48      852
  58   56      918
  60   36      446
  60   28     1131
  60   92     1418
  60   52      183
  60   58      918
  70  198      175
  80   86      175
  86   94      175
  92  220     1418
  94   70      175
 106  114      183
 112   80      175
 114  242        8
 114  112      175
 124  252      852
 125  124      852
 127  125      852
 156  252     1131
 157  253      512
 193  217      175
 195  193      175
 197  195      175
 198  199      175
 199  197      175
 204  205        8
 205  213        8
 212  244      175
 213  221        8
 214  212      175
 215  214      175
 217  223      175
 220  252     1418
 221  253        8
 223  215      175
 232  238        8
 234  232        8
 236  204        8
 238  236        8
 242  234        8
 244  252      175
 253  252      520

   1   25      389
   3  131      108
   3   99      250
   5    7      178
   6   30      226
   7   39      178
   8  104       87
   9    1      389
  12   20      152
  13   12      152
  14    6      226
  16    8       87
  18   50       66
  18   16       87
  20   18      152
  21   13      152
  25  121      389
  27    3      358
  29  125      198
  29   21      152
  30  158      226
  35   43      389
  37    5      178
  37   35      389
  39   71        4
  39   47      175
  41    9      389
  42  170       66
  43   41      389
  44   46      226
  45   44      226
  46   14      226
  47   55      175
  50   42       66
  52  180      175
  53   45      226
  54   52      175
  55   54      175
  59   27      358
  61  189       23
  61   37      567
  61   29      350
  61   93     2048
  61   53      226
  61   59      358
  61   63      524
  63  191      524
  65  193        4
  71   65        4
  93  221     1122
  93  125      926
  96  224      337
  98   96      250
  99   98      250
 104   96       87
 121  123      389
 123  251      389
 125  253      243
 125  127      881
 127  255      881
 131  163      108
 138  234       66
 146  242      175
 147  243       23
 158  190      226
 163  195      108
 167  175      524
 170  138       66
 175  207      524
 178  146      175
 179  147       23
 180  178      175
 187  179       23
 189  187       23
 190  222      226
 191  167      524
 193  217        4
 195  197      112
 196  204      524
 197  221      112
 198  196      524
 202  210       92
 203  195        4
 204  236      432
 204  202       92
 206  198      524
 207  206      524
 209  211        4
 210  218       92
 211  203        4
 217  249        4
 218  250       92
 221  253     1233
 222  254      226
 224  248      337
 226  250       66
 234  226       66
 235  237       23
 236  237      432
 237  245      455
 241  209        4
 242  250      175
 243  235       23
 245  253      455
 248  250      337
 249  241        4
 250  251      669
 251  253     1058
 254  255      226
 255  253     1107

   1   97      108
  13  141       50
  16  144        4
  22   16        4
  24   25      108
  25    1      108
  30  126      672
  30   24      108
  30   22        4
  32  160      537
  36   37       50
  37   45       50
  38  166      566
  38   32      537
  38   39      440
  39   71        6
  39   47      434
  44   36       50
  45   13       50
  47   55      434
  52  180      141
  52   44       50
  54   52      191
  55   87      434
  62   38     1543
  62   30      784
  62   94     1578
  62   54      191
  65   73        6
  71   65        6
  73  105        6
  87  215      434
  94   95      211
  94  126     1368
  95  223      211
  97  121      108
 105  107        6
 106  234        6
 107  106        6
 112  114      108
 114  242      108
 120  112      108
 121  120      108
 126  254     2039
 141  237       50
 144  240        4
 156  252      537
 160  184      537
 166  198      566
 172  174      141
 174  206      141
 180  172      141
 184  186      537
 186  188      537
 188  156      537
 198  222      566
 199  231      141
 200  232        4
 202  210       10
 203  235       50
 204  202       10
 205  203       50
 206  207      141
 207  199      141
 208  200        4
 210  242       10
 212  220      434
 213  212      434
 215  213      434
 220  252      434
 222  254      776
 223  222      211
 226  228       10
 228  236       10
 229  231       50
 230  254      191
 231  230      191
 232  234        4
 234  226       10
 235  243       50
 236  204       10
 237  205       50
 240  208        4
 242  244      118
 243  245       50
 244  252      118
 245  253       50
 252  254     1090
 253  229       50

   2   10       29
   3    2       29
   5  133      826
   9  105      458
  10   11       29
  11   43       29
  17    9      458
  24  120      263
  25   24      263
  25   17      450
  29    5      826
  31  159     1070
  35    3       29
  40   48       29
  42   40       29
  43   42       29
  48   49       29
  49   17        8
  49   51       21
  51   83       21
  55  183       31
  57   25      713
  57   59       29
  59   35       29
  61   29      826
  63   57      742
  63   31     1070
  63   95     1426
  63   55       31
  63   61      826
  81  209      126
  83   91       21
  87   81      126
  91  219       21
  95  223     1300
  95   87      126
 105  107      458
 107  235      458
 120  126      263
 126  127      263
 127  255      263
 133  229      826
 151  247       31
 159  255     1070
 183  151       31
 201  207      147
 207  239      147
 209  241      147
 211  209       21
 219  211       21
 223  255     1300
 229  253     1285
 231  255      147
 233  201      147
 235  237      458
 237  229      458
 239  231      147
 241  233      147
 247  255       31
 253  255     1285

