1 3
2 1
3 1
6 1
8 2
9 1
11 1
13 2
14 2
15 1
19 1
20 3
22 1
24 2
27 2
28 2
30 1
33 1
35 2
37 1
42 2
44 2
46 2
51 1
52 1
54 2
56 4
59 1
60 3
61 1
64 3
65 1
67 3
72 7
74 5
75 3
76 2
78 1
79 1
80 2
83 1
85 7
86 2
87 1
88 1
89 1
91 4
92 1
94 1
95 4
96 1
97 1
98 3
100 3
101 3
102 1
103 1
104 1
105 1
106 1
107 3
112 5
113 1
114 2
117 1
119 1
120 1
121 2
123 2
126 3
127 2
128 48
129 1
130 1
131 5
134 1
135 1
136 2
137 5
138 1
139 2
140 4
142 2
143 1
144 1
146 2
148 1
149 2
150 1
151 1
152 1
154 1
155 2
157 1
159 3
160 2
161 1
163 1
165 1
167 1
171 1
172 2
175 1
176 1
177 1
178 2
179 2
182 1
184 1
185 1
187 1
188 4
189 2
192 1
195 1
196 1
197 1
198 2
199 5
200 4
202 1
203 2
204 1
205 1
206 2
209 1
210 3
211 1
212 1
213 2
215 2
216 3
217 3
219 2
220 2
221 1
222 2
223 1
224 2
225 3
226 2
229 1
231 1
232 1
234 1
235 6
238 1
239 2
241 5
244 4
247 1
248 1
249 2
250 1
251 1
252 1
253 1
254 2
255 4
256 4
259 1
263 1
264 1
265 1
267 1
268 1
269 1
270 2
271 1
275 1
279 1
280 3
281 1
282 2
283 2
284 1
285 1
288 5
289 2
291 1
292 1
293 4
294 2
296 4
297 1
298 2
301 3
302 1
305 2
306 2
307 1
308 1
310 3
312 1
313 1
314 1
315 4
316 1
317 2
318 2
320 1
321 1
324 1
325 1
326 2
327 1
328 1
330 2
335 1
336 1
339 1
341 12
342 3
343 7
344 2
345 2
346 1
347 2
348 2
349 1
350 2
353 2
355 2
356 1
357 3
358 1
362 3
363 2
364 1
365 1
366 2
371 1
372 2
373 1
374 1
375 1
376 2
378 2
380 2
381 1
382 1
384 4
385 3
387 1
388 1
390 1
391 1
392 1
394 3
396 1
397 1
398 2
400 1
401 2
405 1
407 4
408 1
409 1
410 1
411 1
413 2
416 1
417 1
418 1
420 1
421 2
422 1
423 1
424 2
425 1
426 1
427 1
428 1
429 2
431 1
432 2
433 2
436 2
438 2
442 1
448 2
449 1
450 2
454 1
456 1
457 2
458 1
464 1
465 2
467 3
468 3
469 1
470 2
471 2
475 3
476 3
479 2
480 1
482 1
483 2
484 1
485 2
486 1
488 1
489 3
491 3
494 1
495 1
497 2
500 1
501 2
502 3
504 1
507 1
508 1
509 1
510 1
511 1
512 1
518 1
519 3
523 1
525 1
526 2
527 1
529 2
530 3
531 1
533 2
534 3
535 1
539 1
540 2
541 2
543 1
544 4
545 2
549 1
550 3
551 2
552 1
553 2
554 1
555 1
557 3
558 1
560 1
562 1
563 1
565 1
566 1
567 2
568 1
569 1
570 1
572 2
573 1
574 2
578 1
579 2
580 3
581 1
584 1
585 1
586 3
587 1
588 2
589 1
590 1
591 2
592 1
593 2
594 1
595 4
597 1
600 1
601 1
603 1
605 1
608 2
611 2
612 1
613 1
614 2
619 1
620 2
623 1
627 1
634 1
635 1
636 1
639 1
640 1
644 2
645 1
649 1
650 3
651 1
655 1
656 2
657 1
665 1
666 1
667 1
668 1
671 1
672 2
673 1
675 2
676 1
677 2
679 1
680 1
681 2
682 1
683 1
684 1
685 2
687 4
688 3
689 2
691 1
692 1
693 1
694 1
695 1
696 1
698 2
700 2
701 1
704 1
705 1
707 1
710 3
714 2
715 1
717 1
719 1
720 1
721 1
722 2
723 1
724 1
725 3
726 2
727 1
731 1
732 1
734 2
735 1
736 1
738 1
739 1
740 1
741 1
742 1
743 1
744 2
745 1
746 1
749 1
750 1
751 1
752 1
753 1
754 1
755 1
757 2
758 1
759 1
760 3
761 2
762 1
763 1
765 1
766 2
768 1
769 1
771 1
772 2
773 1
775 1
776 1
778 1
779 2
780 1
781 1
782 2
783 1
785 1
787 1
788 2
790 1
793 2
796 1
799 1
800 1
801 1
802 1
803 1
804 1
805 1
808 1
809 1
811 2
812 1
813 2
814 1
815 1
816 2
818 2
819 2
821 1
822 1
824 1
826 1
827 3
828 1
833 1
834 1
839 1
840 2
844 2
845 2
848 2
853 1
855 2
856 3
858 2
859 1
860 1
861 1
863 2
864 2
865 1
866 2
868 2
871 2
872 1
873 2
875 2
876 1
877 2
881 1
882 1
885 1
886 1
887 1
888 1
889 1
890 1
892 2
893 2
895 1
896 4
897 4
898 1
899 1
900 2
902 2
903 2
904 2
905 2
907 1
908 1
910 1
912 1
913 4
914 1
916 1
919 1
922 1
924 1
926 2
927 3
929 1
931 1
933 1
934 1
936 1
937 2
939 3
941 1
942 1
945 1
947 1
948 1
949 1
950 2
951 2
953 2
954 1
955 3
957 1
958 1
961 1
965 1
966 1
968 3
970 1
971 2
972 1
976 1
977 1
978 1
979 2
981 1
983 2
984 1
985 3
986 3
988 1
990 1
994 1
998 1
999 1
1001 1
1002 1
1004 1
1005 1
1006 1
1007 2
1009 1
1010 3
1011 1
1013 2
1014 1
1017 1
1019 2
1020 3
1021 3
1022 1
1023 1
1025 2
1026 1
1027 1
1028 1
1029 2
1030 1
1031 2
1032 2
1033 3
1035 1
1036 1
1038 1
1039 2
1040 2
1041 1
1042 1
1043 1
1044 4
1045 3
1046 2
1047 2
1049 2
1050 1
1054 1
1055 2
1056 1
1057 1
1058 1
1061 1
1062 1
1065 3
1066 1
1067 1
1068 1
1070 1
1072 1
1073 2
1074 1
1078 1
1079 1
1082 1
1083 1
1085 1
1087 2
1089 1
1090 2
1092 1
1093 1
1095 1
1096 1
1099 2
1100 3
1102 3
1104 1
1107 2
1108 1
1110 1
1111 1
1112 4
1113 3
1114 1
1115 1
1117 2
1118 2
1119 1
1120 4
1121 2
1122 2
1123 2
1124 1
1126 2
1127 2
1129 2
1130 2
1134 2
1135 1
1136 2
1138 1
1140 3
1141 1
1144 1
1147 1
1148 1
1149 2
1150 1
1151 1
1152 1
1154 2
1155 2
1156 2
1158 1
1159 2
1160 1
1161 1
1164 1
1166 1
1167 1
1168 1
1169 1
1174 1
1176 2
1180 1
1190 1
1191 1
1196 1
1200 1
1201 1
1207 1
1208 1
1209 1
1212 1
1213 1
1214 1
1216 1
1219 1
1221 2
1222 1
1224 1
1225 1
1226 2
1230 1
1231 1
1232 1
1234 1
1238 1
1243 1
1246 1
1247 1
1249 1
1250 3
1251 1
1252 1
1253 1
1254 1
1260 1
1264 1
1266 1
1271 2
1274 2
1276 1
1278 1
1286 1
1288 1
1289 1
1291 1
1293 1
1294 1
1298 2
1299 2
1308 1
1309 2
1312 2
1314 1
1315 1
1317 1
1318 1
1322 1
1325 1
1331 2
1335 1
1336 1
1339 1
1340 1
1343 1
1346 1
1347 1
1352 1
1354 1
1358 1
1360 1
1362 1
1366 2
1373 1
1375 1
1378 1
1384 1
1387 1
1392 1
1410 1
1416 1
1421 1
1430 1
1434 1
1435 1
1438 1
1439 1
1440 1
1443 1
1446 1
1455 1
1458 1
1463 1
1464 1
1467 1
1468 1
1475 1
1483 1
1484 1
1486 1
1488 1
1493 1
1495 1
1496 1
1502 1
1508 1
1511 1
1512 1
1517 1
1524 1
1533 1
1534 1
1538 1
1560 1
1572 1
1580 1
1581 1
1594 1
1606 1
1627 1
1629 1
1630 1
1641 1
1656 1
1674 1
1679 1
1696 1
1701 1
1702 1
1704 1
1706 2
1709 1
1710 1
1812 1
