0 10
54610 1
65532 2
76454 1
87376 3
98298 2
109225 1
120142 1
152915 1
163840 1
174528 1
174760 3
196350 1
196605 1
196608 2
196857 1
218450 3
218452 1
218730 1
261798 2
261800 1
262140 2
262144 1
262476 1
273065 1
294912 1
305830 3
327250 1
327678 2
327680 4
360448 1
381794 1
382291 1
393210 1
393216 4
393726 1
436900 1
448413 1
458748 2
458752 1
479963 1
480590 1
480596 1
491517 3
523600 1
524286 1
524970 1
535906 1
546845 1
589824 2
599962 1
600743 1
601525 1
611667 2
655356 1
655360 2
688122 1
688128 1
698136 1
699048 2
709969 1
720894 1
764580 1
764582 1
764585 1
765580 1
786429 1
786432 1
819200 1
841038 1
842135 1
850860 1
851964 2
873808 2
873810 1
884736 1
917502 1
917504 2
918694 1
918696 2
928425 2
929635 1
962440 1
981756 1
983034 2
983040 5
992670 1
993958 1
1047210 1
1092264 1
1093690 1
1112658 1
1178109 1
1181178 1
1181184 1
1201486 1
1201490 1
1223336 3
1256105 1
1277946 5
1299795 3
1309014 1
1310720 1
1312420 1
1312428 1
1354408 1
1376253 3
1376256 2
1378050 1
1398100 1
1418100 1
1421790 1
1441788 1
1474560 2
1485480 1
1529171 1
1572858 1
1572864 2
1585850 1
1603539 1
1605632 2
1638396 1
1640535 1
1671165 1
1679902 1
1701720 1
1703928 1
1745350 1
1747624 2
1758547 1
1832616 1
1835008 3
1870209 1
1900542 1
1919888 1
1922382 1
1922384 1
1966077 4
1966080 1
1968642 1
1987923 1
2009768 1
2031612 2
2039873 1
2064384 2
2097144 1
2097152 2
2129919 1
2140838 1
2162682 1
2162688 2
2181688 1
2181690 1
2184530 1
2214415 2
2228220 2
2258046 1
2260989 1
2271912 1
2293758 1
2293760 3
2296746 2
2296750 1
2359296 3
2370214 1
2399860 1
2402980 3
2446672 3
2446675 1
2454400 1
2457594 2
2460798 1
2508945 1
2512210 1
2523136 1
2534056 2
2555904 1
2599590 2
2618024 1
2618030 1
2621436 1
2621440 3
2624855 1
2676050 1
2676051 1
2748928 1
2752506 3
2752512 1
2763431 1
2796200 1
2821722 1
2839890 2
2883582 1
2883584 1
2887336 1
2909214 1
2949120 2
2970964 1
2981888 1
3014652 2
3047418 2
3058344 1
3112960 1
3123874 1
3134803 2
3145725 2
3145728 3
3149820 1
3167570 1
3211260 1
3211264 1
3228904 1
3233104 1
3272535 2
3276798 1
3276800 3
3331410 1
3342330 1
3342336 1
3346686 1
3364179 1
3381620 1
3386020 1
3407868 1
3440637 1
3445120 1
3451560 1
3473406 1
3499808 1
3538944 1
3549865 2
3554490 1
3582632 1
3599790 2
3604480 1
3670016 3
3674800 1
3713705 1
3735549 1
3735552 2
3768320 1
3801084 2
3822931 2
3839776 1
3844775 1
3849784 1
3866622 2
3899392 1
3927040 1
3932154 2
3932160 8
3964928 2
4019536 1
4030461 1
4030464 1
4035717 1
4041385 1
4063230 1
4063232 1
4085070 1
4123395 1
4128768 5
4150610 1
4150612 1
4205223 2
4205225 2
4259840 1
4265390 1
4325376 2
4363821 1
4369064 2
4390908 2
4423680 1
4429440 1
4456446 1
4456448 2
4516101 1
4521978 1
4521984 1
4543824 1
4549752 1
4581550 1
4587520 2
4593498 1
4631208 2
4663974 1
4685824 1
4696745 2
4718592 4
4751360 1
4805970 2
4843356 1
4849662 2
4855986 1
4893350 1
4915197 1
4915200 1
4926119 1
4969810 1
4980732 2
4980736 2
4987224 1
5024420 3
5024425 2
5061520 1
5068112 1
5068116 1
5079040 2
5105160 1
5111802 1
5111808 1
5140340 1
5148792 1
5155496 2
5199187 1
5210109 3
5236062 1
5242878 2
5242880 4
5249712 2
5279696 1
5297490 1
5308416 3
5315337 1
5352102 2
5428563 2
5439486 2
5468450 1
5497857 1
5505021 1
5508770 1
5512199 1
5515945 1
5563310 1
5563315 1
5570556 1
5581478 1
5603328 1
5636088 1
5636094 1
5643444 1
5647015 1
5657939 1
5679784 1
5759666 1
5767164 1
5767168 2
5803301 1
5810854 1
5832702 1
5854544 2
5898240 1
5934200 1
5941928 1
5960610 1
5985620 1
6037170 1
6062080 1
6086922 1
6094848 1
6102792 1
6119641 1
6124660 1
6124664 1
6171305 2
6193152 1
6201223 1
6204072 2
6225920 1
6234036 1
6269606 1
6283272 1
6291450 1
6291456 2
6299652 1
6335140 1
6365280 1
6378832 2
6389757 2
6444370 2
6466216 2
6479622 1
6488064 2
6498985 1
6545072 1
6545076 1
6553596 1
6553600 1
6575436 1
6662825 1
6684669 1
6684672 1
6728360 1
6750204 1
6759006 1
6772050 1
6774147 1
6780880 1
6815744 1
6826665 1
6872328 1
6881274 1
6881280 1
6890250 1
6914046 1
6957734 2
6968654 1
6990504 1
6990505 1
7003230 1
7068680 1
7077888 1
7088807 1
7134132 1
7165264 1
7176186 1
7187110 1
7199577 2
7208960 2
7252648 1
7318185 2
7327720 1
7329102 1
7330480 1
7340032 4
7383720 1
7405566 1
7417750 1
7427412 1
7437096 1
7471098 1
7482025 2
7514792 1
7526830 1
7591250 1
7592288 1
7602174 2
7602176 1
7612086 1
7645862 1
7645864 2
7657728 1
7657740 1
7667712 1
7689556 1
7722323 2
7745000 1
7798782 1
7809703 1
7809705 2
7864320 3
7874568 1
7875238 1
7908008 1
7941349 1
7951696 1
7973545 1
7995390 2
8049998 1
8093310 1
8094079 1
8104614 1
8126460 1
8137385 1
8159229 1
8181075 1
8192000 2
8213840 1
8246610 1
8290304 1
8301224 3
8323068 2
8355840 1
8388608 3
8410450 2
8432296 2
8454141 1
8454144 3
8465065 1
8465166 1
8486912 1
8508600 1
8519680 1
8563368 1
8574290 2
8650746 1
8650752 2
8651090 1
8662026 1
8694440 1
8716288 1
8726770 1
8738130 1
8738132 1
8749053 1
8781822 2
8793264 1
8835850 1
8847360 4
8869203 1
8901300 1
8912892 1
8945664 2
8956585 2
9000272 1
9011200 1
9022118 1
9032202 1
9077630 1
9098579 1
9099504 1
9109500 1
9120425 1
9131342 3
9142272 1
9163100 1
9175040 2
9229650 1
9240570 1
9284260 1
9351055 1
9371646 1
9404416 1
9424908 1
9437184 2
9449487 1
9502720 4
9557331 1
9568248 1
9568254 1
9599444 1
9611940 1
9633792 2
9666560 1
9686712 1
9699324 1
9699328 1
9710246 1
9711972 1
9721170 1
9732096 1
9775785 1
9784890 1
9817614 1
9830394 1
9830400 4
9863168 2
9872155 1
9874088 1
9885010 1
9926700 1
9928701 2
9939620 1
9941643 1
9961470 1
10027008 1
10029138 1
10048848 1
10125306 1
10171320 2
10179924 1
10223613 1
10223616 2
10267300 3
10310996 1
10321920 1
10354688 1
10368186 1
10376530 1
10398374 1
10398376 2
10420224 2
10472120 1
10474835 2
10551294 1
10554115 1
10581200 1
10594980 1
10608800 1
10704210 2
10729098 1
10747904 1
10758825 1
10761912 1
10791592 1
10813440 2
10827534 1
10846206 1
10849408 1
10878976 1
10922660 1
10922664 2
10933582 1
10977280 1
11010042 1
11010048 2
11031890 1
11046270 1
11108349 1
11141120 1
11155640 1
11173888 1
11177516 1
11184808 1
11192082 1
11199392 1
11257528 1
11272188 1
11272192 1
11304954 1
11315878 1
11344800 1
11374380 1
11403264 2
11418129 1
11446952 2
11453885 1
11468800 2
11501568 1
11516562 1
11519336 1
11534336 2
11584782 1
11599866 1
11599872 1
11621712 1
11632640 1
11687250 2
11693872 1
11698173 2
11709096 1
11741865 1
11746236 1
11759319 1
11774630 1
11796480 5
11890220 1
11894778 1
11894784 1
11927544 1
11927552 1
11975910 1
11993085 3
11993088 1
12080467 1
12124160 1
12135079 1
12146000 1
12146004 1
12189690 1
12189696 1
12194650 1
12233384 3
12233385 1
12271206 1
12320766 1
12342610 2
12375374 1
12386304 2
12397225 1
12408144 1
12451840 1
12495527 2
12506450 2
12517374 2
12544730 1
12555568 1
12582909 1
12615680 2
12632123 1
12670290 2
12681216 1
12692134 2
12697446 1
12757672 1
12762900 1
12768595 3
12779520 2
12855975 1
12877821 1
12893802 1
12910590 1
12915620 1
12921510 2
12932432 1
12959250 1
12976128 2
12981066 1
12997970 2
13014910 1
13035610 1
13090152 2
13107200 2
13172733 2
13227347 1
13271040 2
13325650 1
13380265 1
13456718 1
13467645 2
13474264 1
13489490 2
13500416 1
13533184 1
13544104 1
13565952 2
13576871 1
13609638 1
13635575 1
13653330 2
13718864 1
13762560 1
13817166 1
13839014 1
13860864 1
13871780 1
13871785 1
13889870 1
13893630 3
13893632 1
13937319 2
13959168 1
13981008 1
13981010 5
13991936 1
14024700 2
14057469 1
14090240 1
14108610 1
14199460 1
14217975 1
14221308 1
14221312 3
14286846 3
14330536 1
14399165 1
14431896 1
14450688 3
14472530 1
14483454 1
14527140 1
14548992 1
14592680 2
14603603 1
14636370 3
14666391 1
14680062 1
14680064 2
14745600 2
14764824 2
14800210 1
14843898 2
14854824 5
14909440 4
14942205 1
14942208 1
14964050 2
15007740 1
15029584 2
15040512 1
15062355 2
15073272 1
15073280 1
15108220 1
15116968 1
15119127 1
15182500 2
15184576 1
15215270 1
15291730 1
15335424 1
15400956 2
15433722 1
15466494 1
15521107 1
15553872 1
15564800 1
15619410 1
15620912 1
15630336 2
15639767 1
15708186 1
15728634 1
15880380 1
15882720 1
15892480 1
15903398 1
15925248 1
15947090 1
15967880 1
15979854 1
16001705 1
16022565 1
16023546 2
16056320 5
16100883 1
16121856 1
16132774 2
16187392 1
16209235 1
16220160 2
16252926 1
16264514 1
16285696 1
16297236 1
16318458 2
16329385 1
16340304 1
16361612 1
16383486 1
16384000 3
16405356 1
16406328 1
16438610 1
16449534 1
16471377 1
16514730 1
16515072 1
16547840 1
16580604 1
16580608 1
16591526 1
16602222 1
16602450 1
16613376 1
16689832 1
16711680 1
16733460 1
16733524 1
16744448 2
16777212 1
16799030 1
16820902 1
16820904 1
16820905 2
16897363 1
16908288 1
16973824 1
16984476 1
17039358 1
17039360 1
17050278 1
17061198 1
17061568 1
17104896 1
17170428 1
17203200 2
17257810 2
17312425 1
17324055 1
17356115 1
17367040 1
17388880 1
17399808 1
17432574 1
17455298 1
17475354 1
17476264 1
17498106 1
17531857 1
17563644 1
17563648 1
17596413 1
17607336 1
17619354 1
17638978 1
17640105 2
17684975 1
17694720 2
17761534 1
17782094 1
17782100 1
17803940 1
17803945 1
17825790 1
17825792 3
17891328 1
17914650 1
17956860 1
17956864 1
17967782 3
17967785 1
17989632 1
17998960 1
18000552 1
18022400 3
18044243 2
18045894 1
18087930 1
18087936 2
18118947 1
18120702 1
18186237 1
18195312 1
18262695 1
18262696 1
18273619 1
18284544 1
18350080 1
18374004 1
18382842 1
18391668 1
18415614 1
18435300 1
18459300 3
18459305 1
18481149 1
18502995 1
18513920 1
18546684 1
18555291 1
18568530 2
18579456 2
18592740 1
18612224 2
18653470 1
18655910 1
18677760 2
18680235 1
18699600 1
18751644 1
18786985 2
18808832 1
18863438 1
18874368 1
18885286 1
18896210 1
18939900 2
18961744 2
18961748 1
18983591 2
19005440 1
19035265 1
19060050 3
19070976 1
19078895 1
19095840 2
19169280 1
19202046 1
19223886 1
19223888 1
19242528 1
19267584 2
19311272 1
19344038 1
19398654 2
19442340 1
19464192 1
19496960 1
19504328 1
19529724 1
19555188 1
19584334 1
19587996 1
19635230 1
19660800 1
19704488 1
19726332 1
19726336 1
19770020 1
19770025 1
19817676 1
19857408 1
19879250 1
19879251 1
19922944 2
19944782 2
19948908 1
19988480 4
20017025 1
20036412 1
20054016 2
20080152 1
20108627 1
20119548 1
20152314 1
20178590 1
20180650 1
20206930 1
20250621 1
20250624 2
20316156 1
20338003 1
20370770 1
20387913 1
20414464 2
20447226 1
20447232 1
20453365 1
20490918 1
20512764 1
20545533 1
20621992 3
20643840 2
20709372 1
20753065 1
20796752 1
20856976 1
20867616 1
20884136 1
20971520 1
20998791 1
21037050 2
21037056 1
21058896 2
21064482 1
21080740 1
21135360 1
21146280 1
21157201 1
21189970 2
21233664 2
21299196 1
21299200 1
21304227 1
21331962 1
21386574 1
21408424 1
21436338 1
21463040 2
21495804 1
21495808 1
21555120 1
21561344 1
21572265 1
21598753 1
21626874 1
21626880 2
21670568 1
21681490 1
21692412 1
21725181 1
21729656 1
21736100 1
21786312 1
21816920 1
21845328 1
21867174 1
21873810 1
21889020 2
21893283 1
21904192 1
21921786 1
21954558 1
21961304 1
21987328 1
22020096 2
22107472 1
22151166 2
22151168 1
22201921 1
22282236 1
22282240 2
22315005 1
22322222 2
22340528 1
22369616 2
22398784 1
22413312 1
22438702 1
22446080 1
22467918 2
22511610 2
22515064 1
22515066 1
22544384 3
22609920 1
22631760 1
22708224 2
22711416 1
22762836 1
22773760 1
22806522 1
22806528 1
22882985 1
22937600 2
22967504 1
22981288 1
23003136 1
23038668 1
23068668 2
23071395 1
23076870 1
23101434 1
23156048 2
23156050 1
23166976 2
23197174 1
23199744 1
23235025 1
23265276 1
23265280 3
23273733 1
23300472 1
23361232 1
23374505 1
23396352 1
23461884 1
23483730 1
23494653 1
23592960 1
23647570 1
23658492 1
23680336 1
23702182 1
23702185 1
23866025 1
23887872 1
23909710 2
23920638 3
23931558 1
23951825 1
24008019 1
24053155 1
24115878 1
24150016 1
24204624 1
24214308 1
24281082 1
24292008 1
24302930 1
24357545 1
24379392 2
24466770 1
24466771 1
24521385 1
24542418 1
24543232 1
24554152 4
24576000 1
24598574 1
24619686 1
24630610 1
24641532 1
24641536 1
24707070 1
24739840 1
24740387 1
24772608 1
24903678 1
24903680 1
25012900 1
25034748 1
25078440 1
25122130 2
25122132 1
25165824 5
25198632 1
25231356 1
25231360 1
25253204 1
25296894 1
25307814 1
25384275 1
25395200 1
25427968 1
25449810 2
25493931 1
25504425 1
25559037 1
25602728 1
25613650 2
25690110 1
25755642 1
25843027 2
25864872 1
25886720 1
25908564 1
25941330 1
25952256 2
26071220 1
26072398 1
26105170 1
26114859 1
26127016 1
26148861 1
26148864 1
26214400 2
26247168 1
26311212 2
26323625 1
26345472 1
26411004 1
26443773 1
26454694 1
26476544 1
26542080 2
26565742 1
26573004 1
26651305 1
26738685 1
26738688 1
26760530 1
26836992 2
26869758 1
26869760 1
26913448 1
26935290 1
26935296 1
26978980 1
26998444 1
27033597 1
27033600 1
27066366 2
27088208 1
27118432 1
27131904 1
27140248 1
27142822 1
27142825 1
27175592 1
27197440 3
27219283 1
27262974 1
27328512 1
27350352 3
27426816 1
27437736 1
27489321 1
27525114 2
27525120 2
27634343 1
27642041 1
27718404 1
27721728 1
27787264 1
27820026 1
27830946 1
27852800 2
27918333 2
27962025 4
27983868 1
28049408 1
28114938 1
28180476 2
28180480 1
28213245 2
28213248 1
28289702 1
28289705 1
28311552 1
28398930 1
28442616 1
28442622 1
28453545 2
28486312 1
28508157 1
28610940 1
28617380 1
28617385 2
28634711 1
28639230 1
28711072 1
28764060 1
28787430 1
28803069 1
28835840 3
28945060 2
28977830 2
29010600 1
29032446 1
29054291 1
29060136 1
29060144 1
29130752 1
29229054 1
29272744 1
29272745 1
29294586 1
29327360 1
29332782 1
29360128 3
29381970 1
29392896 1
29436585 1
29464026 1
29474662 1
29534888 1
29589504 2
29622272 1
29655040 1
29665958 1
29687805 1
29709650 1
29753340 1
29786112 1
29818878 1
29884416 1
29928100 2
29971792 1
29988996 1
30020088 1
30037326 1
30059176 1
30081024 1
30120237 1
30120240 1
30146556 1
30146560 1
30212094 1
30233936 1
30240546 1
30277629 1
30277632 1
30310400 1
30317100 1
30321320 1
30354086 1
30474240 1
30539772 1
30565512 1
30583460 1
30583464 1
30652780 1
30670848 1
30769146 1
30801912 1
30801918 1
30801920 2
30907692 1
30932992 1
30965760 1
30973320 1
31020368 1
31020370 1
31042214 1
31129596 1
31162365 1
31238818 1
31238825 1
31326204 1
31369896 1
31391742 1
31457277 1
31457280 3
31479118 1
31500966 1
31544656 1
31566500 1
31577427 2
31588350 1
31599271 1
31653882 2
31719420 1
31719424 2
31730342 1
31765440 1
31784960 1
31852704 1
31894184 1
31916028 1
32003410 1
32047104 1
32088879 1
32200020 1
32243706 2
32243712 1
32265555 1
32309244 1
32331090 2
32376312 1
32398130 1
32418470 1
32440320 1
32482611 1
32571392 1
32636925 3
32636928 1
32658770 1
32680616 1
32735232 1
32768000 1
32800768 2
32833530 1
32877222 2
32986450 2
32987190 1
33030144 2
33117520 1
33150290 1
33161208 1
33161214 1
33161216 1
33204904 1
33204905 1
33292284 1
33292288 1
33336256 1
33412435 1
33477970 1
33554432 8
33587200 1
33619968 1
33696425 1
33718058 1
33729192 1
33751038 1
33751040 2
33762231 1
33816230 1
33816573 1
33860664 1
33903498 1
33903952 1
33948160 1
33969490 1
33991336 1
34067124 1
34078720 2
34100563 1
34123150 1
34133330 2
34166096 1
34242560 1
34253478 2
34254384 1
34275324 1
34308090 2
34351785 1
34362702 2
34406400 1
34427100 1
34482854 1
34482855 2
34537470 1
34558007 1
34559315 1
34570240 1
34603008 1
34624850 2
34712230 1
34777768 1
34799616 1
34819812 1
34930686 1
34994344 1
35018067 1
35039912 1
35116370 1
35127296 1
35170982 1
35192832 2
35216839 1
35247443 1
35280210 2
35291133 1
35389440 2
35444046 1
35487738 2
35520504 1
35676186 1
35684352 1
35771730 1
35782656 1
35826340 1
35829306 1
35859110 1
35935571 1
35979264 2
36044796 1
36044800 2
36077562 1
36241408 1
36274176 1
36394323 1
36419900 1
36427090 1
36438012 1
36477896 1
36525392 1
36569088 1
36700160 1
36717879 1
36787536 1
36813630 1
36853075 1
36864000 3
36874920 1
36918610 3
37005990 1
37137060 1
37224444 1
37246286 2
37246290 1
37317841 1
37453824 2
37486592 1
37552122 1
37552128 1
37683200 1
37748736 3
37770579 1
37797948 1
37830546 1
37923494 1
37945341 1
38010876 1
38043648 2
38076416 1
38120100 1
38141952 1
38152870 1
38338560 1
38393170 2
38535165 1
38567936 1
38611622 1
38622544 1
38633472 1
38659592 1
38666240 1
38731776 2
38764544 1
38775460 1
38830080 1
38840998 1
38847888 1
38928384 1
39022880 1
39103145 1
39223296 1
39234216 1
39266985 1
39321600 2
39372860 1
39376211 1
39419901 1
39430820 1
39452672 1
39518208 1
39583744 1
39649278 1
39671120 1
39714813 1
39758504 2
39845888 1
39911424 1
40108032 1
40206330 1
40217254 1
40239096 1
40370172 1
40402944 1
40501248 1
40523090 1
40632318 1
40644927 1
40676006 1
40677648 1
40686930 1
40719696 1
40741540 1
40763388 2
40841280 1
40894464 1
40959996 1
41287680 1
41299440 1
41343070 1
41353212 1
41364134 1
41396900 1
41418752 1
41506130 2
41593512 1
41615360 1
41669971 1
41680890 1
41680896 1
41735232 1
41746432 1
41779197 1
41811966 1
41822728 1
41822886 2
41877504 3
41943036 1
41943040 32
41975802 2
41975808 1
42030416 1
42052260 1
42128723 1
42139644 1
42161490 2
42270714 1
42324830 1
42336252 1
42379940 1
42434560 1
42467328 1
42510276 1
42511014 1
42522696 1
42860538 2
42893312 2
43110240 1
43144530 1
43253757 1
43373902 1
43472210 1
43515900 1
43581440 1
43603280 1
43655664 1
43657894 1
43690660 1
43734350 1
43799890 1
43810816 1
43843581 1
43909116 1
44018340 1
44040186 2
44040192 2
44193107 1
44236800 1
44477096 1
44498940 1
44498944 1
44564472 1
44673700 1
44695548 1
44695552 1
44728317 1
44728320 1
44739240 2
44797568 1
44815694 2
44892156 1
45030132 1
45110610 1
45187072 2
45296290 1
45296295 1
45350912 1
45416448 1
45438288 1
45481980 1
45492902 1
45547520 1
45613056 1
45645824 1
45656743 1
45776896 1
45798739 1
45809664 1
45815540 1
45951654 1
46137344 2
46257486 1
46268412 1
46312104 1
46465020 1
46486867 1
46547472 1
46596096 2
46639782 1
46749008 1
46755279 1
46792701 1
46792704 2
46858236 1
46869158 1
46906390 1
46945619 1
46967460 1
46989306 1
47120382 1
47185920 1
47316990 1
47448064 2
47458983 1
47557286 1
47579130 2
47699278 1
47775744 1
47841280 1
47884968 2
47939584 1
47972349 1
48059726 1
48059728 1
48070656 3
48136192 1
48147112 1
48234492 1
48398336 1
48537993 1
48605860 1
48660480 2
48693246 2
48758778 1
48767667 1
48824320 1
48900775 1
49020924 1
49108304 1
49250304 1
49283072 2
49348602 1
49348608 1
49414140 1
49621671 1
49632592 1
49676280 1
49719976 1
49741821 1
49938432 1
50003532 2
50003964 1
50135040 5
50233344 1
50266110 2
50331645 1
50331648 32
50593788 1
50681170 1
50845011 1
50855936 1
50899620 2
50943310 1
50987004 1
51074387 1
51160690 1
51511293 1
51533139 1
51554980 1
51554984 1
51729744 1
51762515 1
51784359 1
52254032 1
52319570 1
52396029 1
52426071 1
52428800 4
52592634 1
52789248 1
52796953 1
53084160 1
53302608 1
53575677 1
53706752 1
53826894 1
53957970 2
53968896 1
54263808 1
54351184 1
54591488 1
54716848 1
54853632 1
54875472 1
54908238 1
54941010 1
55050240 1
55268690 1
55487140 1
55487144 1
55515732 1
55661904 1
55705600 1
55712601 1
56098812 1
56120659 1
56254941 1
56426496 1
56579411 1
56819709 1
56918016 1
56950784 1
57016314 1
57114624 1
57147384 1
57160340 1
57212928 1
57334872 1
57344000 1
57409533 1
57409536 1
57420454 1
57551527 1
57780900 1
57791822 1
57802752 1
57901050 1
57933824 1
58032128 2
58097664 1
58108582 1
58195968 1
58261504 1
58271840 1
58720256 21
58753024 1
58873166 1
58982400 1
59091620 1
59179005 1
59233614 1
59244544 1
59671760 1
59681448 1
59746980 1
59867136 1
59899896 1
60118352 1
60675406 1
60730024 1
61254312 1
61276160 1
61341696 1
61850980 1
62040740 1
62237351 1
62324730 1
62619642 1
62914554 1
63133010 1
63215320 1
63504378 1
63700992 2
63755601 1
64050512 1
64192509 1
64225280 1
64487421 1
64487424 1
64556283 1
64574800 1
64676271 1
64782333 1
65099088 1
65142780 1
65426770 2
65470464 1
65601536 1
65667069 1
65754450 1
66116193 1
66322432 1
66409808 2
66650112 1
66671952 1
66715644 1
66748410 1
66846717 1
66846720 2
66934096 1
67108864 26
67502076 1
67633152 1
67895292 1
67928058 1
67938980 1
68321277 1
68355670 1
68364967 1
68583424 1
68812800 1
68911101 1
68965710 1
69107706 1
70287360 1
70555936 1
70888103 1
70909944 1
71002392 1
71172090 1
71543460 1
71565309 1
71761914 1
71761920 1
71827452 1
72089600 1
72155133 1
72198820 1
72541270 1
72548352 1
72744960 1
73039869 1
73291086 1
73531386 1
74055680 1
74132135 1
74252288 2
74711034 1
75070932 1
75399165 1
75475620 2
75497472 18
75792760 1
77813073 1
77958276 1
78457511 1
79080100 1
79418702 1
79533180 1
79659008 1
79740860 1
79779150 1
79953912 1
79953920 2
80276900 1
80379904 1
81100800 1
81373860 1
81483090 1
81701540 1
82575360 1
82903040 1
83230720 1
83623936 1
83886080 19
84148224 1
84945575 1
85590012 1
87348558 1
88069454 1
88189607 1
88309760 1
89391096 1
90112000 1
91073191 1
91794087 1
92274688 13
93452801 1
97255416 1
98566140 1
100663296 4
108341922 1
110865062 1
