2 1
8 1
10 5
16 1
18 1
20 3
26 5
28 2
29 1
30 1
34 7
35 2
36 1
37 2
38 1
39 1
40 1
41 1
42 5
45 1
49 1
52 4
53 1
54 1
55 1
56 1
57 1
64 5
67 1
68 4
69 1
70 1
71 2
73 1
74 2
76 1
80 2
81 1
83 1
85 2
87 1
89 3
90 1
94 7
96 1
97 4
102 11
103 1
104 1
106 3
108 1
110 1
114 1
118 2
120 1
123 1
124 1
126 1
128 1194
135 1
136 2
138 4
142 1
153 1
154 3
155 1
156 1
158 1
159 5
160 1
162 2
163 1
165 2
166 1
167 4
170 7
174 1
175 1
177 1
180 1
181 2
184 1
189 2
190 2
192 4
193 1
199 2
200 1
202 3
204 1
207 2
208 4
210 1
214 1
215 1
216 1
217 1
218 4
219 2
222 1
224 1
226 1
227 1
230 9
231 2
234 1
236 2
237 1
242 2
248 1
249 1
252 1
255 1
256 629
258 1
261 1
263 2
266 5
267 1
276 4
280 2
282 2
283 1
284 3
285 1
286 2
288 1
290 4
291 1
292 2
293 1
294 1
295 3
298 2
301 1
308 1
313 1
316 2
320 1
323 1
324 1
325 4
327 1
330 1
332 4
335 1
336 1
341 2
342 1
343 3
345 1
346 1
347 3
348 1
349 1
350 3
354 1
355 2
358 9
364 2
369 1
370 2
377 2
380 2
381 1
383 2
384 435
389 2
390 2
391 2
392 4
394 2
395 2
399 1
404 4
409 2
410 7
412 2
417 1
418 2
419 1
420 2
421 2
423 2
424 1
426 1
429 2
430 1
433 1
436 2
438 2
441 3
442 1
443 1
448 3
452 2
453 1
454 1
455 1
460 2
463 1
465 1
467 2
468 2
470 1
471 1
473 2
475 1
478 1
480 1
481 1
485 1
486 5
487 1
488 1
492 1
494 1
498 1
499 2
502 2
503 1
504 1
505 1
506 1
508 1
509 1
511 2
512 326
514 1
517 2
520 2
523 1
525 1
527 1
532 3
537 4
538 7
540 2
542 1
545 1
546 1
547 3
549 1
551 2
553 1
554 2
557 2
558 1
560 1
563 1
564 4
567 1
568 1
572 1
573 1
574 1
575 2
576 1
577 1
578 3
579 1
580 1
581 3
582 3
584 1
585 1
588 1
589 1
591 1
594 1
595 2
598 5
599 2
600 1
601 1
603 3
604 2
605 1
606 1
608 3
610 1
614 7
615 3
622 1
625 1
626 1
629 1
630 1
636 1
638 1
639 1
640 243
646 1
647 2
648 2
650 2
651 1
655 1
656 2
660 2
663 2
664 1
665 1
666 13
669 1
670 2
672 4
676 1
677 1
678 2
679 2
680 1
682 1
689 1
691 1
692 4
694 1
697 1
698 1
699 2
700 1
701 2
703 1
704 5
705 1
708 1
709 2
710 3
711 1
714 1
716 5
718 1
723 1
726 2
728 2
730 1
732 1
733 1
738 4
742 4
743 1
748 1
750 1
758 2
760 1
762 1
768 183
773 2
774 1
779 2
780 1
781 1
790 1
791 2
794 6
795 2
798 1
802 2
803 1
804 1
805 1
806 1
808 1
812 1
814 1
819 2
820 1
824 1
825 2
826 1
827 1
829 2
830 2
831 1
832 4
833 3
835 2
837 1
838 2
840 2
841 1
842 1
844 4
845 1
847 1
852 1
854 1
858 2
859 2
862 1
863 1
866 1
868 1
870 7
872 1
878 1
886 2
888 1
890 2
892 1
894 1
895 1
896 175
898 3
902 1
903 1
904 2
906 1
907 1
911 1
912 1
916 1
919 1
920 1
921 2
922 6
928 1
929 1
931 2
934 2
935 1
938 2
945 2
946 1
947 1
948 1
951 1
952 1
953 1
955 1
956 3
958 1
959 1
960 5
963 1
964 2
966 1
967 1
972 4
975 1
976 1
979 1
982 1
985 1
991 2
995 1
996 3
998 3
1004 2
1006 1
1007 1
1011 1
1013 1
1014 1
1015 3
1016 2
1017 1
1022 4
1024 144
1030 1
1032 1
1033 1
1035 1
1039 1
1046 1
1049 1
1050 6
1051 1
1055 1
1058 1
1060 1
1061 2
1062 1
1063 3
1067 1
1068 1
1071 3
1073 2
1074 1
1075 1
1076 2
1080 1
1081 1
1083 1
1085 1
1088 2
1090 1
1092 1
1093 3
1094 4
1098 2
1100 3
1102 1
1104 2
1106 1
1107 1
1110 2
1111 1
1113 2
1116 1
1117 1
1122 1
1124 1
1125 4
1126 7
1127 1
1128 1
1129 1
1132 1
1133 1
1141 1
1142 2
1143 1
1144 3
1146 1
1147 1
1148 1
1151 1
1152 99
1154 2
1157 1
1159 1
1160 2
1169 1
1178 3
1179 1
1180 2
1183 1
1184 1
1189 1
1190 1
1191 1
1195 1
1198 1
1200 1
1206 1
1211 1
1213 1
1216 2
1217 2
1222 1
1225 1
1226 1
1227 1
1228 1
1229 2
1231 1
1234 1
1235 1
1238 3
1240 1
1243 1
1244 1
1251 2
1254 4
1258 2
1259 1
1260 1
1270 1
1271 1
1272 2
1274 1
1276 1
1280 59
1281 1
1283 1
1286 1
1287 1
1288 2
1293 1
1294 2
1295 1
1299 1
1302 1
1305 1
1306 4
1307 1
1308 2
1310 1
1312 1
1314 2
1318 1
1319 1
1321 1
1322 1
1327 1
1331 1
1333 1
1334 1
1336 2
1337 2
1343 1
1345 1
1347 1
1348 1
1349 1
1350 1
1351 2
1354 1
1359 1
1362 1
1366 3
1367 2
1368 1
1372 1
1373 1
1374 1
1376 1
1380 1
1382 7
1383 1
1386 2
1388 1
1399 1
1402 1
1405 1
1407 1
1408 29
1409 3
1410 1
1412 1
1416 1
1421 1
1423 2
1431 2
1432 1
1434 5
1436 1
1439 1
1440 1
1444 1
1445 1
1462 1
1464 2
1466 1
1467 1
1468 1
1472 1
1478 1
1479 1
1482 1
1483 1
1487 1
1490 1
1494 1
1495 1
1497 1
1502 1
1504 1
1505 1
1507 1
1509 1
1510 2
1511 1
1512 1
1516 2
1519 1
1521 1
1526 2
1535 2
1536 39
1539 1
1540 3
1542 1
1544 2
1547 1
1551 1
1552 1
1555 1
1558 1
1562 5
1563 1
1564 1
1565 1
1572 1
1574 1
1583 1
1584 2
1586 2
1592 1
1600 4
1603 1
1604 1
1609 1
1612 2
1620 1
1623 1
1625 4
1629 1
1632 2
1636 1
1638 1
1639 1
1644 1
1645 1
1654 2
1656 1
1659 1
1661 1
1664 31
1665 1
1666 1
1686 1
1690 3
1695 1
1696 3
1697 1
1699 2
1705 1
1712 1
1713 1
1717 1
1718 1
1726 1
1727 1
1728 1
1730 1
1738 1
1740 1
1742 1
1743 1
1746 2
1747 1
1750 1
1753 1
1754 1
1755 1
1760 1
1766 2
1770 1
1777 1
1784 1
1785 1
1792 18
1793 1
1798 1
1800 1
1802 1
1808 2
1812 1
1813 1
1815 1
1817 1
1818 6
1819 1
1824 1
1825 1
1826 1
1827 1
1833 1
1834 1
1840 1
1843 1
1844 2
1851 1
1861 2
1870 1
1877 1
1881 1
1884 1
1894 1
1895 1
1899 1
1900 1
1909 1
1920 13
1927 1
1928 1
1939 1
1942 1
1946 3
1948 2
1951 2
1953 1
1959 2
1960 1
1962 1
1964 1
1966 1
1969 1
1974 1
1982 1
1984 3
1985 1
1995 1
1996 1
1999 1
2002 1
2019 1
2020 1
2022 1
2031 1
2036 1
2043 1
2048 30
2067 1
2073 1
2074 2
2075 2
2079 1
2080 1
2082 1
2089 2
2090 1
2092 1
2095 1
2101 1
2102 2
2105 1
2107 1
2109 1
2112 1
2114 2
2115 1
2116 1
2117 1
2124 1
2125 1
2136 1
2138 1
2144 1
2152 1
2156 1
2159 1
2166 1
2169 1
2172 1
2173 1
2176 15
2185 1
2190 1
2205 1
2207 2
2209 1
2215 1
2226 1
2230 1
2240 1
2244 1
2260 1
2268 1
2273 1
2276 1
2277 1
2278 1
2288 1
2300 1
2303 1
2304 9
2319 1
2322 1
2327 1
2328 1
2329 1
2330 2
2332 1
2334 1
2338 1
2339 1
2340 1
2356 1
2360 1
2361 1
2366 1
2368 1
2379 1
2383 1
2387 1
2393 1
2396 2
2398 1
2401 1
2420 1
2432 11
2442 1
2452 1
2458 2
2459 1
2465 1
2466 1
2467 1
2468 2
2473 1
2483 1
2484 1
2485 1
2489 1
2494 1
2495 1
2496 2
2500 1
2513 1
2515 1
2533 1
2534 1
2540 1
2542 1
2544 1
2549 1
2550 2
2552 2
2560 9
2563 1
2565 1
2566 1
2572 1
2585 1
2586 4
2587 1
2588 1
2594 1
2599 1
2602 1
2616 1
2628 1
2637 1
2649 1
2654 1
2661 1
2662 1
2678 1
2688 8
2712 1
2713 1
2714 2
2716 1
2719 1
2726 1
2752 1
2754 2
2770 1
2780 1
2781 2
2782 1
2784 1
2786 1
2790 3
2794 1
2803 1
2804 1
2806 1
2808 1
2813 1
2815 1
2816 4
2819 1
2838 1
2841 1
2842 4
2852 1
2867 1
2868 2
2875 1
2880 1
2890 1
2892 1
2905 3
2912 1
2918 1
2941 1
2944 7
2947 1
2951 1
2966 1
2970 1
2971 1
2972 1
2976 1
2981 1
2988 1
3002 1
3005 1
3007 1
3008 1
3009 1
3022 1
3034 1
3046 3
3047 1
3048 1
3062 1
3072 5
3074 1
3089 1
3091 1
3092 1
3098 2
3099 1
3105 1
3110 1
3111 1
3115 1
3119 1
3124 1
3127 1
3135 1
3136 1
3137 1
3140 2
3145 1
3158 1
3163 1
3173 1
3174 2
3175 1
3193 1
3200 3
3201 1
3206 1
3208 1
3214 1
3215 1
3224 1
3226 1
3231 1
3232 1
3239 1
3252 1
3264 1
3271 1
3273 1
3291 1
3292 1
3294 1
3302 1
3304 1
3317 2
3328 5
3333 1
3336 1
3337 2
3342 1
3354 2
3367 1
3383 1
3392 2
3407 1
3433 2
3445 1
3448 1
3456 4
3471 1
3473 1
3482 2
3484 1
3505 1
3507 1
3509 1
3510 1
3520 1
3523 1
3543 1
3550 1
3557 1
3558 1
3564 1
3569 1
3572 1
3573 1
3580 1
3582 1
3584 3
3588 1
3590 1
3605 1
3627 1
3631 1
3635 1
3637 2
3641 1
3660 1
3668 2
3680 1
3682 1
3701 1
3704 1
3710 1
3713 1
3721 1
3727 1
3729 1
3734 1
3738 2
3742 1
3750 1
3760 1
3763 1
3764 1
3766 1
3781 1
3783 1
3800 1
3803 1
3805 1
3813 2
3832 1
3836 1
3839 1
3840 1
3853 1
3862 2
3866 2
3869 1
3871 1
3896 1
3901 1
3909 1
3916 1
3918 1
3925 1
3937 1
3944 1
3949 1
3968 2
3969 1
3981 1
3986 1
3994 1
4000 1
4002 1
4010 1
4018 1
4020 1
4021 2
4026 1
4027 1
4029 1
4042 1
4043 1
4066 1
4069 1
4071 1
4073 1
4088 2
4093 1
4121 1
4123 2
4135 1
4146 1
4157 1
4192 1
4203 1
4204 1
4212 1
4213 1
4221 1
4223 2
4224 1
4234 1
4237 1
4242 1
4246 1
4249 1
4250 1
4257 1
4274 1
4275 2
4276 3
4277 2
4284 1
4285 1
4288 1
4295 1
4311 1
4314 1
4323 1
4324 1
4329 1
4340 1
4341 1
4352 1
4366 1
4372 1
4381 1
4383 1
4386 1
4388 1
4392 1
4395 1
4402 1
4406 1
4414 1
4431 1
4438 1
4440 1
4444 1
4449 1
4453 1
4461 1
4463 1
4469 1
4480 1
4489 1
4495 1
4502 1
4506 2
4512 1
4519 1
4521 1
4530 1
4532 1
4533 1
4537 1
4548 1
4558 1
4571 1
4584 1
4589 1
4600 2
4613 1
4621 1
4634 2
4640 1
4650 1
4654 1
4663 1
4679 1
4691 1
4698 1
4724 1
4739 1
4770 1
4773 1
4786 1
4787 1
4794 1
4795 1
4811 1
4812 1
4819 1
4823 1
4826 1
4852 1
4858 1
4867 1
4873 1
4885 1
4890 2
4893 1
4903 1
4907 1
4917 1
4920 1
4929 2
4935 1
4961 1
5005 1
5024 2
5031 1
5083 1
5093 1
5097 1
5102 1
5113 1
5138 1
5147 1
5151 1
5156 1
5157 1
5165 1
5169 1
5171 1
5173 1
5185 1
5198 2
5214 1
5223 1
5226 1
5233 1
5247 2
5256 1
5293 1
5306 1
5307 1
5311 1
5315 1
5323 1
5336 1
5339 1
5361 1
5374 1
5395 1
5403 1
5409 1
5413 1
5435 1
5474 1
5479 1
5483 1
5485 1
5495 2
5503 1
5508 1
5528 1
5531 1
5550 1
5554 1
5555 2
5559 1
5562 1
5574 1
5617 1
5620 1
5641 1
5646 1
5677 1
5684 2
5685 1
5702 1
5714 1
5718 1
5731 1
5747 1
5768 1
5783 1
5803 1
5841 1
5854 1
5881 1
5972 1
6033 1
6067 1
6084 1
6094 1
6117 1
6141 1
6163 1
6299 1
6303 1
6314 1
6351 1
6382 1
6479 1
6503 1
6540 1
6603 1
6642 1
6692 1
6707 1
6762 1
6784 1
7147 1
7252 1
7361 1
