O  0 OPTIQ_Alltoallv  msg = 8388608 chunk = 32768  1024 3010.0000 340199.3355   500 4 2 3.91 4  -1124073472 8388608 4194304 -2248146.94 8388608  64000 192 64 128.00 128  1488 4 2 2.98 2  64000 128 64 64.78 64  1 1 1.00 1  4194304 2097152 2130977.03 2097152  96768 256 64 86.71 64  
O  1 OPTIQ_Alltoallv  msg = 8388608 chunk = 32768  2048 37513.0000 54594.4073   865 10 1 3.38 3  17248314466 117440512 1677720 19940247.94 13421768  460834 3328 26 532.76 357  6111 14 2 7.06 7  460859 2432 25 488.72 394  4 1 2.36 2  29360128 819200 6667217.69 5570560  526395 2944 25 558.21 406  
O  2 OPTIQ_Alltoallv  msg = 8388608 chunk = 32768  4096 102845.0000 39826.9240  1859 20 1 3.63 3  24491014841 117440512 645277 13174295.23 9786707  878468 3328 18 472.55 255  12477 14 1 6.71 6  878468 4905 22 876.71 576  8 1 3.75 3  59342848 393216 9943073.86 7274496  1009565 5929 22 1005.54 578  
O  3 OPTIQ_Alltoallv  msg = 8388608 chunk = 32768  8192 155765.0000 52592.0457  3770 18 1 3.68 2  35292394111 125829120 1048576 9361377.75 9437184  1863442 3584 16 494.28 256  28037 15 2 7.44 7  1863442 6442 15 986.99 637  11 1 4.15 3  92274688 458752 10303432.26 7274496  2125586 8490 15 1125.84 637  
O  4 OPTIQ_Alltoallv  msg = 8388608 chunk = 32768  2048 27898.0000 73410.2803   761 10 1 2.97 3  17358464818 109051904 1677720 22810072.03 16777212  464192 3072 26 609.98 425  5520 14 2 7.25 7  464217 1579 26 483.06 389  3 1 1.95 2  20971520 819200 6116323.86 5046272  529753 1835 26 543.89 486  
O  5 OPTIQ_Alltoallv  msg = 8388608 chunk = 32768  2048 6624.0000 309178.7440   604 3 1 2.36 2  2726296918 25165824 8388606 4513736.62 12582912  148674 512 170 246.15 256  2012 5 3 3.33 3  148699 384 85 126.44 128  1 1 1.00 1  8388608 2785280 3488684.53 2818048  214210 384 85 174.58 128  
O  6 OPTIQ_Alltoallv  msg = 8388608 chunk = 32768  4096 38179.0000 107284.1091  1423 10 1 2.78 2  28671960342 117440512 1048576 20148953.16 14680064  874990 3328 25 614.89 384  9690 14 1 6.81 6  875015 2773 32 779.18 678  4 1 2.35 2  29360128 819200 7997729.16 6979584  1006087 3285 32 895.89 768  
O  7 OPTIQ_Alltoallv  msg = 8388608 chunk = 32768  8192 72322.0000 113271.2038  3549 12 1 3.47 3  39835932490 117440512 1677720 11224551.28 12582912  1871048 3328 26 527.20 344  27093 15 2 7.63 7  1871048 4247 21 991.02 815  7 1 3.55 3  44400640 688128 9149271.66 7208960  2133217 4247 21 1128.09 899  
O  8 OPTIQ_Alltoallv  msg = 8388608 chunk = 32768  4096 61860.0000 66214.0317  1542 10 1 3.01 3  29142739664 109051904 2396744 18899312.36 15099489  889356 3072 37 576.75 408  11403 14 2 7.39 7  889381 3298 26 831.20 729  5 1 2.91 3  37748736 819200 8534299.31 7274496  1020453 3554 26 919.33 819  
O  9 OPTIQ_Alltoallv  msg = 8388608 chunk = 32768  4096 67417.0000 60756.1891  1497 9 1 2.92 3  20166963165 117440512 2396744 13471585.28 13981010  877566 3328 37 586.22 344  10263 14 2 6.86 6  877591 3481 29 767.80 647  4 1 2.40 2  33554432 917504 7742105.88 6291456  1008663 3737 29 865.06 752  
O  10 OPTIQ_Alltoallv  msg = 8388608 chunk = 32768  4096 4811.0000 851382.2490  1024 3 1 2.00 2  4294967290 13981010 2796202 4194303.99 8388608  131070 340 170 128.00 170  2050 5 1 2.00 3  131095 128 85 127.65 128  1 1 1.00 1  8388608 2785280 4190180.03 4194304  262142 341 85 170.55 128  
O  11 OPTIQ_Alltoallv  msg = 8388608 chunk = 32768  8192 71218.0000 115027.0999  4006 14 1 3.91 4  48239396552 117440512 1290554 12041786.46 10485760  1865328 3328 20 465.63 260  29506 15 2 7.37 7  1865328 4247 25 920.69 742  6 1 3.11 3  50331648 589824 7336666.23 5603328  2127497 4247 25 1049.58 896  
O  12 OPTIQ_Alltoallv  msg = 8388608 chunk = 32768  8192 58031.0000 141165.9286  2075 7 1 2.03 2  31768733723 117440512 2396744 15310233.12 25165824  1886998 3328 36 909.40 640  16300 15 2 7.86 8  1886998 3520 43 1107.39 917  5 1 2.60 2  41943040 1179648 11238921.97 8388608  2149142 3520 51 1061.83 831  
O  13 OPTIQ_Alltoallv  msg = 8388608 chunk = 32768  8192 51423.0000 159306.1471  2700 9 1 2.64 2  35628350342 125829120 2097152 13195685.31 16777216  1873712 3584 42 693.97 459  20451 15 1 7.57 7  1873712 3404 28 1030.64 876  5 1 2.81 3  41943040 917504 9620306.45 8388608  2135881 3404 36 1074.39 917  
O  14 OPTIQ_Alltoallv  msg = 8388608 chunk = 32768  8192 47422.0000 172746.8264  3316 13 1 3.24 3  30940005086 117440512 1398101 9330520.23 13421768  1861688 3328 29 561.43 357  24273 15 1 7.32 7  1861688 3456 28 949.36 852  5 1 2.81 3  37748736 622592 8061360.71 6979584  2123832 3456 37 1049.84 955  
O  15 OPTIQ_Alltoallv  msg = 8388608 chunk = 32768  8192 7397.0000 1107476.0038  1024 1 1 1.00 1     0 16777216 16777216 0.00 16777216  262144 256 256 256.00 256  2048 2 2 2.00 2  262144 256 256 256.00 256  1 1 1.00 1  8388608 8388608 8388608.00 8388608  524288 512 256 343.57 256  
O  16 OPTIQ_Alltoallv  msg = 8388608 chunk = 32768  1024 25422.0000 40280.0724   207 4 1 1.62 1  6322213928 92274688 18874368 30542096.27 41943040  291242 2560 512 1406.97 1152  2056 11 9 9.93 10  291242 1707 64 586.00 554  3 1 1.93 2  25165824 2097152 9950477.68 8388608  324035 1707 64 650.67 640  
O  17 OPTIQ_Alltoallv  msg = 8388608 chunk = 32768  1024 4132.0000 247821.8780   523 6 2 4.09 4  3397385774 16777216 1398101 6495957.50 5592404  70836 384 51 135.44 102  1628 5 1 3.11 3  70836 179 42 80.96 64  1 1 1.00 1  4194304 1376256 2085316.87 2097152  103629 435 42 114.25 64  
O  18 OPTIQ_Alltoallv  msg = 8388608 chunk = 32768  1024 7160.0000 143016.7598   435 5 1 3.40 4  3858200124 25165824 3355442 8869425.57 8388608  84932 512 52 195.25 192  1574 5 2 3.62 4  84957 341 51 109.48 85  1 1 1.00 1  8388608 1671168 2450313.60 2097152  117700 597 51 151.29 115  
O  19 OPTIQ_Alltoallv  msg = 8388608 chunk = 32768  2048 33990.0000 60253.0156   896 13 1 3.50 3  15705709306 100663296 699050 17528693.42 10485760  413750 2816 20 461.77 256  5635 13 1 6.29 6  413775 2560 21 518.52 355  4 1 2.29 2  33554432 622592 6379059.16 4194304  479311 2688 25 600.64 413  
O  20 OPTIQ_Alltoallv  msg = 8388608 chunk = 32768  2048 33280.0000 61538.4615   682 10 1 2.66 2  15513857103 109051904 838860 22747591.06 13981010  407886 3072 29 598.07 340  4238 13 1 6.21 6  407911 2304 26 515.04 384  3 1 1.88 2  25165824 819200 6864200.04 5406720  473447 2368 26 597.79 402  
O  21 OPTIQ_Alltoallv  msg = 8388608 chunk = 32768  2048 31334.0000 65360.3115   919 13 1 3.59 3  15332745529 109051904 699050 16684162.71 10485760  402334 3072 20 437.80 256  5598 13 1 6.09 6  402359 2646 22 483.60 320  4 1 2.24 2  29360128 622592 6134919.63 4194304  467870 2900 22 563.02 339  
O  22 OPTIQ_Alltoallv  msg = 8388608 chunk = 32768  4096 50790.0000 80645.7964  1376 13 1 2.69 2  22210814682 109051904 1290554 16141580.44 13981010  808868 3072 20 587.84 344  8726 13 2 6.34 6  808893 3349 23 860.52 703  5 1 2.75 2  37748736 622592 9722207.68 8388608  939965 4373 23 999.96 704  
O  23 OPTIQ_Alltoallv  msg = 8388608 chunk = 32768  4096 48741.0000 84036.0272  1106 9 1 2.16 2  13683655584 100663296 932067 12372202.16 19573414  810796 2816 29 733.09 510  7099 12 1 6.42 6  810821 3627 28 912.06 746  4 1 2.38 2  33554432 917504 10356755.24 8388608  941893 4488 28 1058.31 768  
O  24 OPTIQ_Alltoallv  msg = 8388608 chunk = 32768  4096 69740.0000 58732.4348  1328 14 1 2.59 2  13282323194 100663296 1198372 10001749.39 14680064  798544 2816 18 601.31 384  8287 12 1 6.24 6  798569 3840 25 866.13 598  5 1 2.72 2  41943040 589824 9997261.93 8388608  929641 4864 25 1008.29 613  
O  25 OPTIQ_Alltoallv  msg = 8388608 chunk = 32768  8192 73071.0000 112110.1395  2237 11 1 2.18 2  25848059913 109051904 1398101 11554787.62 19573414  1706318 3072 23 762.77 512  15762 14 1 7.05 7  1706318 4480 23 1260.21 1045  6 1 2.97 2  44728320 753664 12142801.73 8388608  1968462 6528 23 1453.81 1045  
O  26 OPTIQ_Alltoallv  msg = 8388608 chunk = 32768  8192 73562.0000 111361.8444  1881 10 1 1.84 1  21565530805 117440512 838860 11464928.66 25165824  1706684 3328 25 907.33 640  13254 14 1 7.05 7  1706684 4650 25 1247.58 1024  5 1 2.60 2  41943040 819200 12635048.16 8388608  1968828 6698 25 1439.20 1024  
O  27 OPTIQ_Alltoallv  msg = 8388608 chunk = 32768  8192 73083.0000 112091.7313  2159 15 1 2.11 1  29657126836 117440512 1118480 13736510.81 20971520  1691488 3328 17 783.46 561  15012 14 1 6.95 7  1691488 4706 26 1280.46 1003  6 1 2.93 2  46137344 557056 12500803.24 8388608  1953632 6754 26 1478.90 1003  
O  28 OPTIQ_Alltoallv  msg = 8388608 chunk = 32768  2048 34128.0000 60009.3765   742 11 1 2.90 2  15520826373 109051904 838860 20917555.76 12582912  408100 3072 23 550.00 320  4512 13 1 6.08 6  408125 2006 23 505.73 362  3 1 1.93 2  25165824 753664 6638196.94 4751360  473636 2176 23 581.15 433  
O  29 OPTIQ_Alltoallv  msg = 8388608 chunk = 32768  2048 35476.0000 57729.1690  1141 18 1 4.46 3  15137571284 92274688 466033 13266933.64 6291456  396386 2560 17 347.40 160  6658 12 1 5.84 5  396411 2645 14 490.61 245  5 1 2.75 2  37748736 458752 6254652.93 3932160  461947 2901 14 571.72 273  
O  30 OPTIQ_Alltoallv  msg = 8388608 chunk = 32768  2048 50283.0000 40729.4712  1141 19 1 4.46 3  14819769471 92274688 441505 12988404.44 5991860  386672 2560 16 338.89 144  6456 12 1 5.66 5  386697 2901 13 523.27 261  5 1 2.69 2  37748736 425984 6174146.56 3670016  452233 3157 13 611.95 304  
O  31 OPTIQ_Alltoallv  msg = 8388608 chunk = 32768  2048 13246.0000 154612.7133   609 5 1 2.38 2  3770958266 41943040 3355442 6192049.70 12582912  180516 1024 51 296.41 256  2283 6 2 3.75 4  180541 512 51 147.14 128  1 1 1.00 1  8388608 1671168 3531595.24 2818048  246052 768 51 199.39 128  
O  32 OPTIQ_Alltoallv  msg = 8388608 chunk = 32768  2048 13673.0000 149784.2463   495 3 1 1.93 2  8819222762 41943040 8388606 17816611.64 16777216  203558 1024 170 411.23 384  2070 6 3 4.18 4  203583 640 85 205.64 172  1 1 1.00 1  8388608 2785280 4259745.02 4194304  269094 896 85 271.81 213  
O  33 OPTIQ_Alltoallv  msg = 8388608 chunk = 32768  2048 2234.0000 916741.2713   896 4 3 3.50 4  995447552 10485760 2097152 1110990.57 6291456  95744 256 128 106.86 128  2224 5 1 2.48 3  95769 170 64 89.25 64  1 1 1.00 1  2818048 2097152 2376269.35 2097152  161280 341 64 129.75 85  
O  34 OPTIQ_Alltoallv  msg = 8388608 chunk = 32768  4096 38749.0000 105705.9537  1756 14 1 3.43 3  18284656295 100663296 1198372 10412674.43 10066326  820124 2816 19 467.04 255  10957 12 2 6.24 6  820149 3072 25 817.70 725  5 1 2.80 2  37748736 589824 7967482.24 5865472  951221 3584 25 948.38 894  
O  35 OPTIQ_Alltoallv  msg = 8388608 chunk = 32768  4096 42401.0000 96601.4952  1447 11 1 2.83 2  18458592866 100663296 1525200 12756456.71 11744047  825440 2816 24 570.45 312  8989 13 2 6.21 6  825465 2732 23 820.54 733  4 1 2.37 2  33554432 753664 8248154.00 6291456  956537 3244 23 950.83 853  
O  36 OPTIQ_Alltoallv  msg = 8388608 chunk = 32768  4096 48543.0000 84378.7982  1374 13 1 2.68 2  19106060502 109051904 645277 13905429.77 12582912  845206 3072 26 615.14 320  8768 13 1 6.38 6  845231 3072 19 893.48 752  4 1 2.38 2  33554432 622592 8681323.61 7012352  976278 3584 19 1033.10 902  
O  37 OPTIQ_Alltoallv  msg = 8388608 chunk = 32768  8192 83026.0000 98667.8872  2474 11 1 2.42 2  22994314450 109051904 1198372 9294387.41 18874368  1750286 3072 23 707.47 510  17451 14 1 7.05 7  1750286 4010 37 1121.98 1003  5 1 2.77 2  41943040 753664 10455574.16 8388608  2012455 5034 37 1288.38 1044  
O  38 OPTIQ_Alltoallv  msg = 8388608 chunk = 32768  8192 57454.0000 142583.6321  2400 9 1 2.34 2  22510945106 117440512 1048576 9379560.46 16777216  1735550 3328 28 723.15 459  16693 14 1 6.96 7  1735550 4204 32 1115.39 961  5 1 2.75 2  41943040 917504 10784256.51 8388608  1997694 5228 32 1283.87 982  
O  39 OPTIQ_Alltoallv  msg = 8388608 chunk = 32768  8192 95779.0000 85530.2311  2836 13 1 2.77 2  26423146451 117440512 645277 9317047.41 14680064  1723856 3328 24 607.85 384  19407 14 1 6.84 6  1723856 4484 28 1136.36 959  6 1 3.14 3  44761088 622592 10528595.37 8388608  1986000 5508 28 1309.16 974  
O  40 OPTIQ_Alltoallv  msg = 8388608 chunk = 32768  4096 41615.0000 98426.0483  1710 11 1 3.34 3  29019235467 109051904 2287800 16970313.14 12582912  885590 3072 37 517.89 340  12078 14 2 7.06 7  885615 3051 25 800.01 700  5 1 2.96 3  37748736 753664 8155197.16 6946816  1016687 3307 25 908.57 792  
O  41 OPTIQ_Alltoallv  msg = 8388608 chunk = 32768  4096 69720.0000 58749.2828  1371 10 1 2.68 2  18081169507 109051904 838860 13188307.44 13981010  813922 3072 29 593.67 340  8805 13 1 6.42 6  813947 3908 26 934.50 656  5 1 2.87 3  41943040 819200 10106254.37 8388608  945019 4164 26 1054.71 797  
O  42 OPTIQ_Alltoallv  msg = 8388608 chunk = 32768  4096 85492.0000 47910.9156  1593 13 1 3.11 2  18063122452 100663296 762600 11339059.92 10066326  813362 2816 20 510.59 256  9877 13 1 6.20 6  813387 4438 22 976.45 669  6 1 3.23 3  44728320 622592 10106862.61 7831552  944459 4694 22 1112.44 777  
O  43 OPTIQ_Alltoallv  msg = 8388608 chunk = 32768  4096 46763.0000 87590.6165  1666 12 1 3.25 3  34014400795 117440512 699050 20416807.20 12582912  906954 3328 23 544.39 320  11548 14 1 6.93 6  906979 2688 21 773.21 723  4 1 2.44 2  33554432 688128 7186570.03 5865472  1038051 2944 21 884.20 844  
O  44 OPTIQ_Alltoallv  msg = 8388608 chunk = 32768  4096 48113.0000 85132.9163  1613 11 1 3.15 3  20198734857 109051904 762600 12522464.26 12582912  878530 3072 28 544.66 320  10868 14 1 6.74 6  878555 2987 23 756.07 632  4 1 2.44 2  33554432 753664 7420959.70 5767168  1009627 3243 23 868.87 764  
O  45 OPTIQ_Alltoallv  msg = 8388608 chunk = 32768  4096 65853.0000 62199.1405  1998 18 1 3.90 3  22146058534 109051904 466033 11084113.38 6990505  806852 3072 15 403.83 172  11859 13 1 5.94 5  806877 3925 14 799.68 491  6 1 3.13 3  50331648 458752 8117774.33 5177344  937949 4181 14 928.66 640  
O  46 OPTIQ_Alltoallv  msg = 8388608 chunk = 32768  4096 14062.0000 291281.4678   859 4 1 1.68 2  -511705346 41943040 6291456 -595698.89 16777216  377570 1024 128 439.55 384  3399 6 3 3.96 4  377595 768 64 234.09 213  1 1 1.00 1  8388608 2097152 4903554.30 4194304  508642 1024 64 313.40 256  
O  47 OPTIQ_Alltoallv  msg = 8388608 chunk = 32768  4096 7643.0000 535915.2165  1201 4 1 2.35 2  3026888474 16777216 2097152 2520306.81 8388608  223226 384 85 185.87 128  3225 5 1 2.69 2  223251 341 64 134.08 128  1 1 1.00 1  8388608 2097152 3599887.40 4194304  354323 597 64 199.06 128  
O  48 OPTIQ_Alltoallv  msg = 8388608 chunk = 32768  4096 12917.0000 317101.4942  1078 4 1 2.11 2  5644134460 33554432 5592404 5235746.25 12582912  303238 768 85 281.30 256  3603 5 2 3.34 3  303263 512 64 178.39 128  1 1 1.00 1  8388608 2097152 3949894.55 4194304  434335 768 64 253.40 214  
O  49 OPTIQ_Alltoallv  msg = 8388608 chunk = 32768  8192 51363.0000 159492.2415  2745 9 1 2.68 2  21641498508 117440512 1198372 7883970.31 16777212  1840078 3328 32 670.34 425  19539 15 1 7.12 7  1840078 2901 32 903.33 796  4 1 2.29 2  33554432 917504 8088013.44 6979584  2102222 3413 32 1032.02 896  
O  50 OPTIQ_Alltoallv  msg = 8388608 chunk = 32768  8192 49066.0000 166958.7902  2737 14 1 2.67 2  25351373984 125829120 599186 9262467.66 16777212  1822200 3584 29 665.77 425  19255 15 1 7.04 7  1822200 3584 32 901.19 768  4 1 2.28 2  33554432 589824 8076124.42 6717440  2084344 4096 32 1030.83 849  
O  51 OPTIQ_Alltoallv  msg = 8388608 chunk = 32768  8192 70797.0000 115711.1177  3280 12 1 3.20 3  32102489081 125829120 838860 9787344.23 12582909  1766096 3584 22 538.44 320  22462 15 1 6.85 6  1766096 3747 32 900.15 706  5 1 2.70 2  41943040 688128 7984306.62 6127616  2028265 4259 32 1033.25 764  
O  52 OPTIQ_Alltoallv  msg = 8388608 chunk = 32768  8192 94561.0000 86631.9096  2557 13 1 2.50 2  30232913506 109051904 1198372 11823587.61 14680064  1709058 3072 20 668.38 387  17832 14 1 6.97 6  1709058 6701 25 1433.77 1152  7 1 3.57 3  54525952 655360 12915886.25 8388608  1971202 6957 25 1575.70 1288  
O  53 OPTIQ_Alltoallv  msg = 8388608 chunk = 32768  8192 132869.0000 61654.7125  2189 8 1 2.14 1  21789805488 117440512 1398101 9954228.18 19573414  1713540 3328 32 782.80 512  15223 14 1 6.95 6  1713540 6025 32 1423.21 1131  6 1 3.15 3  50331648 1048576 13381400.02 8650752  1975684 6281 32 1554.43 1216  
O  54 OPTIQ_Alltoallv  msg = 8388608 chunk = 32768  8192 101263.0000 80898.2550  2208 11 1 2.16 1  25819353124 117440512 932067 11693547.61 19573414  1705434 3328 26 772.39 512  15265 14 1 6.91 6  1705434 5456 23 1395.61 1033  6 1 3.12 3  50331648 753664 13198279.61 8421376  1967603 5712 23 1543.22 1194  
O  55 OPTIQ_Alltoallv  msg = 8388608 chunk = 32768  8192 56131.0000 145944.3088  2732 10 1 2.67 2  23766605856 109051904 1048576 8699343.29 16777212  1773852 3072 26 649.29 430  19508 14 1 7.14 7  1773852 3626 29 1135.63 1062  5 1 2.96 3  41943040 819200 10119144.08 8388608  2035996 3882 29 1266.17 1204  
O  56 OPTIQ_Alltoallv  msg = 8388608 chunk = 32768  8192 97128.0000 84342.3112  3129 14 1 3.06 2  34343485815 109051904 838860 10975866.35 11184808  1703422 3072 28 544.40 296  20932 14 1 6.69 6  1703422 5191 18 1331.84 1055  7 1 3.75 3  58720256 589824 11538456.95 8388608  1965566 5447 18 1489.07 1234  
O  57 OPTIQ_Alltoallv  msg = 8388608 chunk = 32768  8192 80830.0000 101348.5092  2662 10 1 2.60 2  25606434505 109051904 932067 9619246.62 14680064  1698930 3072 26 638.22 384  18065 14 1 6.79 6  1698930 4693 26 1359.14 1136  6 1 3.34 3  50331648 819200 11889079.15 8388608  1961074 4949 26 1514.34 1306  
O  58 OPTIQ_Alltoallv  msg = 8388608 chunk = 32768  8192 52712.0000 155410.5327  3684 13 1 3.60 3  42288974900 109051904 932067 11479091.99 11184808  1814812 3072 23 492.62 296  26215 15 1 7.12 7  1814812 3117 32 906.95 750  5 1 2.86 3  41943040 622592 7436373.93 5668864  2076956 3373 32 1033.83 900  
O  59 OPTIQ_Alltoallv  msg = 8388608 chunk = 32768  8192 58378.0000 140326.8355  3234 13 1 3.16 3  31685584061 117440512 645277 9797645.04 10485760  1753346 3328 22 542.16 260  21460 14 1 6.64 6  1753346 3776 28 1058.78 934  5 1 2.86 3  41943040 622592 8812860.46 7012352  2015515 4032 28 1202.57 1096  
O  60 OPTIQ_Alltoallv  msg = 8388608 chunk = 32768  8192 113485.0000 72185.7514  4325 20 1 4.22 3  33847537144 109051904 419430 7826020.15 6291456  1688206 3072 13 390.34 160  27173 14 1 6.28 6  1688206 5846 17 1166.69 866  8 1 4.01 3  67108864 393216 9435858.38 6782976  1950350 6102 17 1344.14 1103  
O  61 OPTIQ_Alltoallv  msg = 8388608 chunk = 32768  8192 16176.0000 506429.2779  2546 6 1 2.49 2  5219670102 41943040 2796202 2050145.37 12582912  552386 1024 43 216.96 256  8013 6 2 3.15 3  552386 747 51 270.51 256  2 1 1.49 1  12582912 1376256 4970301.50 4194304  814530 1003 51 398.30 384  
O  62 OPTIQ_Alltoallv  msg = 8388608 chunk = 32768  8192 13128.0000 624009.7502  2727 5 1 2.66 2  -2991659741 25165824 5033163 -1097051.61 11184808  695072 512 102 254.89 256  10108 6 3 3.71 4  695072 790 64 339.89 341  2 1 1.62 2  12582912 1671168 5015358.79 4882432  957216 1046 64 467.85 470  
O  63 OPTIQ_Alltoallv  msg = 8388608 chunk = 32768  8192 4893.0000 1674228.4897  1536 2 1 1.50 2  75497472 20971520 4194304 49152.00 8388608  133376 512 256 86.83 256  2578 5 1 1.68 1  133376 128 128 128.00 128  1 1 1.00 1  8388608 4194304 5027307.74 4194304  395520 384 128 199.05 256  
O  64 OPTIQ_Alltoallv  msg = 8388608 chunk = 32768  2048 60806.0000 33680.8868   501 9 1 1.96 1  15056991289 92274688 1398101 30053874.83 20971520  393960 2560 51 786.35 512  3243 12 1 6.47 6  393960 3452 29 840.00 512  6 1 2.70 2  50331648 950272 12557768.91 8388608  459496 3708 29 924.54 640  
O  65 OPTIQ_Alltoallv  msg = 8388608 chunk = 32768  2048 66628.0000 30737.8279   490 7 1 1.91 1  10850623866 100663296 1677721 22144130.34 19573414  396668 2816 36 809.53 512  3133 12 1 6.39 6  396693 3523 36 940.03 640  6 1 2.78 2  50331648 1179648 13438776.11 8388608  462229 3779 36 1011.44 768  
O  66 OPTIQ_Alltoallv  msg = 8388608 chunk = 32768  2048 58720.0000 34877.3842   490 8 1 1.91 1  10870576857 100663296 1198372 22184850.73 20971520  397278 2816 43 810.77 512  3120 12 1 6.37 6  397303 3816 32 867.47 512  6 1 2.65 2  50331648 1048576 12873929.67 8388608  462839 4072 32 974.40 768  
O  67 OPTIQ_Alltoallv  msg = 8388608 chunk = 32768  2048 66761.0000 30676.5926   640 9 1 2.50 2  14934291197 100663296 1398101 23334830.00 14680064  390208 2816 29 609.70 384  3975 12 1 6.21 6  390233 3260 28 749.01 544  5 1 2.63 2  41943040 917504 9889946.62 8388608  455769 3516 28 868.13 628  
O  68 OPTIQ_Alltoallv  msg = 8388608 chunk = 32768  2048 66441.0000 30824.3404   641 9 1 2.50 2  14985301751 92274688 2097152 23378005.85 13981010  391776 2560 32 611.20 340  4003 12 1 6.24 6  391801 3528 28 733.71 472  5 1 2.59 2  41943040 917504 9699158.33 7831552  457337 3784 28 842.24 576  
O  69 OPTIQ_Alltoallv  msg = 8388608 chunk = 32768  2048 61314.0000 33401.8332   662 9 1 2.59 2  14895423764 100663296 932067 22500640.13 12582912  389022 2816 51 587.65 320  4078 12 1 6.16 6  389047 3028 28 728.55 474  5 1 2.64 2  41943040 917504 9653244.68 8388608  454583 3284 28 840.26 554  
O  70 OPTIQ_Alltoallv  msg = 8388608 chunk = 32768  2048 52730.0000 38839.3704   679 9 1 2.65 2  15105691487 100663296 1198372 22246968.32 13981010  395436 2816 29 582.38 344  4173 12 1 6.15 6  395436 3095 28 693.75 512  4 1 2.34 2  33554432 917504 8462257.98 6979584  460997 3351 28 800.34 597  
O  71 OPTIQ_Alltoallv  msg = 8388608 chunk = 32768  2048 42121.0000 48621.8276   681 11 1 2.66 2  14938530836 100663296 1398101 21936168.63 13981010  390352 2816 23 573.20 340  4093 12 1 6.01 6  390377 3080 28 675.39 437  4 1 2.35 2  33554432 753664 8590303.61 6979584  455888 3336 28 783.31 512  
O  72 OPTIQ_Alltoallv  msg = 8388608 chunk = 32768  2048 38810.0000 52769.9047   682 8 1 2.66 2  14927886570 92274688 1048576 21888396.73 12582912  390012 2560 32 571.87 320  4054 12 1 5.94 6  390037 2752 32 680.69 469  4 1 2.34 2  33554432 1048576 8628553.10 6651904  455548 3008 32 785.43 512  
O  73 OPTIQ_Alltoallv  msg = 8388608 chunk = 32768  4096 92161.0000 44443.9622  1033 10 1 2.02 1  9797946043 100663296 1198372 9484942.93 20971520  823296 2816 36 797.00 576  6912 13 1 6.69 6  823321 4630 25 1148.29 768  7 1 3.04 2  58720256 819200 13752300.19 8388608  954393 4886 25 1241.08 819  
O  74 OPTIQ_Alltoallv  msg = 8388608 chunk = 32768  4096 105203.0000 38934.2509   906 11 1 1.77 1  5493978122 109051904 1198372 6063993.51 25165824  823012 3072 42 908.40 640  6016 13 1 6.64 6  823037 4864 23 1213.92 905  6 1 2.78 2  50331648 753664 14440380.84 8388608  954109 5120 23 1316.01 989  
O  75 OPTIQ_Alltoallv  msg = 8388608 chunk = 32768  4096 92886.0000 44097.0652   920 10 1 1.80 1  9667896302 109051904 1864134 10508582.94 25165824  819320 3072 28 890.57 640  6050 13 1 6.58 6  819345 5035 25 1157.27 768  6 1 2.78 2  50331648 819200 14285525.26 8388608  950417 5291 25 1258.83 885  
O  76 OPTIQ_Alltoallv  msg = 8388608 chunk = 32768  4096 67454.0000 60722.8630  1083 10 1 2.12 1  13844670425 109051904 1048576 12783629.20 16777216  815696 3072 37 753.18 448  7024 13 1 6.49 6  815721 3818 25 1003.35 747  5 1 2.61 2  41943040 819200 11532971.68 8388608  946793 4074 25 1142.09 896  
O  77 OPTIQ_Alltoallv  msg = 8388608 chunk = 32768  4096 72668.0000 56365.9382  1083 9 1 2.12 2  17993509583 109051904 1398101 16614505.62 19573414  811250 3072 32 749.08 512  6983 13 1 6.45 6  811275 3977 29 1006.54 662  5 1 2.60 2  37748736 917504 11508761.57 8388608  942347 4233 29 1133.99 768  
O  78 OPTIQ_Alltoallv  msg = 8388608 chunk = 32768  4096 63955.0000 64045.0317  1080 8 1 2.11 1  13930360500 109051904 1398101 12898481.94 19573414  818318 3072 36 757.70 510  7042 13 1 6.52 6  818343 3708 32 1045.14 789  5 1 2.67 2  41943040 1048576 11779481.83 8388608  949415 3964 32 1175.02 904  
O  79 OPTIQ_Alltoallv  msg = 8388608 chunk = 32768  4096 76001.0000 53894.0277  1623 11 1 3.17 3  22451556955 109051904 762600 13833368.43 10485760  816218 3072 23 502.91 260  10298 13 1 6.35 6  816243 3816 23 950.22 722  6 1 3.31 3  41943040 753664 9984174.56 8159232  947315 4072 23 1085.13 853  
O  80 OPTIQ_Alltoallv  msg = 8388608 chunk = 32768  4096 51783.0000 79099.3183  1360 12 1 2.66 2  13729330448 109051904 699050 10095095.92 12582912  812164 3072 28 597.18 320  8470 13 1 6.23 6  812189 3242 21 970.36 768  5 1 2.80 2  37748736 688128 10227649.65 8388608  943261 3498 21 1095.54 833  
O  81 OPTIQ_Alltoallv  msg = 8388608 chunk = 32768  4096 55861.0000 73324.8599  1642 13 1 3.21 2  17984627984 100663296 838860 10952879.41 10485760  810984 2816 19 493.90 258  10274 13 1 6.26 6  811009 3889 23 943.03 664  6 1 3.24 3  50331648 655360 9747171.14 7012352  942081 4145 23 1082.85 827  
O  82 OPTIQ_Alltoallv  msg = 8388608 chunk = 32768  8192 119514.0000 68544.2710  1984 10 1 1.94 1  21993709216 109051904 1048576 11085538.92 22369616  1719764 3072 26 866.82 602  13987 14 1 7.05 6  1719764 6080 32 1516.55 1131  8 1 3.43 3  62914560 819200 15940883.98 9437184  1981908 6336 32 1642.01 1280  
O  83 OPTIQ_Alltoallv  msg = 8388608 chunk = 32768  8192 146008.0000 56106.5147  1987 13 1 1.94 1  21926840553 117440512 1398101 11035148.74 20971520  1717732 3328 36 864.49 576  13671 14 1 6.88 6  1717732 6333 20 1553.10 1088  8 1 3.41 2  67108864 655360 16186770.65 8388608  1979876 6589 20 1628.19 1136  
O  84 OPTIQ_Alltoallv  msg = 8388608 chunk = 32768  8192 182664.0000 44847.3700  1957 13 1 1.91 1  22107627862 117440512 1048576 11296692.83 23068672  1723240 3328 37 880.55 640  13837 14 1 7.07 6  1723240 7121 25 1552.47 1023  8 1 3.40 2  67108864 622592 15988464.71 8388608  1985384 7377 25 1658.63 1109  
O  85 OPTIQ_Alltoallv  msg = 8388608 chunk = 32768  8192 85845.0000 95427.8059  2237 12 1 2.18 1  21500098570 117440512 1198372 9611130.34 19573414  1704684 3328 32 762.04 512  15377 14 1 6.87 6  1704684 4552 32 1382.55 1173  6 1 3.12 3  50331648 688128 13080783.42 8683520  1966853 4808 32 1560.99 1386  
O  86 OPTIQ_Alltoallv  msg = 8388608 chunk = 32768  8192 104580.0000 78332.3771  2236 13 1 2.18 1  25967118603 109051904 1198372 11613201.52 19573414  1709930 3072 36 764.73 512  15371 14 1 6.87 6  1709930 4736 32 1427.32 1246  6 1 3.16 3  50331648 622592 13285551.16 9764864  1972099 4992 32 1563.92 1333  
O  87 OPTIQ_Alltoallv  msg = 8388608 chunk = 32768  8192 99119.0000 82648.1300  2603 13 1 2.54 2  34417597324 117440512 1048576 13222280.95 15379111  1705684 3328 20 655.28 408  18070 14 1 6.94 6  1705684 5165 21 1373.34 1024  7 1 3.52 3  58720256 622592 12562202.98 8388608  1967853 5421 21 1538.59 1217  
O  88 OPTIQ_Alltoallv  msg = 8388608 chunk = 32768  8192 111369.0000 73557.2736  2316 11 1 2.26 2  21426171417 109051904 932067 9251369.35 16777216  1702432 3072 24 735.07 430  15399 14 1 6.65 6  1702432 4927 32 1351.14 1246  5 1 2.94 3  41943040 753664 12278318.97 8388608  1964576 5183 32 1499.68 1434  
O  89 OPTIQ_Alltoallv  msg = 8388608 chunk = 32768  8192 103849.0000 78883.7639  3155 13 1 3.08 2  30093376565 109051904 762600 9538312.70 11184808  1704798 3072 20 540.35 294  20899 14 1 6.62 6  1704798 4927 21 1338.15 1065  7 1 3.81 3  58720256 655360 11737890.27 8388608  1966942 5183 21 1496.91 1223  
O  90 OPTIQ_Alltoallv  msg = 8388608 chunk = 32768  8192 91006.0000 90016.0429  2717 10 1 2.65 2  25609576217 109051904 838860 9425681.35 14680064  1699034 3072 28 625.33 384  18555 14 1 6.83 6  1699034 4287 25 1332.58 1109  6 1 3.40 3  50331648 819200 11761175.24 8388608  1961178 4543 25 1512.09 1303  
