O  0 OPTIQ_Alltoallv  msg = 8388608 chunk = 65536  1024 5634.0000 181753.6386  4896 48 5 38.25 40  4164923930 6710884 349524 850678.91 818400  46844 78 3 9.57 9  19142 6 2 3.91 4  46844 144 3 31.48 12  16 1 3.65 2  6881280 131072 790181.20 458752  63228 204 3 42.49 12  
O  1 OPTIQ_Alltoallv  msg = 8388608 chunk = 65536  2048 55737.0000 36743.9941  3189 35 1 12.46 12  17346711755 117440512 699050 5439545.86 3262231  231836 1664 5 72.70 42  22457 14 2 7.04 6  231861 1233 4 233.03 191  16 1 6.21 4  30212096 196608 4796981.40 3080192  264604 1489 4 266.20 199  
O  2 OPTIQ_Alltoallv  msg = 8388608 chunk = 65536  4096 87672.0000 46719.5912  3518 30 1 6.87 5  33130044605 117440512 364722 9417295.23 5033160  439942 1664 6 125.05 64  23640 14 1 6.72 6  439967 2638 6 417.43 256  16 1 6.19 4  65142784 262144 8669721.59 5111808  505478 3150 6 480.04 256  
O  3 OPTIQ_Alltoallv  msg = 8388608 chunk = 65536  8192 95120.0000 86122.7923  5334 25 1 5.21 3  39659974154 125829120 798914 7435315.74 6591046  932824 1792 6 174.88 88  39427 15 2 7.39 7  932824 3320 6 483.83 300  16 1 5.38 3  95551488 327680 9517265.66 5570560  1063896 4344 6 551.81 300  
O  4 OPTIQ_Alltoallv  msg = 8388608 chunk = 65536  2048 33048.0000 61970.4672  3855 42 1 15.06 15  17408058183 92274688 399456 4515709.00 3262231  232818 1280 4 60.39 42  28064 14 2 7.28 7  232843 913 3 219.25 169  16 1 6.69 5  29294592 196608 4152062.05 2686976  265611 1020 3 248.00 206  
O  5 OPTIQ_Alltoallv  msg = 8388608 chunk = 65536  2048 4718.0000 434082.2382  8432 42 22 32.94 33  9944649447 1906500 599184 1179393.91 1198370  117782 24 6 13.97 16  39090 5 3 4.64 5  117807 155 3 62.86 58  16 1 4.80 3  4915200 196608 1211349.88 720896  150550 239 3 80.38 87  
O  6 OPTIQ_Alltoallv  msg = 8388608 chunk = 65536  4096 44435.0000 92179.5882  5332 29 1 10.41 10  33173773890 100663296 299593 6221638.01 3871662  440552 1408 5 82.62 48  36819 14 1 6.91 6  440577 1409 4 370.86 325  16 1 6.63 5  41091072 262144 5976033.00 4128768  506088 1665 4 426.36 368  
O  7 OPTIQ_Alltoallv  msg = 8388608 chunk = 65536  8192 67378.0000 121582.7125  7762 27 1 7.58 6  70025092004 117440512 798914 9021526.93 5392674  937390 1664 6 120.77 72  59210 15 2 7.63 7  937390 2070 5 483.44 386  16 1 6.72 5  54394880 262144 7941785.83 5308416  1068462 2070 5 550.47 427  
O  8 OPTIQ_Alltoallv  msg = 8388608 chunk = 65536  4096 41263.0000 99265.6860  4702 25 1 9.18 9  33501723861 109051904 729444 7124994.44 4660335  445642 1536 6 94.78 63  34829 14 2 7.41 7  445667 1773 6 398.27 340  16 1 7.30 6  50855936 327680 7023178.49 5242880  511178 1901 6 447.22 385  
O  9 OPTIQ_Alltoallv  msg = 8388608 chunk = 65536  4096 42016.0000 97486.6717  5613 34 1 10.96 11  33234175804 117440512 699050 5920929.24 3670016  441494 1664 6 78.66 48  39268 14 2 7.00 6  441519 1567 4 370.71 308  16 1 6.85 5  46661632 196608 5799078.20 3801088  507030 1620 4 420.77 357  
O  10 OPTIQ_Alltoallv  msg = 8388608 chunk = 65536  4096 6157.0000 665259.0547  12077 34 5 23.59 24  17926999699 5033163 246723 1484391.79 1613190  205552 52 8 17.02 20  50563 5 1 4.19 5  205577 232 17 100.33 102  16 1 4.12 3  7405568 196608 1449222.87 1114112  271088 317 17 132.37 111  
O  11 OPTIQ_Alltoallv  msg = 8388608 chunk = 65536  8192 59283.0000 138184.6398  10284 33 1 10.04 10  69880780267 117440512 310689 6795097.26 4194300  935130 1664 5 90.93 55  76069 15 1 7.40 7  935130 2536 6 459.75 361  16 1 6.55 5  70713344 262144 6019522.25 3932160  1066202 2536 6 524.19 437  
O  12 OPTIQ_Alltoallv  msg = 8388608 chunk = 65536  8192 46719.0000 175346.2189  6410 22 1 6.26 5  61944419887 117440512 883010 9663716.05 6524469  945198 1664 7 147.46 88  49588 15 2 7.74 7  945198 2040 7 521.92 409  16 1 6.22 4  52887552 393216 8845551.88 6291456  1076270 2040 8 528.62 391  
O  13 OPTIQ_Alltoallv  msg = 8388608 chunk = 65536  8192 55812.0000 146778.4706  8292 25 1 8.10 7  70140398080 109051904 493447 8458803.43 5033160  939148 1536 7 113.26 66  62581 15 1 7.55 7  939148 1732 5 499.55 408  16 1 7.11 5  50987008 327680 7964789.68 5898240  1070220 1733 7 534.31 440  
O  14 OPTIQ_Alltoallv  msg = 8388608 chunk = 65536  8192 49578.0000 165234.5799  10189 28 1 9.95 10  69838017494 117440512 399457 6854256.31 4194302  934480 1664 7 91.71 54  74794 15 1 7.34 7  934480 1600 6 465.38 414  16 1 6.84 5  42795008 262144 6383182.44 4521984  1065577 1600 6 523.63 472  
O  15 OPTIQ_Alltoallv  msg = 8388608 chunk = 65536  8192 9709.0000 843753.2187  16384 30 3 16.00 16  10743535652 11184808 559240 655733.38 2097152  359892 126 5 21.97 24  61592 6 2 3.76 4  359892 279 102 175.73 175  16 1 4.03 3  12910592 262144 2103132.02 1441792  490989 407 113 239.62 243  
O  16 OPTIQ_Alltoallv  msg = 8388608 chunk = 65536  1024 34931.0000 29314.9352  1095 20 1 8.55 9  10843825237 83886080 3774870 9903036.75 7689550  149056 1152 48 136.12 110  11035 11 9 10.08 10  149056 909 6 190.85 64  16 1 5.83 3  30932992 393216 5727562.51 2621440  165440 910 6 211.83 64  
O  17 OPTIQ_Alltoallv  msg = 8388608 chunk = 65536  1024 3555.0000 288045.0070  4676 50 24 36.53 35  4454514546 2097150 167772 952633.56 911805  51140 25 3 10.94 12  19616 6 1 4.20 4  51165 160 2 43.40 32  16 1 4.09 3  4653056 131072 922696.59 589824  67524 288 2 57.32 32  
O  18 OPTIQ_Alltoallv  msg = 8388608 chunk = 65536  1024 4310.0000 237587.0070  4304 43 25 33.62 33  4641753048 1797558 390166 1078474.22 1075460  53964 25 3 12.54 12  18680 6 2 4.34 4  53964 209 3 52.29 33  16 1 4.60 3  4915200 131072 1135548.41 786432  70373 337 3 68.12 33  
O  19 OPTIQ_Alltoallv  msg = 8388608 chunk = 65536  2048 39230.0000 52204.9452  3063 42 1 11.96 12  15791086864 100663296 199728 5155431.56 3355440  208114 1408 4 67.94 42  20031 13 1 6.54 6  208139 1234 4 237.87 146  16 1 5.94 4  38207488 196608 4678850.85 2621440  240882 1479 4 275.61 165  
O  20 OPTIQ_Alltoallv  msg = 8388608 chunk = 65536  2048 28273.0000 72436.6003  3078 45 1 12.02 11  15733364852 92274688 186413 5111554.53 3145728  207202 1280 4 67.32 40  19851 13 1 6.45 6  207227 1055 2 235.75 148  16 1 5.80 4  39780352 131072 4591729.61 2555904  239970 1304 2 273.31 156  
O  21 OPTIQ_Alltoallv  msg = 8388608 chunk = 65536  2048 38900.0000 52647.8149  3057 40 1 11.94 11  15463116407 109051904 226719 5058265.10 2796200  203094 1536 3 66.44 35  19280 13 1 6.31 6  203119 1348 3 225.44 134  16 1 5.67 4  42467328 196608 4544972.66 2490368  235862 1348 3 262.07 134  
O  22 OPTIQ_Alltoallv  msg = 8388608 chunk = 65536  4096 57927.0000 70709.6863  4109 28 1 8.03 7  30908889145 109051904 599186 7522241.21 3914680  406010 1536 5 98.81 50  26371 13 2 6.42 6  406035 1854 5 396.52 302  16 1 6.44 4  48496640 262144 7552111.11 4456448  471546 2366 5 460.94 303  
O  23 OPTIQ_Alltoallv  msg = 8388608 chunk = 65536  4096 47928.0000 85461.5256  4012 34 1 7.84 6  31042853638 92274688 246723 7737500.91 4473920  408078 1280 6 101.71 56  26132 12 1 6.51 6  408103 1889 5 410.15 316  16 1 6.39 4  45285376 196608 7587085.58 4456448  473614 2173 5 476.47 321  
O  24 OPTIQ_Alltoallv  msg = 8388608 chunk = 65536  4096 58833.0000 69620.7911  3814 31 1 7.45 6  30550754586 100663296 524288 8010161.14 4575600  400566 1408 4 105.03 56  24457 12 1 6.41 6  400591 1845 6 405.05 283  16 1 6.27 4  50003968 262144 7828411.24 4194304  466102 2251 6 471.76 287  
O  25 OPTIQ_Alltoallv  msg = 8388608 chunk = 65536  8192 61027.0000 134235.6662  5694 24 1 5.56 4  38937676647 109051904 493447 6838369.63 6100800  856226 1536 6 150.37 80  40073 14 1 7.04 7  856226 2216 6 609.41 490  16 1 6.13 4  57671680 327680 9905627.94 6422528  987323 3240 6 702.22 489  
O  26 OPTIQ_Alltoallv  msg = 8388608 chunk = 65536  8192 62256.0000 131585.7106  5637 29 1 5.50 4  34732172721 117440512 289262 6161464.03 5991860  857582 1664 5 152.13 80  39362 14 1 6.98 7  857582 2591 6 603.93 465  16 1 5.88 4  61145088 262144 9677733.91 5898240  988679 3615 6 695.76 465  
O  27 OPTIQ_Alltoallv  msg = 8388608 chunk = 65536  8192 59585.0000 137484.2662  5430 27 1 5.30 3  34305989188 109051904 419430 6317861.73 6452770  851090 1536 5 156.74 84  38000 14 1 7.00 7  851090 2476 6 610.98 453  16 1 5.86 4  61210624 262144 9930109.35 5701632  982162 3500 6 705.07 453  
O  28 OPTIQ_Alltoallv  msg = 8388608 chunk = 65536  2048 30230.0000 67747.2709  3409 42 1 13.32 11  15626872864 83886080 199728 4584004.95 2467235  205548 1152 4 60.30 30  21276 13 1 6.24 6  205573 1003 3 230.72 129  16 1 6.35 4  37879808 196608 4663564.46 2752512  238316 1131 3 266.27 156  
O  29 OPTIQ_Alltoallv  msg = 8388608 chunk = 65536  2048 32983.0000 62092.5932  3180 42 1 12.42 11  15262036427 83886080 199728 4799382.52 2516580  200010 1152 4 62.90 32  19319 12 1 6.08 5  200035 1271 3 228.61 72  16 1 6.18 4  45416448 196608 4880146.84 2293760  232778 1399 3 266.34 81  
O  30 OPTIQ_Alltoallv  msg = 8388608 chunk = 65536  2048 44051.0000 46491.5666  3002 45 1 11.73 9  14967624554 92274688 186413 4985884.26 2467235  195514 1280 4 65.13 30  17665 12 1 5.88 5  195539 1422 3 246.89 99  16 1 5.85 4  39845888 131072 4953740.38 2490368  228282 1550 3 288.60 109  
O  31 OPTIQ_Alltoallv  msg = 8388608 chunk = 65536  2048 5001.0000 409518.0964  7249 43 13 28.32 29  9496523879 3226385 390166 1310046.06 1271000  111406 40 3 15.37 16  31996 6 2 4.41 5  111431 219 3 72.31 51  16 1 5.00 3  6815744 196608 1477034.12 983040  144174 320 3 93.62 51  
O  32 OPTIQ_Alltoallv  msg = 8388608 chunk = 65536  2048 5732.0000 357292.3936  6590 39 15 25.74 26  9604496216 3355440 645276 1457434.93 1398100  113218 40 6 17.18 16  29588 6 3 4.49 5  113243 271 3 80.89 45  16 1 5.72 4  7012352 196608 1849118.38 1048576  145986 399 3 104.35 45  
O  33 OPTIQ_Alltoallv  msg = 8388608 chunk = 65536  2048 4068.0000 503441.4946  10302 49 29 40.24 41  9667158298 1446310 171196 938376.85 975415  113308 20 4 11.00 12  46436 5 1 4.51 5  113333 230 2 65.10 57  16 1 5.21 3  3997696 131072 1073353.15 655360  146076 358 2 83.95 57  
O  34 OPTIQ_Alltoallv  msg = 8388608 chunk = 65536  4096 46514.0000 88059.5090  5317 37 1 10.38 10  31376871960 92274688 453438 5901236.03 3226385  413116 1280 4 77.70 40  33877 12 2 6.37 6  413141 1386 3 377.30 327  16 1 6.82 5  47579136 196608 6318013.59 4128768  478652 1524 3 437.52 380  
O  35 OPTIQ_Alltoallv  msg = 8388608 chunk = 65536  4096 44655.0000 91725.4507  5458 35 1 10.66 10  31616146398 100663296 508400 5792624.84 3145728  416730 1408 4 76.35 40  34897 13 2 6.39 6  416755 1582 3 366.22 304  16 1 6.82 5  43384832 196608 6180247.28 3997696  482266 1838 3 424.16 350  
O  36 OPTIQ_Alltoallv  msg = 8388608 chunk = 65536  4096 40558.0000 100991.1731  5083 43 1 9.93 9  32214441772 100663296 195083 6337682.82 3355440  425936 1408 4 83.80 44  33351 13 1 6.56 6  425961 1608 4 411.56 353  16 1 6.79 5  45940736 196608 6561236.30 4194304  491472 1864 4 475.31 390  
O  37 OPTIQ_Alltoallv  msg = 8388608 chunk = 65536  8192 55641.0000 147229.5609  7542 26 1 7.37 6  57581088584 109051904 399457 7634724.02 5427917  878540 1536 6 116.49 70  53498 14 1 7.09 7  878540 2147 7 540.31 465  16 1 6.72 5  59047936 327680 8311258.89 5439488  1009612 2659 7 620.92 481  
O  38 OPTIQ_Alltoallv  msg = 8388608 chunk = 65536  8192 49376.0000 165910.5638  7320 28 1 7.15 6  61470096266 109051904 441505 8397554.13 5033160  872350 1536 5 119.17 66  51213 14 1 7.00 7  872350 2258 7 539.49 453  16 1 6.64 5  51511296 262144 8527005.21 5505024  1003447 2770 7 620.18 466  
O  39 OPTIQ_Alltoallv  msg = 8388608 chunk = 65536  8192 60818.0000 134696.9647  7037 29 1 6.87 6  48126194213 117440512 289262 6839021.49 5338200  865336 1664 5 122.97 70  48260 14 1 6.86 6  865336 2310 7 551.17 452  16 1 6.49 4  47841280 262144 8782864.11 5570560  996408 2822 7 634.65 464  
O  40 OPTIQ_Alltoallv  msg = 8388608 chunk = 65536  4096 44827.0000 91373.5026  5120 33 1 10.00 10  33383941989 92274688 699050 6520301.17 3914680  443852 1280 5 86.69 54  36460 14 2 7.12 7  443877 1660 4 388.00 338  16 1 7.35 6  46268416 262144 6727781.53 4784128  509388 1788 4 441.79 393  
O  41 OPTIQ_Alltoallv  msg = 8388608 chunk = 65536  4096 53145.0000 77072.1611  3961 28 1 7.74 6  31120498258 92274688 299593 7856727.66 4194300  409270 1280 6 103.32 54  25574 13 1 6.46 6  409295 2196 5 439.63 276  16 1 6.80 5  58195968 262144 8271367.89 5373952  474806 2324 5 501.91 350  
O  42 OPTIQ_Alltoallv  msg = 8388608 chunk = 65536  4096 52904.0000 77423.2572  3881 30 1 7.58 6  26838445998 100663296 310689 6915342.95 4473920  409450 1408 5 105.50 55  24411 13 1 6.29 6  409475 2118 4 462.16 284  16 1 6.71 5  63963136 262144 8562373.05 5242880  474986 2246 4 531.30 360  
O  43 OPTIQ_Alltoallv  msg = 8388608 chunk = 65536  4096 58192.0000 70387.6822  6260 34 1 12.23 12  34153064758 109051904 279620 5455761.14 3454129  455530 1536 4 72.77 45  44337 14 1 7.08 6  455555 1501 4 373.41 348  16 1 7.09 5  44564480 196608 5458532.83 3801088  521066 1629 4 427.45 405  
O  44 OPTIQ_Alltoallv  msg = 8388608 chunk = 65536  4096 39979.0000 102453.7882  6028 33 1 11.77 11  33256749446 92274688 254200 5517045.36 3262231  441836 1280 5 73.30 42  41857 14 1 6.94 6  441861 1466 4 360.11 293  16 1 7.04 5  45154304 196608 5594066.52 3735552  507372 1594 4 413.84 357  
O  45 OPTIQ_Alltoallv  msg = 8388608 chunk = 65536  4096 55337.0000 74019.1915  4697 40 1 9.17 6  26607463081 109051904 209715 5664778.17 2960682  405856 1536 4 86.41 36  28875 13 1 6.15 5  405881 2045 3 386.55 215  16 1 6.51 5  62783488 196608 6965760.12 3997696  471392 2173 3 449.37 277  
O  46 OPTIQ_Alltoallv  msg = 8388608 chunk = 65536  4096 6158.0000 665151.0231  11642 38 15 22.74 22  18993898671 3355440 662256 1631497.91 1597828  223292 40 6 19.18 18  51788 6 3 4.45 5  223317 291 4 110.66 115  16 1 5.75 4  7929856 196608 2102480.49 1310720  288828 419 4 143.20 117  
O  47 OPTIQ_Alltoallv  msg = 8388608 chunk = 65536  4096 6432.0000 636815.9204  13783 45 5 26.92 25  17334514144 6710884 186413 1257673.52 1271000  197548 78 4 14.33 15  56201 6 1 4.08 4  197573 224 10 96.42 83  16 1 4.78 3  7536640 131072 1466361.03 1048576  263084 352 10 128.46 83  
O  48 OPTIQ_Alltoallv  msg = 8388608 chunk = 65536  4096 5158.0000 794106.2427  14031 39 15 27.40 28  18274971892 3355440 493446 1302471.09 1310720  211780 40 4 15.09 16  60357 6 2 4.30 4  211805 277 3 105.01 113  16 1 5.54 4  6422528 196608 1667968.19 1114112  277316 405 3 137.56 113  
O  49 OPTIQ_Alltoallv  msg = 8388608 chunk = 65536  8192 50989.0000 160662.1036  10412 31 1 10.17 10  69281615184 117440512 335544 6654016.06 4194300  925916 1664 5 88.93 54  74284 15 1 7.13 7  925916 1497 15 452.77 391  16 1 6.29 4  45613056 262144 5861462.65 3866624  1056988 1746 15 516.86 439  
O  50 OPTIQ_Alltoallv  msg = 8388608 chunk = 65536  8192 59875.0000 136818.3716  10305 39 1 10.06 10  68683115688 125829120 215092 6665028.21 3914680  916778 1792 5 88.96 54  72789 15 1 7.06 7  916778 2096 7 449.40 383  16 1 6.29 4  46596096 196608 5937393.88 3801088  1047850 2352 7 513.65 424  
O  51 OPTIQ_Alltoallv  msg = 8388608 chunk = 65536  8192 51315.0000 159641.4304  9735 36 1 9.51 9  66811162599 125829120 322638 6862985.37 3914680  888218 1792 4 91.24 54  67330 15 1 6.92 6  888218 1994 6 443.67 337  16 1 6.34 5  47579136 196608 6292406.69 3997696  1019290 2250 6 509.14 355  
O  52 OPTIQ_Alltoallv  msg = 8388608 chunk = 65536  8192 68551.0000 119502.2684  5637 21 1 5.50 4  47690795932 109051904 493447 8460315.05 5872020  858704 1536 6 152.33 78  39136 14 1 6.94 6  858704 3104 6 684.23 503  16 1 6.70 5  63045632 393216 11107184.92 7340032  989776 3232 6 763.72 589  
O  53 OPTIQ_Alltoallv  msg = 8388608 chunk = 65536  8192 81661.0000 100317.1649  5623 23 1 5.49 4  43429306364 109051904 441505 7723511.71 5872020  859258 1536 6 152.81 76  38734 14 1 6.89 6  859258 3056 7 670.77 470  16 1 6.63 5  62849024 327680 11101995.70 7340032  990355 3184 7 748.57 555  
O  54 OPTIQ_Alltoallv  msg = 8388608 chunk = 65536  8192 70276.0000 116568.9567  5604 25 1 5.47 3  38813643521 109051904 335544 6926060.59 5592402  854350 1536 6 152.45 72  38393 14 1 6.85 6  854350 2862 7 666.42 447  16 1 6.55 5  65011712 327680 11016509.93 7340032  985422 2990 7 753.38 549  
O  55 OPTIQ_Alltoallv  msg = 8388608 chunk = 65536  8192 55339.0000 148033.0328  8322 26 1 8.13 7  58292568640 109051904 419430 7004634.54 4793488  889402 1536 6 106.87 63  59451 14 1 7.14 7  889402 2047 6 551.74 509  16 1 7.45 6  58720256 327680 8385929.04 6225920  1020474 2175 6 623.00 583  
O  56 OPTIQ_Alltoallv  msg = 8388608 chunk = 65536  8192 60476.0000 135458.6944  6728 25 1 6.57 5  43151451005 100663296 364722 6413711.50 4793488  854982 1408 6 127.08 63  45350 14 1 6.74 6  854982 2725 5 645.27 476  16 1 7.20 6  63635456 327680 10259011.06 7012352  986054 2853 5 730.95 577  
O  57 OPTIQ_Alltoallv  msg = 8388608 chunk = 65536  8192 58856.0000 139187.1687  6665 28 1 6.51 5  47269640389 109051904 349525 7092219.11 5242880  852264 1536 5 127.87 70  45500 14 1 6.83 6  852264 2496 4 657.10 508  16 1 7.22 6  71106560 262144 10233815.35 7012352  983336 2624 6 740.46 617  
O  58 OPTIQ_Alltoallv  msg = 8388608 chunk = 65536  8192 59123.0000 138558.5982  11166 33 1 10.90 10  64092980253 100663296 364722 5740012.56 3670016  912272 1408 4 81.70 48  80701 15 1 7.23 7  912272 1766 6 449.40 370  16 1 7.02 5  48824320 196608 5944239.97 3997696  1043344 1894 6 513.46 449  
O  59 OPTIQ_Alltoallv  msg = 8388608 chunk = 65536  8192 53249.0000 153843.2647  9798 34 1 9.57 8  62077597389 109051904 270600 6335741.72 3595116  881504 1536 4 89.97 45  66167 14 1 6.75 6  881504 1905 5 515.50 459  16 1 7.08 5  51904512 262144 7104183.79 4849664  1012576 2033 5 587.34 528  
O  60 OPTIQ_Alltoallv  msg = 8388608 chunk = 65536  8192 77518.0000 105678.6811  8071 37 1 7.88 6  46989891498 100663296 226719 5822065.61 3355440  847906 1408 5 105.06 40  51597 14 1 6.39 6  847906 2987 5 575.63 415  16 1 6.88 5  79429632 196608 8556687.13 5636096  978978 3115 5 663.71 533  
O  61 OPTIQ_Alltoallv  msg = 8388608 chunk = 65536  8192 7949.0000 1030569.8830  19172 39 7 18.72 17  19056634981 5991860 430184 993982.63 1823610  419686 76 4 21.89 20  80803 6 2 4.21 4  419686 347 102 204.92 203  16 1 5.33 4  9764864 196608 2378705.44 1507328  550758 407 102 268.92 280  
O  62 OPTIQ_Alltoallv  msg = 8388608 chunk = 65536  8192 6967.0000 1175828.9077  20681 33 3 20.20 20  28221937284 11184808 811800 1364631.17 1677720  428546 129 8 20.72 20  89036 6 3 4.31 4  428546 335 97 209.25 209  16 1 6.95 5  10223616 196608 2862783.96 2228224  559643 463 97 273.13 285  
O  63 OPTIQ_Alltoallv  msg = 8388608 chunk = 65536  8192 7626.0000 1074219.7745  22820 38 4 22.29 22  35231398006 6291456 220752 1543882.47 1553445  401146 64 8 17.58 16  94278 5 1 4.13 5  401146 389 58 195.87 190  16 1 5.64 4  8978432 196608 2087214.34 1572864  532243 517 58 259.76 258  
O  64 OPTIQ_Alltoallv  msg = 8388608 chunk = 65536  2048 58854.0000 34797.9746  1244 17 1 4.86 3  15168523882 92274688 524288 12193347.17 5991860  198646 1280 9 159.68 76  7911 12 1 6.36 6  198646 1828 7 384.97 216  16 1 5.17 3  63438848 458752 9918867.17 5242880  231414 1956 7 428.54 256  
O  65 OPTIQ_Alltoallv  msg = 8388608 chunk = 65536  2048 58315.0000 35119.6090  1259 22 1 4.92 3  15260334286 92274688 559240 12120996.26 5162216  200056 1280 7 158.90 65  7781 12 1 6.18 6  200056 1857 5 403.34 239  16 1 5.22 3  58195968 327680 10237866.78 5570560  232824 1985 5 446.88 256  
O  66 OPTIQ_Alltoallv  msg = 8388608 chunk = 65536  2048 53201.0000 38495.5170  1240 22 1 4.84 3  15275943214 100663296 493447 12319309.04 5991860  200300 1408 6 161.53 76  7738 12 1 6.24 6  200300 1907 5 402.21 228  16 1 5.13 3  60227584 327680 10122163.32 5898240  233068 2035 5 453.44 299  
O  67 OPTIQ_Alltoallv  msg = 8388608 chunk = 65536  2048 45511.0000 45000.1099  1909 23 1 7.46 6  15148630870 92274688 399457 7935375.00 3813000  198340 1280 6 103.90 48  11700 12 1 6.13 6  198340 1631 6 333.91 192  16 1 5.76 4  55640064 327680 7461031.47 4063232  231108 1759 6 387.12 247  
O  68 OPTIQ_Alltoallv  msg = 8388608 chunk = 65536  2048 48796.0000 41970.6533  1882 26 1 7.35 6  15092352728 92274688 466033 8019316.01 3595116  197510 1280 6 104.95 45  11516 12 1 6.12 6  197535 2009 4 327.59 164  16 1 5.58 3  50397184 262144 7314192.64 4063232  230303 2137 4 380.67 209  
O  69 OPTIQ_Alltoallv  msg = 8388608 chunk = 65536  2048 42932.0000 47703.3448  1942 29 1 7.59 6  15040320718 92274688 289262 7744758.35 3595116  196682 1280 5 101.28 45  11685 12 1 6.02 6  196707 1605 5 325.67 178  16 1 5.63 3  52428800 262144 7246860.34 3866624  229475 1733 5 377.43 227  
O  70 OPTIQ_Alltoallv  msg = 8388608 chunk = 65536  2048 40083.0000 51093.9800  2284 31 1 8.92 7  15219932378 83886080 270600 6663718.20 3670016  199432 1152 5 87.32 45  14059 12 1 6.16 6  199457 1817 4 312.63 189  16 1 5.95 4  39059456 262144 6445344.85 3735552  232200 1945 4 362.81 215  
O  71 OPTIQ_Alltoallv  msg = 8388608 chunk = 65536  2048 45542.0000 44969.4787  2338 30 1 9.13 7  15063326357 92274688 279620 6442825.64 3145728  196998 1280 5 84.26 40  14192 12 1 6.07 6  197023 1488 4 304.99 174  16 1 5.96 4  44302336 262144 6326013.85 3670016  229766 1616 4 355.13 200  
O  72 OPTIQ_Alltoallv  msg = 8388608 chunk = 65536  2048 46613.0000 43936.2410  2408 40 1 9.41 8  15058521630 92274688 233016 6253538.88 3355440  196922 1280 5 81.78 44  14518 12 1 6.03 6  196947 1668 3 296.16 163  16 1 6.07 4  46923776 196608 6290415.31 3342336  229690 1796 3 344.88 186  
O  73 OPTIQ_Alltoallv  msg = 8388608 chunk = 65536  4096 65494.0000 62540.0800  2224 21 1 4.34 2  18490929378 100663296 524288 8314266.81 6291456  413200 1408 8 185.79 84  14785 13 1 6.65 6  413225 2376 6 545.87 327  16 1 5.47 3  61538304 393216 11607266.92 7405568  478736 2504 6 603.70 384  
O  74 OPTIQ_Alltoallv  msg = 8388608 chunk = 65536  4096 60772.0000 67399.4603  2315 23 1 4.52 3  22770346530 109051904 493447 9836002.82 6291456  412956 1536 8 178.38 80  15257 13 1 6.59 6  412981 2659 6 549.18 353  16 1 5.56 3  61800448 327680 11432173.43 6815744  478492 2787 6 611.88 415  
O  75 OPTIQ_Alltoallv  msg = 8388608 chunk = 65536  4096 54780.0000 74771.8145  2345 24 1 4.58 2  18392881457 109051904 524288 7843446.25 5592400  411716 1536 6 175.57 70  15065 13 1 6.42 6  411741 2697 6 547.53 320  16 1 5.54 3  63504384 327680 11504991.88 7012352  477252 2825 6 607.96 394  
O  76 OPTIQ_Alltoallv  msg = 8388608 chunk = 65536  4096 45511.0000 90000.2197  3196 24 1 6.24 4  22722593189 109051904 399457 7109697.49 4793488  412200 1536 7 128.97 60  20631 13 1 6.46 6  412225 2044 6 469.50 302  16 1 5.97 4  51773440 327680 9061570.72 5177344  477736 2172 6 536.78 384  
O  77 OPTIQ_Alltoallv  msg = 8388608 chunk = 65536  4096 52883.0000 77454.0022  3245 26 1 6.34 5  31134782460 100663296 441505 9594694.13 4575600  409498 1408 5 126.19 60  20453 13 1 6.30 6  409523 1940 5 457.57 264  16 1 5.91 4  53739520 327680 9000239.44 5177344  475034 2068 5 526.06 320  
O  78 OPTIQ_Alltoallv  msg = 8388608 chunk = 65536  4096 60827.0000 67338.5174  3271 26 1 6.39 5  31287300391 100663296 322638 9565056.68 5033160  411840 1408 7 125.91 63  21049 13 1 6.44 6  411865 2110 5 473.95 298  16 1 6.14 4  53739520 262144 9129067.27 5308416  477376 2238 5 540.63 372  
O  79 OPTIQ_Alltoallv  msg = 8388608 chunk = 65536  4096 54412.0000 75277.5123  3904 27 1 7.62 6  31247877732 100663296 310689 8004067.04 4194300  411198 1408 5 105.33 54  25116 13 1 6.43 6  411223 1819 5 451.40 319  16 1 6.75 5  51707904 262144 8394207.26 5439488  476734 1947 5 517.07 389  
O  80 OPTIQ_Alltoallv  msg = 8388608 chunk = 65536  4096 46687.0000 87733.2020  3986 32 1 7.79 6  31077184073 92274688 262144 7796584.06 4194300  408578 1280 5 102.50 52  25108 13 1 6.30 6  408603 1717 5 448.52 278  16 1 6.67 5  48758784 262144 8256909.03 4980736  474114 1845 5 513.67 331  
O  81 OPTIQ_Alltoallv  msg = 8388608 chunk = 65536  4096 50160.0000 81658.6922  4016 30 1 7.84 6  31020116576 100663296 322638 7724132.61 3813000  407722 1408 4 101.52 48  25249 13 1 6.29 6  407747 1960 5 456.09 282  16 1 6.79 5  63963136 262144 8341967.80 5111808  473258 2088 5 524.68 356  
O  82 OPTIQ_Alltoallv  msg = 8388608 chunk = 65536  8192 79595.0000 102921.0378  3812 20 1 3.72 2  30747183195 109051904 524288 8065892.76 7689550  862360 1536 7 226.22 104  26620 14 1 6.98 6  862360 3255 8 730.19 526  16 1 5.69 4  83558400 393216 13923232.52 8388608  993432 3383 8 807.67 608  
O  83 OPTIQ_Alltoallv  msg = 8388608 chunk = 65536  8192 80251.0000 102079.7249  3834 22 1 3.74 2  30662271015 117440512 559240 7997462.45 7456536  861066 1664 9 224.59 99  25893 14 1 6.75 6  861066 3237 6 746.16 485  16 1 5.67 3  83558400 393216 14232947.22 8388608  992138 3365 6 798.82 536  
O  84 OPTIQ_Alltoallv  msg = 8388608 chunk = 65536  8192 72605.0000 112829.6949  3761 20 1 3.67 2  30778464798 117440512 524288 8183585.43 8388600  862848 1664 8 229.42 104  26424 14 1 7.03 6  862848 3578 7 741.92 451  16 1 5.64 3  90308608 393216 13899325.31 8388608  993945 3706 7 812.71 530  
O  85 OPTIQ_Alltoallv  msg = 8388608 chunk = 65536  8192 63538.0000 128930.7186  5639 26 1 5.51 4  43282695825 117440512 493447 7675597.77 5807493  856986 1664 7 151.97 77  38494 14 1 6.83 6  856986 2500 5 669.00 556  16 1 6.49 4  55902208 262144 10910424.45 7536640  988058 2628 5 761.22 660  
O  86 OPTIQ_Alltoallv  msg = 8388608 chunk = 65536  8192 63617.0000 128770.6116  5644 26 1 5.51 4  47669333866 109051904 493447 8446019.47 6291450  858412 1536 7 152.09 80  38529 14 1 6.83 6  858412 2527 7 689.49 542  16 1 6.61 5  67239936 262144 11122954.28 7733248  989484 2655 7 769.43 610  
O  87 OPTIQ_Alltoallv  msg = 8388608 chunk = 65536  8192 65766.0000 124562.8440  5675 25 1 5.54 4  38940894238 117440512 364722 6861831.58 5991860  856254 1664 6 150.88 77  39300 14 1 6.93 6  856254 2727 5 662.74 453  16 1 6.56 5  70516736 327680 10796391.67 7143424  987351 2855 5 747.43 553  
O  88 OPTIQ_Alltoallv  msg = 8388608 chunk = 65536  8192 64445.0000 127116.1456  6875 25 1 6.71 5  51790129545 100663296 335544 7533109.75 5033160  855722 1408 6 124.47 65  45889 14 1 6.67 6  855722 2319 6 655.22 593  16 1 7.30 6  52232192 327680 10289662.94 7340032  986794 2447 6 733.68 684  
O  89 OPTIQ_Alltoallv  msg = 8388608 chunk = 65536  8192 67544.0000 121283.9038  6819 26 1 6.66 5  51742756139 109051904 381300 7588027.00 4660335  854950 1536 5 125.38 60  45400 14 1 6.66 6  854950 2586 5 649.66 506  16 1 7.25 6  62783488 262144 10325972.80 7340032  986022 2714 5 733.65 600  
O  90 OPTIQ_Alltoallv  msg = 8388608 chunk = 65536  8192 56399.0000 145250.8023  6820 33 1 6.66 5  51599729041 100663296 335544 7565942.67 5162216  852792 1408 5 125.04 66  47004 14 1 6.89 6  852792 2371 5 650.49 518  16 1 7.42 6  63700992 196608 10182671.52 7077888  983864 2499 5 742.54 629  
