M  0 MPI_Alltoallv  msg = 8388608 chunk = 131072  1024 3572.4000 286642.0334   128 1 1 1.00 1  2147483648 16777216 16777216 16777216.00 16777216     0 0 0 0.00 0   256 2 2 2.00 2     0 0 0 0.00 0  1 1 1.00 1  8388608 8388608 8388608.00 8388608     0 0 0 0.00 0  
M  1 MPI_Alltoallv  msg = 8388608 chunk = 131072  2048 37968.8000 53939.0236   256 1 1 1.00 1  17179869184 117440512 16777216 67108864.00 67108864     0 0 0 0.00 0  2048 14 2 8.00 8     0 0 0 0.00 0  8 1 2.98 2  67108864 8388608 8388608.00 33554432     0 0 0 0.00 0  
M  2 MPI_Alltoallv  msg = 8388608 chunk = 131072  4096 59410.9000 68943.5777   512 1 1 1.00 1  32212254720 117440512 8388608 62914560.00 58720256     0 0 0 0.00 0  3840 14 1 7.50 7     0 0 0 0.00 0  12 1 3.75 2  100663296 8388608 8388608.00 50331648     0 0 0 0.00 0  
M  3 MPI_Alltoallv  msg = 8388608 chunk = 131072  8192 132757.5000 61706.4949  1024 1 1 1.00 1  68719476736 125829120 8388608 67108864.00 67108864     0 0 0 0.00 0  8192 15 1 8.00 8     0 0 0 0.00 0  28 1 4.00 2  234881024 8388608 8388608.00 117440512     0 0 0 0.00 0  
M  4 MPI_Alltoallv  msg = 8388608 chunk = 131072  2048 39347.9000 52048.5210   256 1 1 1.00 1  17179869184 117440512 16777216 67108864.00 67108864     0 0 0 0.00 0  2048 14 2 8.00 8     0 0 0 0.00 0  8 1 2.53 2  67108864 8388608 8388608.00 33554432     0 0 0 0.00 0  
M  5 MPI_Alltoallv  msg = 8388608 chunk = 131072  2048 3630.5000 564109.6268   256 1 1 1.00 1  6442450944 25165824 25165824 25165824.00 25165824     0 0 0 0.00 0   768 3 3 3.00 3     0 0 0 0.00 0  1 1 1.00 1  8388608 8388608 8388608.00 8388608     0 0 0 0.00 0  
M  6 MPI_Alltoallv  msg = 8388608 chunk = 131072  4096 41748.9000 98110.3694   512 1 1 1.00 1  32212254720 117440512 8388608 62914560.00 67108864     0 0 0 0.00 0  3840 14 1 7.50 8     0 0 0 0.00 0  8 1 2.93 2  67108864 8388608 8388608.00 33554432     0 0 0 0.00 0  
M  7 MPI_Alltoallv  msg = 8388608 chunk = 131072  8192 65660.4000 124763.1754  1024 1 1 1.00 1  68719476736 125829120 8388608 67108864.00 67108864     0 0 0 0.00 0  8192 15 1 8.00 8     0 0 0 0.00 0  16 1 3.94 2  134217728 8388608 8388608.00 67108864     0 0 0 0.00 0  
M  8 MPI_Alltoallv  msg = 8388608 chunk = 131072  4096 48781.0000 83967.1183   512 1 1 1.00 1  32212254720 117440512 8388608 62914560.00 58720256     0 0 0 0.00 0  3840 14 1 7.50 7     0 0 0 0.00 0  8 1 3.87 4  67108864 8388608 8388608.00 33554432     0 0 0 0.00 0  
M  9 MPI_Alltoallv  msg = 8388608 chunk = 131072  4096 41683.2000 98265.0084   512 1 1 1.00 1  32212254720 117440512 8388608 62914560.00 67108864     0 0 0 0.00 0  3840 14 1 7.50 8     0 0 0 0.00 0  8 1 2.47 2  67108864 8388608 8388608.00 33554432     0 0 0 0.00 0  
M  10 MPI_Alltoallv  msg = 8388608 chunk = 131072  4096 4953.7000 826856.6930   512 1 1 1.00 1  4294967296 8388608 8388608 8388608.00 8388608     0 0 0 0.00 0   512 1 1 1.00 1     0 0 0 0.00 0  1 1 1.00 1  8388608 8388608 8388608.00 8388608     0 0 0 0.00 0  
M  11 MPI_Alltoallv  msg = 8388608 chunk = 131072  8192 42867.0000 191102.7130  1024 1 1 1.00 1  68719476736 125829120 8388608 67108864.00 67108864     0 0 0 0.00 0  8192 15 1 8.00 8     0 0 0 0.00 0  8 1 3.08 2  67108864 8388608 8388608.00 33554432     0 0 0 0.00 0  
M  12 MPI_Alltoallv  msg = 8388608 chunk = 131072  8192 60706.2000 134945.0303  1024 1 1 1.00 1  68719476736 125829120 8388608 67108864.00 67108864     0 0 0 0.00 0  8192 15 1 8.00 8     0 0 0 0.00 0  16 1 5.20 5  134217728 8388608 8388608.00 67108864     0 0 0 0.00 0  
M  13 MPI_Alltoallv  msg = 8388608 chunk = 131072  8192 47938.2000 170886.6833  1024 1 1 1.00 1  68719476736 125829120 8388608 67108864.00 67108864     0 0 0 0.00 0  8192 15 1 8.00 8     0 0 0 0.00 0  8 1 3.88 4  67108864 8388608 8388608.00 33554432     0 0 0 0.00 0  
M  14 MPI_Alltoallv  msg = 8388608 chunk = 131072  8192 41534.3000 197234.5748  1024 1 1 1.00 1  68719476736 125829120 8388608 67108864.00 67108864     0 0 0 0.00 0  8192 15 1 8.00 8     0 0 0 0.00 0  8 1 2.39 2  67108864 8388608 8388608.00 33554432     0 0 0 0.00 0  
M  15 MPI_Alltoallv  msg = 8388608 chunk = 131072  8192 4903.6000 1670609.3482  1024 1 1 1.00 1  17179869184 16777216 16777216 16777216.00 16777216     0 0 0 0.00 0  2048 2 2 2.00 2     0 0 0 0.00 0  1 1 1.00 1  8388608 8388608 8388608.00 8388608     0 0 0 0.00 0  
M  16 MPI_Alltoallv  msg = 8388608 chunk = 131072  1024 18861.0000 54291.9251   128 1 1 1.00 1  10066329600 83886080 75497472 78643200.00 75497472     0 0 0 0.00 0  1200 10 9 9.38 9     0 0 0 0.00 0  5 1 2.78 3  41943040 8388608 8388608.00 25165824     0 0 0 0.00 0  
M  17 MPI_Alltoallv  msg = 8388608 chunk = 131072  1024 4878.2000 209913.4927   128 1 1 1.00 1  1879048192 16777216 8388608 14680064.00 16777216     0 0 0 0.00 0   224 2 1 1.75 2     0 0 0 0.00 0  1 1 1.00 1  8388608 8388608 8388608.00 8388608     0 0 0 0.00 0  
M  18 MPI_Alltoallv  msg = 8388608 chunk = 131072  1024 4931.0000 207665.7879   128 1 1 1.00 1  2684354560 25165824 16777216 20971520.00 25165824     0 0 0 0.00 0   320 3 2 2.50 3     0 0 0 0.00 0  1 1 1.00 1  8388608 8388608 8388608.00 8388608     0 0 0 0.00 0  
M  19 MPI_Alltoallv  msg = 8388608 chunk = 131072  2048 42041.0000 48714.3503   256 1 1 1.00 1  14763950080 109051904 8388608 57671680.00 58720256     0 0 0 0.00 0  1760 13 1 6.88 7     0 0 0 0.00 0  8 1 3.10 2  67108864 8388608 8388608.00 33554432     0 0 0 0.00 0  
M  20 MPI_Alltoallv  msg = 8388608 chunk = 131072  2048 40897.0000 50077.0228   256 1 1 1.00 1  14495514624 109051904 8388608 56623104.00 58720256     0 0 0 0.00 0  1728 13 1 6.75 7     0 0 0 0.00 0  8 1 3.00 2  67108864 8388608 8388608.00 33554432     0 0 0 0.00 0  
M  21 MPI_Alltoallv  msg = 8388608 chunk = 131072  2048 39714.3000 51568.3268   256 1 1 1.00 1  13958643712 109051904 8388608 54525952.00 58720256     0 0 0 0.00 0  1664 13 1 6.50 7     0 0 0 0.00 0  8 1 3.15 2  67108864 8388608 8388608.00 33554432     0 0 0 0.00 0  
M  22 MPI_Alltoallv  msg = 8388608 chunk = 131072  4096 61109.5000 67027.2216   512 1 1 1.00 1  28856811520 109051904 8388608 56360960.00 58720256     0 0 0 0.00 0  3440 13 1 6.72 7     0 0 0 0.00 0  12 1 4.02 2  100663296 8388608 8388608.00 50331648     0 0 0 0.00 0  
M  23 MPI_Alltoallv  msg = 8388608 chunk = 131072  4096 64413.0000 63589.6481   512 1 1 1.00 1  28722593792 100663296 8388608 56098816.00 58720256     0 0 0 0.00 0  3424 12 1 6.69 7     0 0 0 0.00 0  12 1 3.89 2  100663296 8388608 8388608.00 50331648     0 0 0 0.00 0  
M  24 MPI_Alltoallv  msg = 8388608 chunk = 131072  4096 66024.3000 62037.7649   512 1 1 1.00 1  28454158336 100663296 8388608 55574528.00 58720256     0 0 0 0.00 0  3392 12 1 6.62 7     0 0 0 0.00 0  12 1 3.93 2  100663296 8388608 8388608.00 50331648     0 0 0 0.00 0  
M  25 MPI_Alltoallv  msg = 8388608 chunk = 131072  8192 139503.5000 58722.5410  1024 1 1 1.00 1  62008590336 117440512 8388608 60555264.00 58720256     0 0 0 0.00 0  7392 14 1 7.22 7     0 0 0 0.00 0  28 1 4.64 2  234881024 8388608 8388608.00 117440512     0 0 0 0.00 0  
M  26 MPI_Alltoallv  msg = 8388608 chunk = 131072  8192 132149.2000 61990.5380  1024 1 1 1.00 1  61740154880 117440512 8388608 60293120.00 58720256     0 0 0 0.00 0  7360 14 1 7.19 7     0 0 0 0.00 0  28 1 4.55 2  234881024 8388608 8388608.00 117440512     0 0 0 0.00 0  
M  27 MPI_Alltoallv  msg = 8388608 chunk = 131072  8192 136357.2000 60077.5023  1024 1 1 1.00 1  61203283968 117440512 8388608 59768832.00 58720256     0 0 0 0.00 0  7296 14 1 7.12 7     0 0 0 0.00 0  28 1 4.56 2  234881024 8388608 8388608.00 117440512     0 0 0 0.00 0  
M  28 MPI_Alltoallv  msg = 8388608 chunk = 131072  2048 41533.5000 49309.5935   256 1 1 1.00 1  14495514624 109051904 8388608 56623104.00 58720256     0 0 0 0.00 0  1728 13 1 6.75 7     0 0 0 0.00 0  8 1 2.54 2  67108864 8388608 8388608.00 33554432     0 0 0 0.00 0  
M  29 MPI_Alltoallv  msg = 8388608 chunk = 131072  2048 41445.0000 49414.8872   256 1 1 1.00 1  13958643712 100663296 8388608 54525952.00 58720256     0 0 0 0.00 0  1664 12 1 6.50 7     0 0 0 0.00 0  8 1 2.45 2  67108864 8388608 8388608.00 33554432     0 0 0 0.00 0  
M  30 MPI_Alltoallv  msg = 8388608 chunk = 131072  2048 41552.2000 49287.4024   256 1 1 1.00 1  12884901888 100663296 8388608 50331648.00 50331648     0 0 0 0.00 0  1536 12 0 6.00 6     0 0 0 0.00 0  8 1 2.49 2  67108864 8388608 8388608.00 33554432     0 0 0 0.00 0  
M  31 MPI_Alltoallv  msg = 8388608 chunk = 131072  2048 6955.3000 294451.7131   256 1 1 1.00 1  5905580032 25165824 16777216 23068672.00 25165824     0 0 0 0.00 0   704 3 2 2.75 3     0 0 0 0.00 0  1 1 1.00 1  8388608 8388608 8388608.00 8388608     0 0 0 0.00 0  
M  32 MPI_Alltoallv  msg = 8388608 chunk = 131072  2048 7493.3000 273310.8243   256 1 1 1.00 1  7516192768 33554432 25165824 29360128.00 33554432     0 0 0 0.00 0   896 4 3 3.50 4     0 0 0 0.00 0  2 1 1.08 1  16777216 8388608 8388608.00 8388608     0 0 0 0.00 0  
M  33 MPI_Alltoallv  msg = 8388608 chunk = 131072  2048 4954.9000 413328.2205   256 1 1 1.00 1  2147483648 8388608 8388608 8388608.00 8388608     0 0 0 0.00 0   256 1 1 1.00 1     0 0 0 0.00 0  1 1 1.00 1  8388608 8388608 8388608.00 8388608     0 0 0 0.00 0  
M  34 MPI_Alltoallv  msg = 8388608 chunk = 131072  4096 42647.4000 96043.3696   512 1 1 1.00 1  30333206528 100663296 16777216 59244544.00 58720256     0 0 0 0.00 0  3616 12 2 7.06 7     0 0 0 0.00 0  8 1 2.86 2  67108864 8388608 8388608.00 33554432     0 0 0 0.00 0  
M  35 MPI_Alltoallv  msg = 8388608 chunk = 131072  4096 41052.2000 99775.4079   512 1 1 1.00 1  30601641984 109051904 16777216 59768832.00 58720256     0 0 0 0.00 0  3648 13 2 7.12 7     0 0 0 0.00 0  8 1 3.17 2  67108864 8388608 8388608.00 33554432     0 0 0 0.00 0  
M  36 MPI_Alltoallv  msg = 8388608 chunk = 131072  4096 42136.1000 97208.8067   512 1 1 1.00 1  31138512896 109051904 8388608 60817408.00 58720256     0 0 0 0.00 0  3712 13 1 7.25 7     0 0 0 0.00 0  8 1 3.14 2  67108864 8388608 8388608.00 33554432     0 0 0 0.00 0  
M  37 MPI_Alltoallv  msg = 8388608 chunk = 131072  8192 63893.1000 128214.1577  1024 1 1 1.00 1  63887638528 117440512 8388608 62390272.00 58720256     0 0 0 0.00 0  7616 14 1 7.44 7     0 0 0 0.00 0  12 1 4.33 4  100663296 8388608 8388608.00 50331648     0 0 0 0.00 0  
M  38 MPI_Alltoallv  msg = 8388608 chunk = 131072  8192 65593.2000 124890.9948  1024 1 1 1.00 1  63350767616 117440512 8388608 61865984.00 58720256     0 0 0 0.00 0  7552 14 1 7.38 7     0 0 0 0.00 0  12 1 4.33 4  100663296 8388608 8388608.00 50331648     0 0 0 0.00 0  
M  39 MPI_Alltoallv  msg = 8388608 chunk = 131072  8192 66725.4000 122771.8380  1024 1 1 1.00 1  62277025792 117440512 8388608 60817408.00 58720256     0 0 0 0.00 0  7424 14 1 7.25 7     0 0 0 0.00 0  16 1 4.55 4  134217728 8388608 8388608.00 67108864     0 0 0 0.00 0  
M  40 MPI_Alltoallv  msg = 8388608 chunk = 131072  4096 46765.1000 87586.6832   512 1 1 1.00 1  32212254720 117440512 8388608 62914560.00 67108864     0 0 0 0.00 0  3840 14 1 7.50 8     0 0 0 0.00 0  8 1 3.93 4  67108864 8388608 8388608.00 33554432     0 0 0 0.00 0  
M  41 MPI_Alltoallv  msg = 8388608 chunk = 131072  4096 49105.3000 83412.5848   512 1 1 1.00 1  27917287424 109051904 8388608 54525952.00 50331648     0 0 0 0.00 0  3328 13 0 6.50 6     0 0 0 0.00 0  8 1 3.85 4  67108864 8388608 8388608.00 33554432     0 0 0 0.00 0  
M  42 MPI_Alltoallv  msg = 8388608 chunk = 131072  4096 47037.9000 87078.7174   512 1 1 1.00 1  27917287424 109051904 8388608 54525952.00 58720256     0 0 0 0.00 0  3328 13 0 6.50 7     0 0 0 0.00 0  8 1 3.85 4  67108864 8388608 8388608.00 33554432     0 0 0 0.00 0  
M  43 MPI_Alltoallv  msg = 8388608 chunk = 131072  4096 41666.1000 98305.3370   512 1 1 1.00 1  33285996544 117440512 8388608 65011712.00 67108864     0 0 0 0.00 0  3968 14 1 7.75 8     0 0 0 0.00 0  8 1 2.46 2  67108864 8388608 8388608.00 33554432     0 0 0 0.00 0  
M  44 MPI_Alltoallv  msg = 8388608 chunk = 131072  4096 41216.9000 99376.7120   512 1 1 1.00 1  32212254720 117440512 8388608 62914560.00 67108864     0 0 0 0.00 0  3840 14 1 7.50 8     0 0 0 0.00 0  8 1 2.58 2  67108864 8388608 8388608.00 33554432     0 0 0 0.00 0  
M  45 MPI_Alltoallv  msg = 8388608 chunk = 131072  4096 41399.7000 98937.9150   512 1 1 1.00 1  27917287424 109051904 8388608 54525952.00 58720256     0 0 0 0.00 0  3328 13 0 6.50 7     0 0 0 0.00 0  8 1 2.57 2  67108864 8388608 8388608.00 33554432     0 0 0 0.00 0  
M  46 MPI_Alltoallv  msg = 8388608 chunk = 131072  4096 6331.8000 646893.4584   512 1 1 1.00 1  14495514624 33554432 25165824 28311552.00 25165824     0 0 0 0.00 0  1728 4 3 3.38 3     0 0 0 0.00 0  2 1 1.17 1  16777216 8388608 8388608.00 8388608     0 0 0 0.00 0  
M  47 MPI_Alltoallv  msg = 8388608 chunk = 131072  4096 4936.5000 829737.6684   512 1 1 1.00 1  7516192768 16777216 8388608 14680064.00 16777216     0 0 0 0.00 0   896 2 1 1.75 2     0 0 0 0.00 0  1 1 1.00 1  8388608 8388608 8388608.00 8388608     0 0 0 0.00 0  
M  48 MPI_Alltoallv  msg = 8388608 chunk = 131072  4096 4937.2000 829620.0275   512 1 1 1.00 1  10737418240 25165824 16777216 20971520.00 25165824     0 0 0 0.00 0  1280 3 2 2.50 3     0 0 0 0.00 0  2 1 1.25 1  16777216 8388608 8388608.00 8388608     0 0 0 0.00 0  
M  49 MPI_Alltoallv  msg = 8388608 chunk = 131072  8192 41465.7000 197560.8756  1024 1 1 1.00 1  67645734912 125829120 8388608 66060288.00 67108864     0 0 0 0.00 0  8064 15 1 7.88 8     0 0 0 0.00 0  8 1 3.45 4  67108864 8388608 8388608.00 33554432     0 0 0 0.00 0  
M  50 MPI_Alltoallv  msg = 8388608 chunk = 131072  8192 42212.4000 194066.1986  1024 1 1 1.00 1  66571993088 125829120 8388608 65011712.00 67108864     0 0 0 0.00 0  7936 15 1 7.75 8     0 0 0 0.00 0  8 1 3.40 4  67108864 8388608 8388608.00 33554432     0 0 0 0.00 0  
M  51 MPI_Alltoallv  msg = 8388608 chunk = 131072  8192 43741.0000 187284.2413  1024 1 1 1.00 1  64424509440 125829120 8388608 62914560.00 67108864     0 0 0 0.00 0  7680 15 1 7.50 8     0 0 0 0.00 0  8 1 3.38 4  67108864 8388608 8388608.00 33554432     0 0 0 0.00 0  
M  52 MPI_Alltoallv  msg = 8388608 chunk = 131072  8192 70176.5000 116734.2344  1024 1 1 1.00 1  60129542144 117440512 8388608 58720256.00 58720256     0 0 0 0.00 0  7168 14 0 7.00 7     0 0 0 0.00 0  16 1 4.95 5  134217728 8388608 8388608.00 67108864     0 0 0 0.00 0  
M  53 MPI_Alltoallv  msg = 8388608 chunk = 131072  8192 73852.6000 110923.6506  1024 1 1 1.00 1  60129542144 117440512 8388608 58720256.00 58720256     0 0 0 0.00 0  7168 14 0 7.00 7     0 0 0 0.00 0  16 1 4.95 5  134217728 8388608 8388608.00 67108864     0 0 0 0.00 0  
M  54 MPI_Alltoallv  msg = 8388608 chunk = 131072  8192 73719.7000 111123.6210  1024 1 1 1.00 1  60129542144 117440512 8388608 58720256.00 58720256     0 0 0 0.00 0  7168 14 0 7.00 7     0 0 0 0.00 0  16 1 4.95 5  134217728 8388608 8388608.00 67108864     0 0 0 0.00 0  
M  55 MPI_Alltoallv  msg = 8388608 chunk = 131072  8192 48905.2000 167507.7497  1024 1 1 1.00 1  64424509440 117440512 8388608 62914560.00 58720256     0 0 0 0.00 0  7680 14 1 7.50 7     0 0 0 0.00 0  8 1 3.87 4  67108864 8388608 8388608.00 33554432     0 0 0 0.00 0  
M  56 MPI_Alltoallv  msg = 8388608 chunk = 131072  8192 51259.2000 159815.2137  1024 1 1 1.00 1  60129542144 117440512 8388608 58720256.00 58720256     0 0 0 0.00 0  7168 14 0 7.00 7     0 0 0 0.00 0  8 1 3.86 4  67108864 8388608 8388608.00 33554432     0 0 0 0.00 0  
M  57 MPI_Alltoallv  msg = 8388608 chunk = 131072  8192 49693.4000 164850.8655  1024 1 1 1.00 1  60129542144 117440512 8388608 58720256.00 58720256     0 0 0 0.00 0  7168 14 0 7.00 7     0 0 0 0.00 0  8 1 3.86 4  67108864 8388608 8388608.00 33554432     0 0 0 0.00 0  
M  58 MPI_Alltoallv  msg = 8388608 chunk = 131072  8192 40995.3000 199827.7851  1024 1 1 1.00 1  66571993088 125829120 8388608 65011712.00 67108864     0 0 0 0.00 0  7936 15 1 7.75 8     0 0 0 0.00 0  8 1 2.46 2  67108864 8388608 8388608.00 33554432     0 0 0 0.00 0  
M  59 MPI_Alltoallv  msg = 8388608 chunk = 131072  8192 42396.7000 193222.5857  1024 1 1 1.00 1  64424509440 117440512 8388608 62914560.00 67108864     0 0 0 0.00 0  7680 14 1 7.50 8     0 0 0 0.00 0  8 1 2.42 2  67108864 8388608 8388608.00 33554432     0 0 0 0.00 0  
M  60 MPI_Alltoallv  msg = 8388608 chunk = 131072  8192 41642.1000 196723.9885  1024 1 1 1.00 1  60129542144 117440512 8388608 58720256.00 58720256     0 0 0 0.00 0  7168 14 0 7.00 7     0 0 0 0.00 0  8 1 2.46 2  67108864 8388608 8388608.00 33554432     0 0 0 0.00 0  
M  61 MPI_Alltoallv  msg = 8388608 chunk = 131072  8192 7135.9000 1147998.1502  1024 1 1 1.00 1  23622320128 25165824 16777216 23068672.00 25165824     0 0 0 0.00 0  2816 3 2 2.75 3     0 0 0 0.00 0  1 1 1.00 1  8388608 8388608 8388608.00 8388608     0 0 0 0.00 0  
M  62 MPI_Alltoallv  msg = 8388608 chunk = 131072  8192 7396.9000 1107490.9759  1024 1 1 1.00 1  30064771072 33554432 25165824 29360128.00 33554432     0 0 0 0.00 0  3584 4 3 3.50 4     0 0 0 0.00 0  2 1 1.17 1  16777216 8388608 8388608.00 8388608     0 0 0 0.00 0  
M  63 MPI_Alltoallv  msg = 8388608 chunk = 131072  8192 4965.8000 1649683.8374  1024 1 1 1.00 1  8589934592 8388608 8388608 8388608.00 8388608     0 0 0 0.00 0  1024 1 1 1.00 1     0 0 0 0.00 0  1 1 1.00 1  8388608 8388608 8388608.00 8388608     0 0 0 0.00 0  
M  64 MPI_Alltoallv  msg = 8388608 chunk = 131072  2048 81193.3000 25223.7561   256 1 1 1.00 1  12884901888 100663296 8388608 50331648.00 50331648     0 0 0 0.00 0  1536 12 0 6.00 6     0 0 0 0.00 0  16 1 5.49 5  134217728 8388608 8388608.00 67108864     0 0 0 0.00 0  
M  65 MPI_Alltoallv  msg = 8388608 chunk = 131072  2048 81737.1000 25055.9415   256 1 1 1.00 1  12884901888 100663296 8388608 50331648.00 50331648     0 0 0 0.00 0  1536 12 0 6.00 6     0 0 0 0.00 0  16 1 5.49 5  134217728 8388608 8388608.00 67108864     0 0 0 0.00 0  
M  66 MPI_Alltoallv  msg = 8388608 chunk = 131072  2048 80608.9000 25406.6238   256 1 1 1.00 1  12884901888 100663296 8388608 50331648.00 50331648     0 0 0 0.00 0  1536 12 0 6.00 6     0 0 0 0.00 0  16 1 5.49 5  134217728 8388608 8388608.00 67108864     0 0 0 0.00 0  
M  67 MPI_Alltoallv  msg = 8388608 chunk = 131072  2048 55740.1000 36741.9506   256 1 1 1.00 1  12884901888 100663296 8388608 50331648.00 50331648     0 0 0 0.00 0  1536 12 0 6.00 6     0 0 0 0.00 0  8 1 4.60 4  67108864 8388608 8388608.00 33554432     0 0 0 0.00 0  
M  68 MPI_Alltoallv  msg = 8388608 chunk = 131072  2048 55752.7000 36733.6470   256 1 1 1.00 1  12884901888 100663296 8388608 50331648.00 50331648     0 0 0 0.00 0  1536 12 0 6.00 6     0 0 0 0.00 0  8 1 4.60 4  67108864 8388608 8388608.00 33554432     0 0 0 0.00 0  
M  69 MPI_Alltoallv  msg = 8388608 chunk = 131072  2048 52081.2000 39323.2107   256 1 1 1.00 1  12884901888 100663296 8388608 50331648.00 50331648     0 0 0 0.00 0  1536 12 0 6.00 6     0 0 0 0.00 0  8 1 4.60 4  67108864 8388608 8388608.00 33554432     0 0 0 0.00 0  
M  70 MPI_Alltoallv  msg = 8388608 chunk = 131072  2048 48133.6000 42548.2407   256 1 1 1.00 1  12884901888 100663296 8388608 50331648.00 50331648     0 0 0 0.00 0  1536 12 0 6.00 6     0 0 0 0.00 0  8 1 3.69 4  67108864 8388608 8388608.00 33554432     0 0 0 0.00 0  
M  71 MPI_Alltoallv  msg = 8388608 chunk = 131072  2048 46131.4000 44394.9241   256 1 1 1.00 1  12884901888 100663296 8388608 50331648.00 50331648     0 0 0 0.00 0  1536 12 0 6.00 6     0 0 0 0.00 0  8 1 3.56 4  67108864 8388608 8388608.00 33554432     0 0 0 0.00 0  
M  72 MPI_Alltoallv  msg = 8388608 chunk = 131072  2048 46202.2000 44326.8935   256 1 1 1.00 1  12884901888 100663296 8388608 50331648.00 50331648     0 0 0 0.00 0  1536 12 0 6.00 6     0 0 0 0.00 0  8 1 3.69 4  67108864 8388608 8388608.00 33554432     0 0 0 0.00 0  
M  73 MPI_Alltoallv  msg = 8388608 chunk = 131072  4096 81216.0000 50433.4121   512 1 1 1.00 1  27917287424 109051904 8388608 54525952.00 58720256     0 0 0 0.00 0  3328 13 0 6.50 7     0 0 0 0.00 0  16 1 5.78 5  134217728 8388608 8388608.00 67108864     0 0 0 0.00 0  
M  74 MPI_Alltoallv  msg = 8388608 chunk = 131072  4096 80691.5000 50761.2326   512 1 1 1.00 1  27917287424 109051904 8388608 54525952.00 58720256     0 0 0 0.00 0  3328 13 0 6.50 7     0 0 0 0.00 0  16 1 5.78 5  134217728 8388608 8388608.00 67108864     0 0 0 0.00 0  
M  75 MPI_Alltoallv  msg = 8388608 chunk = 131072  4096 81111.4000 50498.4503   512 1 1 1.00 1  27917287424 109051904 8388608 54525952.00 58720256     0 0 0 0.00 0  3328 13 0 6.50 7     0 0 0 0.00 0  16 1 5.78 5  134217728 8388608 8388608.00 67108864     0 0 0 0.00 0  
M  76 MPI_Alltoallv  msg = 8388608 chunk = 131072  4096 63056.0000 64958.1325   512 1 1 1.00 1  27917287424 109051904 8388608 54525952.00 58720256     0 0 0 0.00 0  3328 13 0 6.50 7     0 0 0 0.00 0  16 1 4.87 4  134217728 8388608 8388608.00 67108864     0 0 0 0.00 0  
M  77 MPI_Alltoallv  msg = 8388608 chunk = 131072  4096 67430.5000 60744.0253   512 1 1 1.00 1  27917287424 109051904 8388608 54525952.00 58720256     0 0 0 0.00 0  3328 13 0 6.50 7     0 0 0 0.00 0  16 1 4.87 4  134217728 8388608 8388608.00 67108864     0 0 0 0.00 0  
M  78 MPI_Alltoallv  msg = 8388608 chunk = 131072  4096 71305.0000 57443.3770   512 1 1 1.00 1  27917287424 109051904 8388608 54525952.00 58720256     0 0 0 0.00 0  3328 13 0 6.50 7     0 0 0 0.00 0  16 1 4.87 4  134217728 8388608 8388608.00 67108864     0 0 0 0.00 0  
M  79 MPI_Alltoallv  msg = 8388608 chunk = 131072  4096 49851.4000 82164.1920   512 1 1 1.00 1  27917287424 109051904 8388608 54525952.00 50331648     0 0 0 0.00 0  3328 13 0 6.50 6     0 0 0 0.00 0  8 1 3.85 4  67108864 8388608 8388608.00 33554432     0 0 0 0.00 0  
M  80 MPI_Alltoallv  msg = 8388608 chunk = 131072  4096 46554.4000 87983.0907   512 1 1 1.00 1  27917287424 109051904 8388608 54525952.00 58720256     0 0 0 0.00 0  3328 13 0 6.50 7     0 0 0 0.00 0  8 1 3.85 4  67108864 8388608 8388608.00 33554432     0 0 0 0.00 0  
M  81 MPI_Alltoallv  msg = 8388608 chunk = 131072  4096 47013.1000 87124.6525   512 1 1 1.00 1  27917287424 109051904 8388608 54525952.00 58720256     0 0 0 0.00 0  3328 13 0 6.50 7     0 0 0 0.00 0  8 1 3.85 4  67108864 8388608 8388608.00 33554432     0 0 0 0.00 0  
M  82 MPI_Alltoallv  msg = 8388608 chunk = 131072  8192 128525.6000 63738.2747  1024 1 1 1.00 1  60129542144 117440512 8388608 58720256.00 58720256     0 0 0 0.00 0  7168 14 0 7.00 7     0 0 0 0.00 0  16 1 6.05 5  134217728 8388608 8388608.00 67108864     0 0 0 0.00 0  
M  83 MPI_Alltoallv  msg = 8388608 chunk = 131072  8192 128226.8000 63886.8006  1024 1 1 1.00 1  60129542144 117440512 8388608 58720256.00 58720256     0 0 0 0.00 0  7168 14 0 7.00 7     0 0 0 0.00 0  16 1 6.05 5  134217728 8388608 8388608.00 67108864     0 0 0 0.00 0  
M  84 MPI_Alltoallv  msg = 8388608 chunk = 131072  8192 121075.6000 67660.2057  1024 1 1 1.00 1  60129542144 117440512 8388608 58720256.00 58720256     0 0 0 0.00 0  7168 14 0 7.00 7     0 0 0 0.00 0  16 1 6.05 5  134217728 8388608 8388608.00 67108864     0 0 0 0.00 0  
M  85 MPI_Alltoallv  msg = 8388608 chunk = 131072  8192 69945.4000 117119.9250  1024 1 1 1.00 1  60129542144 117440512 8388608 58720256.00 58720256     0 0 0 0.00 0  7168 14 0 7.00 7     0 0 0 0.00 0  16 1 4.95 5  134217728 8388608 8388608.00 67108864     0 0 0 0.00 0  
M  86 MPI_Alltoallv  msg = 8388608 chunk = 131072  8192 69981.7000 117059.1740  1024 1 1 1.00 1  60129542144 117440512 8388608 58720256.00 58720256     0 0 0 0.00 0  7168 14 0 7.00 7     0 0 0 0.00 0  16 1 4.95 5  134217728 8388608 8388608.00 67108864     0 0 0 0.00 0  
M  87 MPI_Alltoallv  msg = 8388608 chunk = 131072  8192 73654.2000 111222.4422  1024 1 1 1.00 1  60129542144 117440512 8388608 58720256.00 58720256     0 0 0 0.00 0  7168 14 0 7.00 7     0 0 0 0.00 0  16 1 4.95 5  134217728 8388608 8388608.00 67108864     0 0 0 0.00 0  
M  88 MPI_Alltoallv  msg = 8388608 chunk = 131072  8192 50954.5000 160770.8838  1024 1 1 1.00 1  60129542144 117440512 8388608 58720256.00 58720256     0 0 0 0.00 0  7168 14 0 7.00 7     0 0 0 0.00 0  8 1 3.86 4  67108864 8388608 8388608.00 33554432     0 0 0 0.00 0  
M  89 MPI_Alltoallv  msg = 8388608 chunk = 131072  8192 49502.9000 165485.2544  1024 1 1 1.00 1  60129542144 117440512 8388608 58720256.00 58720256     0 0 0 0.00 0  7168 14 0 7.00 7     0 0 0 0.00 0  8 1 3.86 4  67108864 8388608 8388608.00 33554432     0 0 0 0.00 0  
M  90 MPI_Alltoallv  msg = 8388608 chunk = 131072  8192 49702.2000 164821.6779  1024 1 1 1.00 1  60129542144 117440512 8388608 58720256.00 58720256     0 0 0 0.00 0  7168 14 0 7.00 7     0 0 0 0.00 0  8 1 3.86 4  67108864 8388608 8388608.00 33554432     0 0 0 0.00 0  
