O  0 OPTIQ_Alltoallv  msg = 8388608 chunk = 32768  1024 4550.0000 225054.9451   630 9 3 4.92 5  3704484872 14624778 19660 5880134.72 5360844  80368 375 1 127.57 100  2266 6 2 3.60 4  80368 281 1 109.34 102  6 1 1.42 1  3440640 32768 2333065.10 2949120  113161 464 3 149.49 107  
O  1 OPTIQ_Alltoallv  msg = 8388608 chunk = 32768  2048 25192.0000 81295.6494   605 6 1 2.36 2  17218794463 117440512 40095 28460817.29 24251577  459944 3328 4 760.24 636  5062 14 2 8.37 8  459969 2239 1 545.63 486  12 1 2.35 2  16613376 32768 8005080.73 8028160  525482 2751 1 622.61 501  
O  2 OPTIQ_Alltoallv  msg = 8388608 chunk = 32768  4096 51411.0000 79671.6656   971 5 1 1.90 2  32988765302 109051904 81972 33974011.64 29373790  875674 3072 3 901.83 768  7656 14 2 7.88 8  875699 4275 1 995.11 777  15 1 2.96 2  28114944 32768 12751856.56 8388608  1006746 5299 1 1145.33 805  
O  3 OPTIQ_Alltoallv  msg = 8388608 chunk = 32768  8192 63542.0000 128922.6024  1823 4 1 1.78 2  39892482151 125829120 60676 21882875.56 33554432  1872774 3584 3 1027.30 870  14860 15 1 8.15 8  1872774 4943 1 1121.42 774  15 1 2.88 2  31195136 32768 13562813.69 8388608  2134918 6991 1 1278.39 774  
O  4 OPTIQ_Alltoallv  msg = 8388608 chunk = 32768  2048 23624.0000 86691.5002   838 8 1 3.27 3  17260563804 84655675 53235 20597331.51 16729888  461224 2376 4 550.39 444  7171 14 2 8.56 9  461249 1602 2 567.34 522  13 1 2.69 2  12288000 32768 6474445.49 6127616  526760 1858 2 635.42 600  
O  5 OPTIQ_Alltoallv  msg = 8388608 chunk = 32768  2048 4820.0000 424896.2656  1846 12 3 7.21 7  10074914420 16149525 7880 5457700.12 4407170  241938 396 2 131.06 104  8740 5 3 4.73 5  241963 392 1 145.15 137  7 1 1.80 1  3342336 32768 2077811.51 2293760  307499 531 1 184.35 162  
O  6 OPTIQ_Alltoallv  msg = 8388608 chunk = 32768  4096 32557.0000 125810.1176  1340 7 1 2.62 3  32990208370 101385869 41485 24619558.49 19953080  875716 2844 4 653.52 518  10919 14 1 8.15 8  875741 2338 5 900.97 891  13 1 2.93 2  17203200 32768 8861248.77 8388608  1006813 2850 8 1033.69 1028  
O  7 OPTIQ_Alltoallv  msg = 8388608 chunk = 32768  8192 61393.0000 133435.4079  2788 7 1 2.72 3  70372184098 117440512 48210 25241099.03 19698759  1885456 3328 4 676.28 520  23217 15 1 8.33 8  1885456 3789 1 1067.04 962  16 1 3.39 2  20021248 32768 10280870.24 8388608  2147625 3971 1 1213.35 1066  
O  8 OPTIQ_Alltoallv  msg = 8388608 chunk = 32768  4096 40239.0000 101791.7940  1546 6 1 3.02 3  33666366803 113004598 39640 21776433.90 16348650  896358 3185 3 579.79 423  12373 14 2 8.00 8  896383 2526 5 868.59 819  17 1 3.29 2  16449536 32768 8968254.19 8355840  1027455 2635 5 957.55 934  
O  9 OPTIQ_Alltoallv  msg = 8388608 chunk = 32768  4096 34677.0000 118118.6377  1166 6 1 2.28 2  32729557198 108819620 98263 28069946.14 23798984  867754 3060 7 744.21 616  9582 14 1 8.22 8  867779 2347 12 900.19 815  13 1 2.73 2  18513920 32768 9308740.15 8388608  998851 2489 13 972.59 888  
O  10 OPTIQ_Alltoallv  msg = 8388608 chunk = 32768  4096 7674.0000 533750.3258  3353 12 3 6.55 6  19660159665 20976640 6144 5863453.52 4935680  469360 508 2 139.98 120  15871 5 1 4.73 5  469385 582 42 229.08 205  8 1 1.99 2  4358144 32768 2466151.39 2293760  600457 792 60 293.05 228  
O  11 OPTIQ_Alltoallv  msg = 8388608 chunk = 32768  8192 36033.0000 227347.1540  2638 7 1 2.58 2  69551069368 117440512 67848 26365075.58 20682840  1860400 3328 5 705.23 531  22369 15 1 8.48 9  1860400 2603 1 969.97 936  14 1 2.85 2  17596416 32768 8870236.17 8388608  2122569 3115 1 1102.63 1083  
O  12 OPTIQ_Alltoallv  msg = 8388608 chunk = 32768  8192 42075.0000 194699.9406  2842 7 1 2.78 3  71104758534 109051904 35696 25019267.61 18794046  1907798 3072 3 671.29 500  23796 15 4 8.37 8  1907798 2850 1 1077.24 1066  14 1 3.35 3  18513920 32768 10028865.93 8388608  2169942 2892 20 1071.58 1011  
O  13 OPTIQ_Alltoallv  msg = 8388608 chunk = 32768  8192 51225.0000 159921.9131  2709 7 1 2.65 3  70251314897 117440512 47985 25932563.64 21336237  1881782 3328 4 694.64 561  22905 15 1 8.46 8  1881782 3063 1 1097.89 1045  14 1 3.29 2  19890176 32768 10085008.21 8388608  2143926 3063 1 1115.47 1024  
O  14 OPTIQ_Alltoallv  msg = 8388608 chunk = 32768  8192 45230.0000 181118.7265  2677 7 1 2.61 3  65188148343 117440512 60907 24351194.75 21254620  1858322 3328 5 694.18 558  23113 15 1 8.63 9  1858322 2961 4 996.42 966  16 1 3.00 2  18055168 32768 9016795.99 8388608  2120466 2961 4 1082.98 1056  
O  15 OPTIQ_Alltoallv  msg = 8388608 chunk = 32768  8192 7394.0000 1107925.3449  1024 1 1 1.00 1     0 16777216 16777216 0.00 16777216  262144 256 256 256.00 256  2048 2 2 2.00 2  262144 256 256 256.00 256  1 1 1.00 1  8388608 8388608 8388608.00 8388608  524288 512 256 354.25 256  
O  16 OPTIQ_Alltoallv  msg = 8388608 chunk = 32768  1024 21859.0000 46845.6928   573 8 1 4.48 5  11124078236 92274688 57933 19413749.10 14234231  306676 2560 8 535.21 396  5872 11 9 10.25 10  306701 1233 1 484.52 400  13 1 3.74 2  13402112 32768 7089165.71 6389760  339444 1489 1 537.09 400  
O  17 OPTIQ_Alltoallv  msg = 8388608 chunk = 32768  1024 3220.0000 318012.4224  1187 15 5 9.27 9  4328928427 11217672 3648 3646948.97 3017450  99522 285 2 83.84 69  4901 6 1 4.13 4  99547 262 1 95.08 98  6 1 1.68 1  1998848 32768 1483531.39 1835008  132315 518 1 126.38 100  
O  18 OPTIQ_Alltoallv  msg = 8388608 chunk = 32768  1024 4527.0000 226198.3654   974 13 4 7.61 8  4746447174 13108400 5120 4873149.05 3987565  112072 325 3 115.06 96  4338 6 2 4.45 4  112097 388 2 123.32 102  7 1 1.70 1  2785280 32768 1859763.76 2424832  144865 643 2 159.37 103  
O  19 OPTIQ_Alltoallv  msg = 8388608 chunk = 32768  2048 29021.0000 70569.5875   640 6 1 2.50 2  15491605612 100663296 45180 24205633.77 18230535  407248 2816 5 636.33 460  4845 13 1 7.57 8  407273 2170 3 653.73 603  12 1 2.50 2  15564800 32768 8022882.50 7995392  472784 2682 3 755.25 660  
O  20 OPTIQ_Alltoallv  msg = 8388608 chunk = 32768  2048 22783.0000 89891.5858   664 6 1 2.59 2  15617908944 109051904 44616 23520947.20 18682700  411084 3072 5 619.10 496  5059 13 1 7.62 8  411109 1789 1 646.40 554  12 1 2.57 2  15499264 32768 7939951.28 7602176  476620 2260 1 747.05 629  
O  21 OPTIQ_Alltoallv  msg = 8388608 chunk = 32768  2048 26256.0000 78001.2188   598 7 1 2.34 2  15065540133 109051904 86878 25193210.92 19857774  394240 3072 7 659.26 504  4430 13 1 7.41 8  394265 1910 8 611.26 493  12 1 2.46 2  16384000 32768 8351407.96 8388608  459777 2420 8 711.73 496  
O  22 OPTIQ_Alltoallv  msg = 8388608 chunk = 32768  4096 30815.0000 132922.2781  1471 8 1 2.87 3  31672943198 106788968 41360 21531572.53 15154140  835528 2988 4 568.00 387  10956 13 1 7.45 7  835553 2620 3 887.94 783  14 1 3.37 3  17170432 32768 9742709.57 8388608  966625 3644 3 1027.23 801  
O  23 OPTIQ_Alltoallv  msg = 8388608 chunk = 32768  4096 28624.0000 143096.7021  1452 8 1 2.84 3  31375244424 92274688 60907 21608295.06 16368219  826442 2560 5 569.17 423  11001 12 1 7.58 8  826467 2808 1 908.21 797  15 1 3.41 2  18087936 32768 9737994.65 8388608  957539 3832 1 1052.24 801  
O  24 OPTIQ_Alltoallv  msg = 8388608 chunk = 32768  4096 40370.0000 101461.4813  1199 5 1 2.34 2  30455500707 100663296 63546 25400751.22 20590218  798382 2816 5 665.87 516  8861 12 1 7.39 8  798407 3002 2 964.26 783  16 1 3.24 2  21889024 32768 11119513.94 8388608  929479 4026 2 1122.56 818  
O  25 OPTIQ_Alltoallv  msg = 8388608 chunk = 32768  8192 47907.0000 170997.9752  2595 6 1 2.53 2  65816120980 107225001 64860 25362667.04 19555398  1746416 3012 4 672.99 510  20329 14 2 7.83 8  1746416 3601 7 1265.52 1133  17 1 3.52 2  22413312 32768 11396795.51 8650752  2008560 5649 7 1455.48 1133  
O  26 OPTIQ_Alltoallv  msg = 8388608 chunk = 32768  8192 52934.0000 154758.7562  2212 6 1 2.16 2  60912547472 117440512 85974 27537318.03 24858768  1727840 3328 4 781.12 640  17230 14 1 7.79 8  1727840 3866 1 1296.20 1129  16 1 3.25 2  25460736 32768 12321956.86 9076736  1989984 5914 1 1492.86 1129  
O  27 OPTIQ_Alltoallv  msg = 8388608 chunk = 32768  8192 45514.0000 179988.5749  2588 6 1 2.53 2  65865970219 110865062 54610 25450529.45 19922944  1747920 3133 4 675.39 516  20143 14 1 7.78 8  1747920 3625 2 1268.45 1161  16 1 3.53 2  22544384 32768 11547296.13 8650752  2010064 5673 2 1458.68 1161  
O  28 OPTIQ_Alltoallv  msg = 8388608 chunk = 32768  2048 26501.0000 77280.1026   648 6 1 2.53 2  15264543526 100663296 81081 23556394.33 17617550  400318 2816 5 617.77 445  4844 13 1 7.48 8  400343 1669 5 696.25 657  11 1 2.60 2  15302656 32768 8180655.88 8388608  465879 1918 5 782.99 729  
O  29 OPTIQ_Alltoallv  msg = 8388608 chunk = 32768  2048 30239.0000 67727.1074   515 6 1 2.01 2  14494321891 92274688 179109 28144314.35 25165824  376806 2560 8 731.66 618  3771 12 1 7.32 8  376831 2388 3 860.34 766  11 1 2.71 2  20480000 32768 10412832.37 8388608  442343 2644 3 974.32 896  
O  30 OPTIQ_Alltoallv  msg = 8388608 chunk = 32768  2048 45815.0000 44701.5170   426 5 1 1.66 1  13897561295 92274688 75456 32623383.32 27240966  358594 2560 5 841.77 704  2986 12 1 7.01 7  358594 2878 6 958.81 753  11 1 2.59 2  25886720 98304 12064142.22 8388608  424155 3134 6 1079.27 768  
O  31 OPTIQ_Alltoallv  msg = 8388608 chunk = 32768  2048 4967.0000 412321.3207  2050 15 4 8.01 8  10035970792 16633728 5412 4895595.51 3713832  240684 420 2 117.41 90  9610 6 2 4.69 5  240684 367 1 157.72 156  8 1 1.97 2  2981888 32768 2054928.72 2654208  306245 582 1 200.55 159  
O  32 OPTIQ_Alltoallv  msg = 8388608 chunk = 32768  2048 5425.0000 377511.5207  2027 14 4 7.92 8  11031272923 18924030 6156 5442167.20 4318276  270762 480 2 133.58 105  10182 6 3 5.02 5  270762 452 1 188.42 187  9 1 2.12 2  3309568 32768 2294838.16 2981888  336323 652 1 233.88 187  
O  33 OPTIQ_Alltoallv  msg = 8388608 chunk = 32768  2048 4520.0000 453097.3451  2737 17 5 10.69 11  9189285610 11985395 3510 3357429.89 2972525  215944 288 2 78.90 72  12475 5 1 4.56 5  215969 410 1 137.30 121  7 1 2.17 2  2555904 32768 1602978.21 1998848  281505 666 1 178.96 122  
O  34 OPTIQ_Alltoallv  msg = 8388608 chunk = 32768  4096 33292.0000 123032.5604  1087 6 1 2.12 2  30800549810 100663296 49340 28335372.41 25116475  808884 2816 4 744.14 616  8401 12 2 7.73 8  808909 2528 1 1020.06 1024  13 1 2.79 2  20381696 32768 10212360.15 8388608  939981 3040 1 1180.88 1180  
O  35 OPTIQ_Alltoallv  msg = 8388608 chunk = 32768  4096 35793.0000 114435.7835  1164 5 1 2.27 2  31071157420 98594868 95650 26693434.21 23625840  817148 2750 5 702.02 608  9182 13 2 7.89 8  817173 2595 7 1012.61 1000  14 1 2.92 2  19791872 32768 9889011.13 8388608  948245 3107 7 1170.67 1187  
O  36 OPTIQ_Alltoallv  msg = 8388608 chunk = 32768  4096 37255.0000 109944.9738  1040 6 1 2.03 2  31692456434 108773704 117689 30473515.80 25679412  836112 3060 6 803.95 690  8218 13 1 7.90 8  836137 2812 2 1059.74 978  13 1 2.76 2  22085632 32768 10642271.76 8388608  967209 3283 2 1224.32 1123  
O  37 OPTIQ_Alltoallv  msg = 8388608 chunk = 32768  8192 39960.0000 205005.0050  2951 8 1 2.88 3  67086799256 109051904 54348 22733581.58 18181356  1785242 3072 5 604.96 476  23595 14 2 8.00 8  1785242 3184 4 1135.65 1070  15 1 3.51 3  18808832 32768 9990877.80 8388608  2047386 4208 4 1302.41 1130  
O  38 OPTIQ_Alltoallv  msg = 8388608 chunk = 32768  8192 41762.0000 196159.1878  2835 7 1 2.77 3  66468925593 109051904 47550 23445829.13 18357816  1766356 3072 4 623.05 480  22463 14 1 7.92 8  1766356 3475 2 1119.36 994  16 1 3.50 2  19693568 32768 10366482.84 8388608  2028500 4499 2 1285.49 1028  
O  39 OPTIQ_Alltoallv  msg = 8388608 chunk = 32768  8192 39793.0000 205865.3532  2352 5 1 2.30 2  65439443091 117440512 79457 27822892.47 22676520  1734934 3328 6 737.64 588  18391 14 1 7.82 8  1734934 3690 1 1217.50 1078  14 1 3.27 2  23461888 32768 11662850.10 8683520  1997078 4714 1 1401.46 1111  
O  40 OPTIQ_Alltoallv  msg = 8388608 chunk = 32768  4096 35565.0000 115169.4081  1610 7 1 3.14 3  33517725443 100663296 45630 20818463.01 15575584  891804 2816 4 553.92 420  13006 14 2 8.08 8  891829 2625 4 879.52 866  14 1 3.33 3  15826944 32768 8581054.98 8126464  1022901 2881 4 990.22 956  
O  41 OPTIQ_Alltoallv  msg = 8388608 chunk = 32768  4096 58934.0000 69501.4762  1298 6 1 2.54 2  31364196421 100663296 58656 24163479.52 19273232  826112 2816 5 636.45 495  9629 13 1 7.42 8  826137 3305 13 1082.75 976  17 1 3.38 2  20217856 32768 11024606.44 8880128  957209 3561 13 1219.37 1126  
O  42 OPTIQ_Alltoallv  msg = 8388608 chunk = 32768  4096 59428.0000 68923.7397  1197 6 1 2.34 2  31308655730 92274688 53770 26155936.28 20584350  824406 2560 4 688.73 530  8936 13 1 7.47 8  824431 3536 3 1138.72 1007  15 1 3.44 3  22216704 32768 12051232.91 9764864  955503 3792 3 1286.01 1139  
O  43 OPTIQ_Alltoallv  msg = 8388608 chunk = 32768  4096 39788.0000 102945.6117  1417 7 1 2.77 3  33847612004 104994617 68382 23886811.58 19317370  901876 2952 7 636.47 512  12014 14 1 8.48 9  901901 2365 3 869.72 893  13 1 2.90 2  15761408 32768 8167866.81 8060928  1032973 2621 3 983.78 992  
O  44 OPTIQ_Alltoallv  msg = 8388608 chunk = 32768  4096 40571.0000 100958.8129  1099 6 1 2.15 2  32715013751 117440512 73744 29767983.39 25165824  867320 3328 5 789.19 672  8982 14 1 8.17 8  867345 2449 1 900.67 831  11 1 2.60 2  19038208 32768 9463496.98 8388608  998417 2705 1 1014.65 918  
O  45 OPTIQ_Alltoallv  msg = 8388608 chunk = 32768  4096 55304.0000 74063.3589   895 5 1 1.75 2  29499418022 92274688 78276 32960243.60 28531701  769180 2560 5 859.42 756  6682 13 1 7.47 8  769205 3409 23 1192.57 1024  16 1 2.87 2  26902528 65536 12677033.75 8454144  900252 3665 23 1351.73 1189  
O  46 OPTIQ_Alltoallv  msg = 8388608 chunk = 32768  4096 7946.0000 515479.4865  3397 13 3 6.63 7  17278575140 24248226 5919 5086421.88 4617580  527260 615 2 155.21 114  17046 6 3 5.02 5  527285 601 6 263.25 252  10 1 2.29 2  4227072 32768 2904567.52 3932160  658357 808 6 328.69 272  
O  47 OPTIQ_Alltoallv  msg = 8388608 chunk = 32768  4096 6344.0000 645649.4325  3844 13 3 7.51 7  18388462229 20335212 6616 4783679.04 3946020  430354 510 2 111.95 93  16682 6 1 4.34 4  430379 624 2 210.45 201  7 1 2.09 2  3538944 32768 2302478.99 3211264  561451 880 2 274.55 204  
O  48 OPTIQ_Alltoallv  msg = 8388608 chunk = 32768  4096 6976.0000 587155.9633  3576 12 3 6.98 7  19519055187 18669378 8755 5458348.77 4458036  464634 475 2 129.93 108  16429 6 2 4.59 5  464659 493 5 235.87 236  8 1 2.04 2  3735552 32768 2428778.67 3244032  595731 728 5 302.40 262  
O  49 OPTIQ_Alltoallv  msg = 8388608 chunk = 32768  8192 44468.0000 184222.3621  2615 8 1 2.55 2  64638611293 122557560 67176 24718398.20 20967324  1841560 3486 5 704.23 540  22143 15 1 8.47 9  1841560 2567 1 946.82 904  13 1 2.76 2  17465344 32768 8597427.37 8355840  2103704 2966 1 1080.48 1033  
O  50 OPTIQ_Alltoallv  msg = 8388608 chunk = 32768  8192 38230.0000 214281.9775  2438 7 1 2.38 2  63795405109 125829120 54348 26167106.28 22853288  1815828 3584 5 744.80 581  20371 15 1 8.36 8  1815828 2844 2 951.69 862  13 1 2.74 2  18776064 32768 9145867.90 8388608  2077972 3356 2 1086.81 990  
O  51 OPTIQ_Alltoallv  msg = 8388608 chunk = 32768  8192 49667.0000 164938.4903  2102 6 1 2.05 2  52936705598 117440512 53910 25183970.31 26330304  1746580 3328 4 830.91 700  17079 15 1 8.13 8  1746580 3630 3 976.83 772  14 1 2.68 2  22282240 32768 10312058.28 8388608  2008724 4142 3 1122.19 911  
O  52 OPTIQ_Alltoallv  msg = 8388608 chunk = 32768  8192 78351.0000 104555.1429  2397 6 1 2.34 2  56742141669 109051904 73692 23672149.22 21616324  1731624 3072 5 722.41 558  18547 14 1 7.74 8  1731624 4535 6 1485.10 1436  17 1 3.75 3  25395200 32768 13241141.03 9994240  1993793 4791 39 1630.25 1578  
O  53 OPTIQ_Alltoallv  msg = 8388608 chunk = 32768  8192 88709.0000 92346.8870  2481 6 1 2.42 2  56926118759 109051904 46668 22944828.20 20469136  1737238 3072 3 700.22 534  19121 14 1 7.71 8  1737238 4228 7 1447.70 1375  16 1 3.76 3  24182784 32768 12879054.33 10223616  1999407 4484 7 1603.37 1492  
O  54 OPTIQ_Alltoallv  msg = 8388608 chunk = 32768  8192 92008.0000 89035.7360  2511 7 1 2.45 2  65461864627 109051904 58660 26070037.68 20179580  1735602 3072 4 691.20 528  19343 14 1 7.70 8  1735602 4466 2 1454.82 1400  16 1 3.79 3  24281088 32768 12830682.27 10354688  1997746 4722 4 1629.48 1547  
O  55 OPTIQ_Alltoallv  msg = 8388608 chunk = 32768  8192 54667.0000 149852.7448  2399 6 1 2.34 2  66628548691 109051904 53025 27773467.57 23564453  1771194 3072 4 738.31 610  19335 14 1 8.06 8  1771194 3190 5 1208.18 1195  15 1 3.23 2  21987328 32768 11123275.39 8388608  2033363 3446 5 1322.08 1306  
O  56 OPTIQ_Alltoallv  msg = 8388608 chunk = 32768  8192 86909.0000 94259.5128  2207 6 1 2.16 2  47456626789 109051904 63840 21502776.07 24003928  1710428 3072 4 775.00 600  16894 14 1 7.65 8  1710428 4123 1 1475.78 1388  18 1 3.51 3  26345472 32768 13438095.49 10158080  1972572 4379 1 1620.85 1530  
O  57 OPTIQ_Alltoallv  msg = 8388608 chunk = 32768  8192 80092.0000 102282.3753  2175 6 1 2.12 2  55834754497 109051904 89509 25671151.49 24333365  1703950 3072 5 783.43 630  16688 14 1 7.67 8  1703950 4557 3 1493.38 1427  13 1 3.47 2  26411008 32768 13402323.32 10256384  1966094 4813 3 1637.05 1581  
O  58 OPTIQ_Alltoallv  msg = 8388608 chunk = 32768  8192 35233.0000 232509.2953  2468 7 1 2.41 2  63417735106 117440512 69320 25696002.88 23189994  1804288 3328 5 731.07 600  20759 15 1 8.41 8  1804288 2589 4 957.18 924  13 1 2.76 2  17989632 32768 9021162.24 8388608  2066457 2845 4 1083.62 1049  
O  59 OPTIQ_Alltoallv  msg = 8388608 chunk = 32768  8192 50777.0000 161332.8869  2221 7 1 2.17 2  56737281336 117440512 74515 25545826.81 25165824  1731506 3328 6 779.61 658  18212 14 1 8.20 8  1731506 3112 1 1190.86 1196  14 1 2.94 2  22052864 32768 10543564.11 8388608  1993650 3368 19 1326.45 1333  
O  60 OPTIQ_Alltoallv  msg = 8388608 chunk = 32768  8192 65641.0000 124800.0488  1705 5 1 1.67 1  27787215573 117440512 104293 16297487.14 33554432  1634440 3328 6 958.62 792  13165 14 1 7.72 8  1634440 4035 11 1469.82 1403  13 1 2.84 2  30736384 32768 13388036.30 8519680  1896584 4291 30 1634.99 1565  
O  61 OPTIQ_Alltoallv  msg = 8388608 chunk = 32768  8192 10671.0000 767688.1267  3314 7 2 3.24 3  28557631762 36693440 10752 8617269.69 7331520  610356 888 2 184.18 154  12406 6 2 3.74 3  610356 830 9 299.49 288  8 1 1.76 1  7503872 32768 4046720.45 3571712  872500 1086 9 427.91 446  
O  62 OPTIQ_Alltoallv  msg = 8388608 chunk = 32768  8192 11029.0000 742769.0634  4952 10 2 4.84 5  37938283247 32970822 12284 7661204.21 6898320  896904 830 3 181.12 162  23187 6 3 4.68 5  896904 852 42 437.94 439  9 1 2.29 2  6455296 32768 3745531.05 3571712  1159073 1064 42 565.68 583  
O  63 OPTIQ_Alltoallv  msg = 8388608 chunk = 32768  8192 11416.0000 717589.3483  4666 9 2 4.56 4  32976314658 27962025 13645 7067362.76 5679785  745844 676 2 159.85 136  20042 5 1 4.30 5  745844 1012 71 364.36 337  7 1 1.97 2  5734400 32768 3248082.48 2949120  1008013 1268 87 491.95 474  
O  64 OPTIQ_Alltoallv  msg = 8388608 chunk = 32768  2048 60442.0000 33883.7232   529 6 1 2.07 2  15585023513 100663296 144834 29461292.09 24368058  410068 2816 5 775.18 630  3867 12 1 7.31 7  410068 3294 5 849.00 714  13 1 3.04 2  24870912 32768 12271332.18 8388608  475604 3550 5 955.03 768  
O  65 OPTIQ_Alltoallv  msg = 8388608 chunk = 32768  2048 62469.0000 32784.2610   552 5 1 2.16 2  15524379287 97063032 59915 28123875.52 24193746  408224 2706 4 739.54 610  3988 12 1 7.22 7  408224 3284 10 889.38 747  15 1 3.14 2  24739840 32768 12223754.08 8388608  473760 3540 15 1010.15 835  
O  66 OPTIQ_Alltoallv  msg = 8388608 chunk = 32768  2048 55755.0000 36732.1316   527 5 1 2.06 2  15547308823 92274688 110538 29501534.77 24539436  408948 2560 8 775.99 632  3874 12 1 7.35 7  408948 3359 5 910.80 768  14 1 3.11 2  25329664 32768 12488266.44 8847360  474509 3615 5 1033.79 872  
O  67 OPTIQ_Alltoallv  msg = 8388608 chunk = 32768  2048 36969.0000 55397.7657   716 7 1 2.80 3  15531943011 92274688 56350 21692657.84 14142177  408454 2560 3 570.47 376  5280 12 1 7.37 7  408454 2388 8 762.04 658  17 1 3.21 2  16777216 32768 9447508.71 8388608  473990 2644 8 882.66 798  
O  68 OPTIQ_Alltoallv  msg = 8388608 chunk = 32768  2048 41092.0000 49839.3848   670 8 1 2.62 2  15506384605 92274688 41445 23143857.62 16976152  407694 2560 3 608.50 445  4870 12 1 7.27 7  407719 2444 4 782.57 672  12 1 3.02 2  17137664 32768 9619603.37 8388608  473255 2700 4 908.36 775  
O  69 OPTIQ_Alltoallv  msg = 8388608 chunk = 32768  2048 35863.0000 57106.2097   687 7 1 2.68 3  15628374180 92274688 113463 22748725.15 16469520  411398 2560 5 598.83 425  5060 12 1 7.37 7  411423 2187 3 769.01 699  14 1 3.04 2  16777216 32768 9397578.66 8388608  476935 2443 3 886.50 792  
O  70 OPTIQ_Alltoallv  msg = 8388608 chunk = 32768  2048 36528.0000 56066.5791   763 7 1 2.98 3  15479035996 92274688 58656 20287072.08 14487411  406866 2560 5 533.25 371  5550 12 1 7.27 7  406891 2539 6 773.56 692  15 1 3.18 2  15237120 32768 8855645.73 8388608  472402 2795 6 893.01 808  
O  71 OPTIQ_Alltoallv  msg = 8388608 chunk = 32768  2048 41314.0000 49571.5738   668 7 1 2.61 2  15149451751 92274688 51618 22678819.99 15718955  396814 2560 4 594.03 404  4858 12 1 7.27 8  396839 2717 8 796.87 633  13 1 3.11 2  17858560 32768 9711721.03 8388608  462351 2973 8 922.86 760  
O  72 OPTIQ_Alltoallv  msg = 8388608 chunk = 32768  2048 40851.0000 50133.4117   643 7 1 2.51 2  15045093105 92274688 62132 23398278.55 18062996  393600 2560 4 612.13 460  4675 12 1 7.27 8  393625 2755 4 825.21 699  14 1 3.11 2  18415616 32768 10023296.77 8388608  459161 3011 4 948.68 805  
O  73 OPTIQ_Alltoallv  msg = 8388608 chunk = 32768  4096 70986.0000 57701.5186  1071 6 1 2.09 2  27667671912 100663296 80784 25833493.85 25098496  844358 2816 4 788.38 640  8052 13 1 7.52 7  844358 3937 3 1190.91 998  14 1 3.45 2  27820032 32768 13682744.11 9568256  975455 4193 21 1314.63 1112  
O  74 OPTIQ_Alltoallv  msg = 8388608 chunk = 32768  4096 79887.0000 51272.4223  1083 5 1 2.12 2  31982418353 100663296 66470 29531318.89 24288404  844950 2816 4 780.19 648  8141 13 1 7.52 8  844975 3798 1 1215.79 1001  15 1 3.51 2  27394048 32768 13815243.58 10223616  976047 4054 20 1333.40 1121  
O  75 OPTIQ_Alltoallv  msg = 8388608 chunk = 32768  4096 80003.0000 51198.0801  1053 6 1 2.06 2  27578169225 100663296 80658 26190094.23 25852530  841626 2816 4 799.26 660  7874 13 1 7.48 7  841651 3941 8 1188.77 944  14 1 3.38 2  27754496 32768 13685430.68 9797632  972723 4197 8 1316.27 1098  
O  76 OPTIQ_Alltoallv  msg = 8388608 chunk = 32768  4096 52415.0000 78145.5690  1362 8 1 2.66 3  31983276952 100663296 57192 23482582.20 19124880  844974 2816 4 620.39 490  10251 13 1 7.53 8  844999 3175 3 1066.92 977  18 1 3.55 3  19791872 32768 11093678.57 9175040  976071 3431 3 1209.51 1119  
O  77 OPTIQ_Alltoallv  msg = 8388608 chunk = 32768  4096 70182.0000 58362.5431  1306 7 1 2.55 2  31941195917 104188084 88605 24457270.99 19573414  843678 2928 4 646.00 508  9757 13 1 7.47 8  843703 3582 4 1084.45 985  15 1 3.45 3  20381696 32768 11282447.19 9043968  974775 3838 6 1230.78 1119  
O  78 OPTIQ_Alltoallv  msg = 8388608 chunk = 32768  4096 61352.0000 66762.2897  1333 7 1 2.60 2  31866457143 100663296 68754 23905819.31 17680900  841406 2816 4 631.21 468  10031 13 1 7.53 8  841431 3105 2 1054.42 903  18 1 3.50 2  20316160 32768 11126452.20 8585216  972503 3361 2 1191.79 1091  
O  79 OPTIQ_Alltoallv  msg = 8388608 chunk = 32768  4096 53999.0000 75853.2565  1216 6 1 2.38 2  30968786596 100663296 73213 25467752.13 20735880  814012 2816 4 669.42 520  9065 13 1 7.45 8  814037 3501 10 1122.81 975  14 1 3.39 2  21659648 32768 11581343.50 9371648  945109 3757 10 1273.73 1165  
O  80 OPTIQ_Alltoallv  msg = 8388608 chunk = 32768  4096 44209.0000 92650.8177  1215 6 1 2.37 2  31005818795 100663296 52955 25519192.42 19993020  815170 2816 4 670.92 520  9069 13 1 7.46 8  815195 3232 5 1129.08 1062  14 1 3.44 2  21889024 32768 11753774.77 9273344  946267 3488 5 1258.33 1191  
O  81 OPTIQ_Alltoallv  msg = 8388608 chunk = 32768  4096 56874.0000 72018.8487  1152 6 1 2.25 2  30945362011 100663296 66930 26862293.41 21640820  813324 2816 3 706.01 544  8586 13 1 7.45 8  813349 3711 7 1129.65 969  15 1 3.35 2  23035904 32768 12074119.44 8978432  944421 3967 7 1274.52 1152  
O  82 OPTIQ_Alltoallv  msg = 8388608 chunk = 32768  8192 97983.0000 83606.3399  2047 6 1 2.00 2  44704472758 109051904 78840 21839019.42 28250565  1757478 3072 4 858.56 742  15957 14 1 7.80 8  1757478 5023 4 1532.24 1301  17 1 3.82 3  32440320 32768 15851251.18 11403264  2019622 5279 12 1676.03 1483  
O  83 OPTIQ_Alltoallv  msg = 8388608 chunk = 32768  8192 104071.0000 78715.4923  2018 6 1 1.97 2  35927426625 110412218 80970 17803481.97 28501825  1751778 3120 4 868.08 744  15706 14 1 7.78 8  1751778 5280 9 1617.52 1341  18 1 3.86 3  33423360 32768 16246232.42 11960320  2013922 5536 18 1705.27 1413  
O  84 OPTIQ_Alltoallv  msg = 8388608 chunk = 32768  8192 105158.0000 77901.8239  2000 6 1 1.95 2  44539640365 117440512 81760 22269820.18 28704768  1752460 3328 4 876.23 750  15534 14 1 7.77 8  1752460 5108 5 1597.50 1299  17 1 3.80 2  33652736 32768 16156276.03 11599872  2014604 5364 8 1723.36 1442  
O  85 OPTIQ_Alltoallv  msg = 8388608 chunk = 32768  8192 90260.0000 90760.0266  2562 7 1 2.50 2  65630831433 109051904 68478 25617030.22 20205800  1740740 3072 5 679.45 528  19877 14 1 7.76 8  1740740 4079 7 1454.25 1472  18 1 3.86 3  23625728 32768 12778524.71 10223616  2002884 4335 26 1632.34 1664  
O  86 OPTIQ_Alltoallv  msg = 8388608 chunk = 32768  8192 90249.0000 90771.0889  2541 7 1 2.48 2  61259571749 109051904 58170 24108450.12 19872041  1738414 3072 4 684.15 520  19570 14 1 7.70 8  1738414 4423 4 1478.24 1508  18 1 3.90 3  24117248 32768 13069035.99 10780672  2000583 4679 4 1619.91 1643  
O  87 OPTIQ_Alltoallv  msg = 8388608 chunk = 32768  8192 79183.0000 103456.5500  2441 6 1 2.38 2  65276328670 105173809 59745 26741634.03 21049077  1729912 2952 3 708.69 544  18843 14 1 7.72 8  1729912 4456 5 1472.27 1424  16 1 3.73 3  24707072 32768 12931000.60 10059776  1992081 4712 24 1650.44 1573  
O  88 OPTIQ_Alltoallv  msg = 8388608 chunk = 32768  8192 103965.0000 78795.7486  2312 6 1 2.26 2  60237264868 109051904 74562 26054180.31 22088340  1707246 3072 3 738.43 560  17895 14 1 7.74 8  1707246 4466 15 1496.27 1477  15 1 3.69 3  25722880 32768 13336013.95 10420224  1969390 4722 15 1642.53 1613  
O  89 OPTIQ_Alltoallv  msg = 8388608 chunk = 32768  8192 91009.0000 90013.0756  2210 6 1 2.16 2  55858903578 109051904 63935 25275521.98 24347416  1704688 3072 4 771.35 625  17111 14 1 7.74 8  1704688 4585 10 1501.93 1427  17 1 3.58 3  26443776 32768 13502860.04 10518528  1966832 4841 30 1652.80 1582  
O  90 OPTIQ_Alltoallv  msg = 8388608 chunk = 32768  8192 91091.0000 89932.0460  2104 5 1 2.05 2  51316821813 109051904 53008 24390124.44 25165824  1697142 3072 3 806.63 654  16272 14 1 7.73 8  1697142 4457 3 1495.28 1448  16 1 3.43 2  27361280 32768 13553279.22 10354688  1959311 4713 38 1659.03 1591  
