327680 1
393216 5
458752 24
524288 14
589824 113
655360 174
720896 182
786432 193
851968 164
917504 153
983040 57
1048576 245
1114112 7
1179648 137
1245184 91
1310720 32
1376256 176
1441792 128
1507328 36
1572864 48
1638400 105
1703936 143
1769472 29
1835008 54
1900544 54
1966080 38
2031616 23
2097152 294
2162688 31
2228224 33
2293760 20
2359296 61
2424832 45
2490368 38
2555904 35
2621440 30
2686976 32
2752512 150
2818048 270
2883584 54
2949120 33
3014656 26
3080192 33
3145728 57
3211264 11
3276800 35
3342336 56
3407872 40
3473408 37
3538944 41
3604480 37
3670016 32
3735552 43
3801088 42
3866624 32
3932160 24
3997696 32
4063232 19
4128768 34
4194304 552
4259840 39
4325376 14
4390912 14
4456448 29
4521984 22
4587520 27
4653056 19
4718592 15
4784128 25
4849664 41
4915200 39
4980736 34
5046272 39
5111808 28
5177344 20
5242880 56
5308416 12
5373952 23
5439488 26
5505024 18
5570560 91
5636096 63
5701632 18
5767168 10
5832704 24
5898240 35
5963776 17
6029312 35
6094848 13
6160384 9
6225920 13
6291456 99
6356992 14
6422528 14
6488064 14
6553600 17
6619136 27
6684672 19
6750208 8
6815744 8
6881280 11
6946816 31
7012352 36
7077888 16
7143424 16
7208960 23
7274496 17
7340032 29
7405568 16
7471104 18
7536640 23
7602176 26
7667712 21
7733248 21
7798784 15
7864320 15
7929856 12
7995392 19
8060928 8
8126464 11
8192000 10
8257536 11
8323072 9
8388608 1153
8454144 13
8519680 8
8585216 5
8650752 10
8716288 8
8781824 14
8847360 17
8912896 8
8978432 24
9043968 39
9109504 40
9175040 38
9240576 33
9306112 38
9371648 20
9437184 41
9502720 8
9568256 37
9633792 23
9699328 17
9764864 44
9830400 27
9895936 10
9961472 12
10027008 36
10092544 41
10158080 13
10223616 10
10289152 19
10354688 12
10420224 13
10485760 55
10551296 13
10616832 12
10682368 15
10747904 13
10813440 14
10878976 23
10944512 11
11010048 8
11075584 14
11141120 42
11206656 67
11272192 17
11337728 13
11403264 10
11468800 15
11534336 15
11599872 8
11665408 17
11730944 15
11796480 19
11862016 13
11927552 15
11993088 13
12058624 9
12124160 12
12189696 18
12255232 15
12320768 10
12386304 15
12451840 12
12517376 11
12582912 138
12648448 13
12713984 6
12779520 9
12845056 12
12910592 8
12976128 5
13041664 10
13107200 8
13172736 16
13238272 14
13303808 21
13369344 18
13434880 12
13500416 18
13565952 7
13631488 34
13697024 9
13762560 15
13828096 8
13893632 13
13959168 37
14024704 27
14090240 7
14155776 7
14221312 10
14286848 19
14352384 12
14417920 9
14483456 14
14548992 10
14614528 6
14680064 26
14745600 10
14811136 7
14876672 6
14942208 11
15007744 10
15073280 17
15138816 11
15204352 10
15269888 8
15335424 17
15400960 24
15466496 17
15532032 9
15597568 10
15663104 13
15728640 15
15794176 8
15859712 10
15925248 11
15990784 12
16056320 16
16121856 16
16187392 12
16252928 10
16318464 9
16384000 14
16449536 9
16515072 9
16580608 7
16646144 6
16711680 15
16777216 214
16842752 5
16908288 7
16973824 7
17039360 7
17104896 8
17170432 6
17235968 10
17301504 9
17367040 13
17432576 19
17498112 11
17563648 15
17629184 11
17694720 10
17760256 3
17825792 25
17891328 6
17956864 14
18022400 13
18087936 7
18153472 15
18219008 12
18284544 11
18350080 11
18415616 8
18481152 22
18546688 10
18612224 8
18677760 13
18743296 11
18808832 5
18874368 21
18939904 11
19005440 5
19070976 6
19136512 5
19202048 11
19267584 5
19333120 4
19398656 9
19464192 8
19529728 11
19595264 17
19660800 8
19726336 9
19791872 9
19857408 8
19922944 10
19988480 5
20054016 3
20119552 9
20185088 9
20250624 8
20316160 10
20381696 9
20447232 6
20512768 11
20578304 9
20643840 8
20709376 10
20774912 5
20840448 5
20905984 8
20971520 74
21037056 11
21102592 11
21168128 6
21233664 9
21299200 10
21364736 6
21430272 4
21495808 5
21561344 7
21626880 8
21692416 7
21757952 11
21823488 9
21889024 11
21954560 4
22020096 16
22085632 5
22151168 7
22216704 11
22282240 5
22347776 10
22413312 8
22478848 4
22544384 5
22609920 6
22675456 13
22740992 7
22806528 5
22872064 13
22937600 3
23003136 3
23068672 18
23134208 9
23199744 7
23265280 5
23330816 7
23396352 6
23461888 11
23527424 5
23592960 9
23658496 5
23724032 9
23789568 13
23855104 9
23920640 6
23986176 5
24051712 6
24117248 8
24182784 7
24248320 4
24313856 7
24379392 14
24444928 6
24510464 9
24576000 8
24641536 8
24707072 6
24772608 5
24838144 6
24903680 2
24969216 4
25034752 8
25100288 10
25165824 108
25231360 9
25296896 5
25362432 3
25427968 8
25493504 3
25559040 4
25624576 10
25690112 4
25755648 6
25821184 7
25886720 5
25952256 10
26017792 12
26083328 4
26148864 4
26214400 13
26279936 4
26345472 9
26411008 9
26476544 5
26542080 6
26607616 5
26673152 5
26738688 4
26804224 8
26869760 10
26935296 4
27000832 3
27066368 4
27131904 4
27197440 9
27262976 15
27328512 6
27394048 5
27459584 3
27525120 4
27590656 7
27656192 4
27721728 7
27787264 7
27852800 4
27918336 7
27983872 13
28049408 4
28114944 2
28180480 6
28246016 7
28311552 6
28377088 3
28442624 1
28508160 8
28573696 11
28639232 6
28704768 3
28770304 5
28835840 3
28901376 6
28966912 8
29032448 4
29097984 5
29163520 5
29229056 6
29294592 1
29360128 33
29425664 6
29491200 4
29556736 1
29622272 4
29687808 5
29753344 3
29818880 4
29884416 2
29949952 6
30015488 4
30081024 8
30146560 2
30212096 8
30277632 3
30343168 6
30408704 5
30474240 10
30539776 2
30605312 3
30670848 5
30736384 6
30801920 11
30867456 2
30932992 6
30998528 3
31064064 8
31129600 3
31195136 4
31260672 6
31326208 1
31391744 3
31457280 15
31522816 2
31588352 2
31653888 4
31719424 3
31784960 4
31850496 4
31916032 5
31981568 3
32047104 1
32112640 7
32178176 6
32243712 2
32309248 3
32374784 3
32440320 4
32505856 6
32571392 6
32636928 2
32702464 4
32768000 5
32833536 4
32899072 2
32964608 7
33030144 1
33095680 3
33161216 1
33226752 5
33292288 2
33357824 7
33423360 4
33488896 5
33554432 37
33619968 3
33685504 3
33816576 9
33882112 6
33947648 3
34013184 3
34078720 3
34144256 7
34209792 6
34275328 4
34340864 5
34406400 4
34471936 2
34537472 1
34603008 9
34668544 7
34734080 6
34799616 4
34865152 1
34930688 6
34996224 4
35061760 2
35127296 2
35192832 1
35258368 3
35323904 2
35389440 4
35454976 3
35520512 1
35586048 1
35651584 13
35717120 4
35782656 2
35848192 4
35913728 8
35979264 2
36110336 7
36175872 2
36241408 4
36306944 7
36372480 5
36569088 3
36634624 4
36700160 1
36765696 3
36831232 3
36896768 4
37027840 4
37093376 2
37158912 3
37224448 2
37289984 6
37421056 3
37486592 2
37552128 4
37617664 2
37683200 3
37748736 11
37814272 2
37879808 3
37945344 3
38076416 2
38141952 2
38207488 3
38273024 3
38338560 3
38404096 7
38469632 4
38535168 3
38600704 3
38731776 3
38797312 5
38862848 4
38928384 5
38993920 1
39059456 4
39124992 6
39190528 5
39256064 3
39321600 1
39387136 2
39452672 3
39518208 4
39583744 3
39714816 3
39845888 9
39911424 2
39976960 1
40042496 1
40108032 4
40173568 3
40239104 3
40304640 9
40370176 1
40501248 7
40566784 7
40632320 3
40697856 3
40763392 6
40828928 1
40894464 1
41025536 1
41091072 2
41156608 3
41222144 3
41353216 2
41418752 5
41484288 1
41549824 3
41615360 1
41680896 2
41746432 2
41811968 2
41877504 1
41943040 28
42008576 1
42074112 2
42205184 2
42270720 3
42336256 4
42401792 1
42467328 4
42532864 3
42598400 2
42663936 5
42729472 3
42795008 4
42860544 2
42926080 2
42991616 4
43057152 6
43253760 3
43319296 4
43384832 3
43450368 1
43515904 2
43646976 4
43843584 2
43909120 2
43974656 1
44040192 5
44105728 2
44236800 2
44302336 1
44367872 2
44433408 4
44498944 3
44564480 3
44695552 1
44761088 5
44826624 2
44957696 1
45023232 2
45088768 1
45219840 1
45350912 3
45416448 2
45481984 3
45547520 2
45613056 3
45744128 1
45809664 3
45875200 2
45940736 2
46006272 1
46071808 3
46137344 9
46202880 4
46268416 1
46333952 2
46399488 1
46530560 3
46596096 3
46792704 4
46923776 1
46989312 3
47054848 2
47120384 2
47185920 2
47251456 2
47316992 3
47382528 1
47513600 1
47579136 3
47644672 2
47710208 2
47841280 1
47906816 1
47972352 1
48037888 1
48103424 1
48234496 1
48300032 4
48365568 2
48431104 1
48496640 2
48562176 1
48627712 4
48693248 3
48824320 1
48889856 4
48955392 5
49086464 2
49217536 2
49283072 1
49414144 2
49545216 2
49610752 1
49872896 2
49938432 1
50135040 2
50200576 1
50331648 6
50462720 2
50724864 1
50790400 1
50855936 1
51052544 1
51380224 1
51642368 1
51707904 2
51773440 4
51904512 3
51970048 1
52035584 1
52101120 2
52166656 2
52232192 2
52363264 1
52428800 1
52494336 3
52559872 1
52690944 2
52756480 1
52822016 2
52887552 1
53018624 1
53084160 3
53149696 3
53215232 1
53346304 1
53411840 1
53477376 1
53673984 1
53739520 1
53805056 2
53870592 1
54067200 2
54132736 1
54394880 1
54460416 4
54525952 6
54722560 1
54788096 1
54853632 1
54984704 1
55050240 2
55115776 1
55181312 3
55246848 4
55312384 1
55443456 1
55508992 1
55574528 1
55640064 2
55836672 2
55902208 3
55967744 2
56164352 2
56623104 3
56688640 1
56754176 1
57016320 1
57212928 1
57344000 2
57409536 1
57671680 2
57802752 1
57868288 3
57933824 1
57999360 1
58261504 4
58327040 2
58392576 1
58720256 11
58916864 1
58982400 1
59179008 2
59310080 2
59441152 2
59506688 1
59768832 1
59834368 1
59965440 2
60096512 2
60293120 1
60358656 1
60424192 1
60489728 1
60817408 3
60948480 3
61014016 1
61145088 2
61210624 1
61407232 1
61472768 5
61538304 2
61603840 1
61997056 1
62259200 1
62455808 1
62521344 1
62914560 4
62980096 1
63176704 1
63242240 1
63569920 1
63635456 1
63832064 1
63897600 1
64290816 2
64618496 1
65011712 4
65208320 1
65273856 1
65339392 1
65404928 1
65470464 1
65536000 1
65667072 1
65732608 1
65798144 1
65863680 1
65929216 1
66453504 1
66584576 1
66650112 1
66846720 1
66912256 1
66977792 1
67108864 6
67371008 1
67764224 2
67895296 1
67960832 1
68091904 1
68157440 1
68222976 2
68485120 2
68550656 1
69009408 1
69140480 2
69206016 1
69337088 1
69468160 1
69599232 2
70385664 1
70451200 1
70582272 2
70647808 1
70778880 1
70975488 1
71041024 1
71303168 1
71565312 1
71958528 1
72155136 1
72351744 1
72417280 2
72482816 1
72679424 1
72941568 1
73007104 1
73203712 1
73334784 1
73400320 1
73793536 1
73924608 1
74383360 1
75497472 7
75563008 1
76152832 1
76546048 1
76873728 1
77135872 1
77201408 1
77594624 2
77725696 1
77856768 1
77987840 1
78118912 1
78315520 3
78446592 1
78512128 1
78577664 1
79364096 1
79691776 3
79757312 1
80150528 1
80740352 1
81002496 1
81395712 1
81461248 1
81788928 2
82182144 1
83230720 1
83689472 1
83886080 7
84344832 1
84541440 1
84606976 2
85262336 1
86638592 1
87359488 1
87687168 1
88014848 1
88080384 1
88735744 1
89456640 1
90177536 1
91357184 1
91881472 1
92536832 1
94371840 1
96468992 1
97386496 1
97648640 1
97845248 1
103415808 2
104857600 2
109051904 2
