9 9
10 18
11 7
12 16
13 15
14 4
15 4
16 10
17 1
18 4
19 12
20 8
21 16
22 8
23 3
24 4
25 9
26 12
27 6
28 10
29 7
30 2
31 2
32 22
33 5
34 5
35 2
36 6
37 5
38 6
39 5
40 7
41 2
42 17
43 31
44 3
45 2
46 3
47 8
48 12
49 5
50 4
51 5
52 7
53 4
54 9
55 4
56 7
57 8
58 8
59 2
60 6
61 8
62 2
63 8
64 53
65 6
66 5
67 3
68 7
69 2
70 7
71 5
72 4
73 7
74 9
75 8
76 8
77 8
78 6
79 5
80 9
81 4
82 3
83 5
84 10
85 14
86 12
87 10
88 4
89 4
90 6
91 6
92 7
93 1
94 1
95 2
96 13
97 3
98 3
99 4
100 6
101 6
102 6
103 3
104 6
105 5
106 6
107 9
108 4
109 4
110 3
111 6
112 2
113 1
114 1
115 4
116 2
117 5
118 3
119 4
120 2
121 8
122 4
123 2
124 6
125 6
127 1
128 138
129 2
131 4
133 4
134 2
135 2
137 10
138 15
139 13
140 10
141 7
142 6
143 2
144 5
146 12
147 9
148 6
149 3
150 8
151 1
152 3
153 7
154 10
155 3
156 5
157 5
158 3
159 2
160 16
161 1
162 1
163 1
164 10
165 3
166 4
167 3
168 6
169 4
170 12
171 11
172 5
173 3
174 6
175 7
176 4
177 3
178 5
179 3
180 6
181 2
182 7
183 4
184 2
185 6
186 5
187 3
188 4
189 4
190 6
191 4
192 32
193 4
194 2
195 3
196 2
197 1
198 1
199 7
200 3
201 6
202 6
203 3
204 10
205 4
206 3
207 1
208 15
210 4
212 3
213 10
214 6
215 2
216 1
217 3
218 2
219 3
220 3
221 4
222 3
223 2
224 4
225 4
226 4
227 2
228 2
229 5
230 8
231 2
232 4
233 8
234 2
235 6
236 2
237 1
238 3
239 4
240 10
241 2
242 3
244 2
245 5
246 4
247 4
248 2
249 1
250 2
251 1
252 4
253 2
254 2
255 1
256 43
257 5
258 4
259 1
260 5
261 2
262 7
263 1
264 1
265 4
266 4
267 3
268 8
269 4
270 2
271 2
272 3
273 3
274 6
275 6
276 4
277 3
278 4
279 2
280 4
281 5
282 4
283 3
285 4
286 2
288 9
289 2
290 3
291 3
292 3
293 2
294 3
295 5
296 3
297 3
298 2
299 7
300 1
301 3
302 2
303 2
304 5
305 1
306 5
307 1
308 4
309 1
310 2
311 6
312 3
313 1
314 3
315 3
317 3
318 2
320 24
321 4
322 5
323 1
324 5
325 3
326 4
327 4
328 2
329 6
330 2
331 2
332 4
333 4
334 6
335 4
336 6
337 3
338 4
339 3
340 1
341 2
342 6
343 6
344 2
345 2
346 3
347 3
348 1
349 3
350 2
351 1
352 3
353 2
355 1
356 4
357 1
358 2
359 2
360 4
361 3
362 3
363 5
364 3
365 4
366 4
367 4
368 2
369 1
370 3
371 1
372 1
373 2
374 1
375 2
376 2
377 1
378 2
380 3
381 5
382 4
383 1
384 12
385 4
387 2
388 1
389 2
390 1
391 5
392 5
393 8
394 1
395 4
397 5
398 1
399 4
400 6
401 1
404 2
405 1
406 3
407 4
408 1
409 10
410 4
411 4
412 3
413 2
415 5
416 7
417 2
418 2
419 2
421 2
422 2
423 4
424 2
425 2
426 1
427 7
428 1
429 3
430 1
431 4
432 1
433 1
434 2
436 5
437 2
438 5
439 4
440 4
441 4
442 3
443 5
444 2
445 1
446 2
447 2
448 9
449 2
450 3
451 1
452 3
453 1
454 3
456 4
457 4
458 6
459 4
460 1
461 5
462 1
463 5
464 4
465 3
466 6
467 4
469 7
470 3
471 2
474 3
475 2
476 1
477 2
478 1
479 3
480 2
481 2
483 1
484 3
485 2
486 1
487 2
488 4
489 1
490 2
491 3
492 1
493 1
494 1
496 1
497 1
498 3
499 2
500 3
501 2
502 1
503 3
504 1
505 3
506 4
507 3
508 2
510 2
512 9
513 2
515 1
517 1
518 3
519 2
520 5
521 2
522 1
523 2
524 3
525 1
526 1
527 1
528 2
529 4
530 1
531 5
532 2
533 2
535 1
536 1
537 1
538 3
539 5
542 1
543 3
544 3
546 1
547 2
548 2
549 2
550 2
551 2
553 4
554 3
555 4
556 1
557 1
558 1
559 2
560 2
561 2
562 5
563 2
564 1
565 3
566 2
568 3
569 1
570 3
572 4
573 2
574 3
575 1
576 6
577 1
578 3
579 2
580 2
581 2
584 3
586 2
587 1
588 3
589 4
590 1
591 1
592 4
593 1
594 1
595 2
596 1
597 2
598 4
599 1
600 3
602 2
603 3
604 1
605 1
607 5
608 2
610 2
611 1
612 3
613 3
614 1
616 2
617 1
618 5
619 2
620 1
621 1
622 4
623 1
624 1
625 1
626 4
627 3
628 5
629 1
630 1
631 4
632 1
636 1
637 2
638 4
639 2
640 8
641 1
642 1
643 1
644 2
645 2
646 1
647 1
648 3
649 1
650 1
652 2
653 3
655 2
656 1
657 2
658 3
659 1
661 2
662 1
663 1
664 2
668 1
670 1
672 1
673 1
674 3
675 1
676 3
678 1
679 2
680 1
681 2
682 2
683 3
686 1
687 1
688 1
689 1
690 4
691 2
692 3
693 2
696 2
698 1
699 3
700 2
701 2
702 2
703 2
705 1
706 1
707 3
709 1
710 1
711 1
712 2
713 1
714 2
715 4
717 1
718 3
719 1
720 2
721 2
722 1
723 1
724 2
725 1
726 1
728 4
729 2
731 3
732 1
733 2
734 2
735 1
737 1
738 2
739 1
740 2
741 2
742 1
743 1
744 2
745 1
746 4
747 1
750 1
751 2
752 3
753 1
754 1
755 2
756 2
757 4
758 2
759 1
760 1
761 3
762 2
764 1
765 2
766 1
768 3
770 2
771 1
773 2
774 1
775 1
776 1
777 2
778 2
779 2
781 1
782 1
783 2
784 1
785 2
786 1
787 3
788 1
789 2
790 1
792 1
793 1
794 1
795 4
796 1
797 2
798 2
799 1
800 1
802 1
803 2
804 1
805 1
806 1
807 3
808 1
811 1
812 3
813 2
814 3
816 3
818 2
819 2
821 2
822 1
824 3
826 2
827 2
828 2
829 2
832 4
834 1
835 1
837 1
838 3
839 1
840 1
842 2
843 2
844 1
845 2
847 1
848 1
849 2
851 3
852 2
853 1
854 1
857 3
858 1
859 1
860 1
861 1
862 2
863 2
864 2
865 1
866 2
869 1
870 3
871 1
872 1
875 1
879 1
880 1
881 1
883 1
885 1
886 2
887 2
888 1
889 2
890 1
891 1
893 1
894 1
895 2
896 2
898 2
899 1
900 1
903 1
904 1
905 2
906 1
907 1
909 1
911 1
913 3
914 2
915 1
916 1
917 1
918 2
920 1
921 2
922 2
924 1
925 1
926 2
927 1
928 1
929 1
930 1
931 1
932 1
933 2
934 2
937 1
938 2
939 2
941 2
942 3
947 2
949 2
951 1
952 2
953 1
956 2
957 1
958 2
960 1
961 1
963 1
964 1
965 1
966 1
967 1
968 1
969 1
970 1
972 1
974 2
975 2
976 1
978 1
979 2
980 1
981 2
982 2
985 2
986 1
988 2
989 2
991 2
992 2
993 2
997 2
999 1
1001 1
1002 1
1004 1
1005 1
1007 1
1008 1
1009 1
1010 2
1011 1
1012 2
1014 1
1015 1
1016 1
1019 1
1024 8
1025 1
1026 1
1029 3
1030 2
1032 1
1034 1
1035 1
1036 2
1038 3
1039 4
1040 2
1042 1
1045 1
1047 2
1048 1
1050 1
1051 1
1052 1
1053 1
1055 1
1056 1
1058 1
1061 1
1062 2
1063 1
1065 1
1066 1
1067 1
1068 2
1070 1
1073 1
1074 2
1076 1
1077 1
1078 2
1080 2
1081 2
1082 1
1083 2
1084 3
1085 2
1086 1
1088 1
1089 1
1090 1
1091 1
1093 1
1095 2
1098 3
1100 1
1101 1
1102 1
1103 1
1107 1
1108 2
1109 1
1111 1
1116 2
1119 1
1120 2
1123 2
1124 3
1126 1
1127 2
1131 3
1132 1
1133 1
1137 1
1138 1
1139 1
1141 1
1146 2
1147 2
1148 1
1149 2
1153 2
1154 1
1155 1
1158 1
1162 1
1163 2
1164 3
1165 1
1171 1
1172 1
1175 2
1176 2
1177 1
1178 1
1180 2
1181 1
1182 1
1184 3
1188 1
1194 1
1197 1
1198 1
1202 2
1203 1
1205 2
1208 1
1210 1
1211 1
1213 1
1214 1
1215 1
1216 1
1217 1
1219 2
1220 2
1222 1
1223 1
1224 1
1225 1
1227 1
1228 1
1229 2
1230 1
1231 1
1233 1
1234 1
1237 1
1238 1
1239 2
1240 2
1242 1
1247 1
1248 3
1249 2
1252 1
1255 1
1256 1
1257 2
1258 1
1259 2
1262 1
1265 2
1267 1
1268 2
1269 1
1270 1
1271 1
1279 1
1281 1
1283 1
1284 1
1285 1
1288 1
1290 1
1292 1
1298 1
1299 2
1302 1
1304 2
1306 2
1308 1
1309 2
1310 1
1318 1
1319 1
1322 2
1324 2
1325 1
1327 1
1334 1
1335 1
1337 1
1338 2
1339 3
1345 2
1346 1
1347 1
1348 1
1349 1
1352 2
1353 1
1354 4
1361 2
1363 2
1366 2
1368 1
1369 1
1372 2
1373 1
1376 2
1377 1
1379 1
1380 2
1381 3
1382 1
1386 1
1387 1
1388 2
1389 2
1391 1
1392 1
1393 2
1395 1
1401 1
1402 1
1410 2
1412 2
1413 2
1416 1
1417 1
1420 1
1421 1
1426 1
1427 1
1429 1
1433 1
1435 1
1444 1
1445 1
1446 1
1447 1
1451 2
1452 1
1454 1
1455 1
1456 1
1458 2
1461 1
1462 1
1464 2
1467 1
1472 1
1475 1
1477 1
1478 1
1480 1
1484 1
1490 1
1492 1
1493 1
1494 2
1495 1
1500 1
1502 1
1504 1
1505 1
1508 1
1513 1
1519 1
1520 1
1525 1
1527 1
1529 1
1537 1
1538 1
1541 1
1545 1
1546 1
1548 1
1552 1
1553 3
1558 1
1560 1
1561 1
1563 1
1568 2
1570 1
1572 1
1573 1
1575 1
1577 2
1579 1
1583 1
1586 1
1593 1
1600 1
1601 1
1602 1
1603 1
1604 1
1605 2
1608 1
1609 1
1610 1
1611 1
1617 1
1632 1
1633 3
1636 2
1642 1
1643 1
1651 1
1652 1
1653 1
1654 2
1659 1
1660 1
1673 1
1675 1
1676 2
1678 1
1679 1
1682 1
1685 1
1686 1
1687 2
1688 2
1695 1
1698 1
1700 1
1704 1
1707 2
1708 1
1709 1
1710 2
1719 1
1722 1
1724 1
1729 1
1733 1
1736 1
1738 2
1741 1
1743 1
1745 1
1748 1
1759 1
1760 1
1762 2
1767 1
1768 1
1772 1
1774 1
1775 1
1776 2
1777 1
1782 1
1785 1
1790 1
1791 1
1793 1
1797 2
1798 1
1799 1
1807 2
1811 1
1812 1
1818 1
1819 1
1830 2
1835 1
1836 1
1839 1
1847 2
1848 1
1852 1
1858 1
1859 2
1860 1
1861 1
1878 1
1880 1
1891 2
1892 1
1893 2
1895 1
1896 1
1897 1
1898 1
1900 1
1903 1
1910 1
1918 1
1922 1
1927 1
1928 1
1931 1
1939 2
1942 1
1947 1
1954 1
1964 1
1972 1
1980 1
1981 1
1989 1
1990 1
1996 2
2007 1
2020 1
2024 1
2025 1
2029 1
2030 1
2033 1
2037 1
2044 1
2049 1
2060 1
2061 1
2062 1
2076 1
2078 1
2090 1
2098 1
2102 1
2108 1
2112 1
2121 1
2122 1
2125 1
2126 1
2133 1
2139 1
2142 1
2148 1
2150 1
2157 1
2161 1
2168 1
2171 2
2187 1
2191 1
2193 1
2197 1
2199 1
2203 1
2205 1
2206 1
2207 1
2212 1
2217 1
2218 1
2231 2
2241 1
2244 1
2245 2
2250 1
2253 2
2254 1
2259 1
2262 1
2270 1
2272 1
2296 1
2304 1
2305 1
2319 1
2322 1
2323 1
2334 1
2342 1
2350 1
2372 1
2382 1
2404 1
2432 1
2443 1
2453 1
2457 1
2465 1
2496 1
2525 1
2528 1
2529 1
2536 1
2539 1
2562 1
2563 1
2592 1
2604 2
2618 1
2654 1
2657 1
2667 1
2683 1
2693 2
2715 1
2742 1
2757 2
2773 1
2775 1
2779 1
2794 1
2795 1
2810 1
2811 2
2819 1
2836 1
2841 1
2853 1
2879 1
2910 1
2924 1
2934 1
2935 1
2969 1
2981 1
3025 1
3029 1
3032 1
3084 1
3089 1
3126 1
3133 1
3143 1
3152 1
3157 1
3168 2
3194 1
3204 1
3205 1
3218 1
3243 1
3246 1
3264 1
3267 1
3294 1
3299 1
3311 1
3371 1
3454 1
3458 1
3519 1
3583 1
3592 1
3602 1
3617 1
3631 1
3636 1
3694 1
3743 1
3773 2
3786 1
3789 1
3800 1
4016 1
4213 1
