O  0 OPTIQ_Alltoallv  msg = 8388608 chunk = 131072  512 7669.0000 66762.2897   252 5 3 3.00 4   752 4 2 2.98 2  4783 50 1 23.56 30  7 1 1.50 1  4718592 131072 2316390.20 3801088  8879 100 1 37.94 33  
O  1 OPTIQ_Alltoallv  msg = 8388608 chunk = 131072  1024 39567.0000 25880.1527   219 3 1 1.00 2  1328 10 2 6.06 6  40985 416 9 111.37 96  4 1 1.53 1  12582912 1179648 7430739.27 8388608  49152 544 9 133.57 96  
O  2 OPTIQ_Alltoallv  msg = 8388608 chunk = 131072  2048 82963.0000 24685.7033   260 2 1 1.00 1  1437 10 1 5.53 5  73753 1280 32 231.93 128  7 1 1.87 1  41943040 4194304 15359115.82 8388608  90112 1536 32 284.26 128  
O  3 OPTIQ_Alltoallv  msg = 8388608 chunk = 131072  4096 136240.0000 30064.5919   550 2 1 1.00 1  3300 11 1 6.00 6  163840 1632 17 249.76 128  9 1 2.00 1  54525952 2228224 15599154.83 8388608  196608 2144 17 299.71 128  
O  4 OPTIQ_Alltoallv  msg = 8388608 chunk = 131072  1024 34518.0000 29665.6817   335 6 1 2.00 3  2037 10 2 6.08 6  40985 279 1 103.50 95  6 1 1.83 1  8912896 131072 5777982.91 6291456  49152 334 1 118.44 122  
O  5 OPTIQ_Alltoallv  msg = 8388608 chunk = 131072  1024 6342.0000 161463.2608   256 2 2 2.00 2   768 3 3 3.00 3  16409 64 32 39.16 32  1 1 1.00 1  4194304 4194304 4194304.00 4194304  24601 96 32 53.13 32  
O  6 OPTIQ_Alltoallv  msg = 8388608 chunk = 131072  2048 36490.0000 56124.9657   633 6 1 2.00 2  3578 10 2 5.65 6  74987 465 5 155.57 138  8 1 2.12 2  12451840 131072 7114024.31 6946816  91371 593 5 189.17 156  
O  7 OPTIQ_Alltoallv  msg = 8388608 chunk = 131072  4096 69264.0000 59136.0591   650 4 1 1.00 1  3886 11 1 5.98 6  164454 1064 2 225.59 192  8 1 1.85 1  25690112 131072 12303799.14 8388608  197247 1216 2 264.76 192  
O  8 OPTIQ_Alltoallv  msg = 8388608 chunk = 131072  2048 38778.0000 52813.4509   586 5 1 2.00 2  3367 10 2 5.75 6  76757 489 4 167.23 159  8 1 2.31 2  14811136 131072 8370987.90 8388608  93141 553 4 187.78 176  
O  9 OPTIQ_Alltoallv  msg = 8388608 chunk = 131072  2048 37945.0000 53972.8554   692 5 1 2.00 3  3971 10 1 5.74 6  75827 383 6 152.88 147  9 1 2.21 2  11403264 131072 6731478.21 7208960  92211 447 6 179.75 177  
O  10 OPTIQ_Alltoallv  msg = 8388608 chunk = 131072  2048 8528.0000 240150.0938   727 6 2 2.00 3  1715 3 1 2.36 3  21023 36 5 23.49 33  4 1 1.17 1  4980736 262144 3355981.85 4325376  37407 100 5 40.66 34  
O  11 OPTIQ_Alltoallv  msg = 8388608 chunk = 131072  4096 49607.0000 82568.9923   760 4 1 1.00 1  4633 11 1 6.10 6  163996 707 2 190.47 145  8 1 1.74 1  17301504 131072 9673762.57 8388608  196789 722 2 223.62 192  
O  12 OPTIQ_Alltoallv  msg = 8388608 chunk = 131072  4096 47322.0000 86555.9359   937 5 1 1.00 2  5782 11 2 6.17 6  167394 766 2 215.44 178  9 1 2.31 2  20840448 131072 10485864.77 8388608  200187 766 2 204.27 156  
O  13 OPTIQ_Alltoallv  msg = 8388608 chunk = 131072  4096 48759.0000 84005.0042  1062 5 1 2.00 2  6479 11 1 6.10 6  165734 715 2 209.79 191  8 1 2.33 2  17301504 131072 9375875.37 8388608  198527 715 4 216.97 192  
O  14 OPTIQ_Alltoallv  msg = 8388608 chunk = 131072  4096 44558.0000 91925.1313   766 4 1 1.00 1  4738 11 1 6.19 6  164008 523 6 196.18 189  9 1 1.73 1  17301504 131072 9413074.41 8388608  196801 575 6 218.91 192  
O  15 OPTIQ_Alltoallv  msg = 8388608 chunk = 131072  4096 8843.0000 463191.2247   512 1 1 1.00 1  1024 2 2 2.00 2  32768 64 64 64.00 64  1 1 1.00 1  8388608 8388608 8388608.00 8388608  65536 128 64 87.38 64  
O  16 OPTIQ_Alltoallv  msg = 8388608 chunk = 131072  512 21418.0000 23905.1265   227 6 1 3.00 4  1217 6 5 5.36 5  17945 205 48 139.11 140  7 1 3.16 3  9830400 131072 7495275.72 8912896  22016 269 97 172.00 170  
O  17 OPTIQ_Alltoallv  msg = 8388608 chunk = 131072  512 13735.0000 37277.0295   169 5 2 2.00 2   472 4 1 2.79 2  6772 69 4 32.71 31  4 1 1.22 1  4587520 524288 3680853.99 4063232  10893 132 4 48.85 33  
O  18 OPTIQ_Alltoallv  msg = 8388608 chunk = 131072  512 12987.0000 39424.0394   227 7 2 3.00 3   741 5 2 3.26 3  9105 95 6 43.56 39  4 1 1.49 1  4849664 262144 3481864.26 4325376  13176 159 6 63.35 40  
O  19 OPTIQ_Alltoallv  msg = 8388608 chunk = 131072  1024 34061.0000 30063.7092   260 5 1 2.00 2  1340 9 1 5.15 5  32391 349 6 128.03 109  6 1 1.79 1  12976128 131072 7106976.17 6946816  40558 457 6 160.94 133  
O  20 OPTIQ_Alltoallv  msg = 8388608 chunk = 131072  1024 33833.0000 30266.3080   248 4 1 1.00 2  1227 9 1 4.95 5  31995 407 7 126.96 113  6 1 1.74 1  12976128 393216 7466827.89 8388608  40162 535 7 158.12 128  
O  21 OPTIQ_Alltoallv  msg = 8388608 chunk = 131072  1024 31535.0000 32471.8567   263 5 1 2.00 2  1258 9 1 4.78 5  30175 407 2 126.79 98  7 1 1.90 1  13369344 131072 7591484.33 7733248  38342 535 3 161.10 115  
O  22 OPTIQ_Alltoallv  msg = 8388608 chunk = 131072  2048 50196.0000 40800.0638   546 6 1 2.00 2  2722 9 2 4.99 5  64267 587 2 192.99 179  7 1 2.30 2  16252928 131072 8917984.03 8388608  80651 843 2 242.20 181  
O  23 OPTIQ_Alltoallv  msg = 8388608 chunk = 131072  2048 48355.0000 42353.4278   467 4 1 1.00 2  2302 8 1 4.93 5  63471 621 1 202.78 186  8 1 2.17 2  17170432 131072 9852615.59 8388608  79830 877 1 255.87 192  
O  24 OPTIQ_Alltoallv  msg = 8388608 chunk = 131072  2048 50070.0000 40902.7362   525 4 1 2.00 2  2562 8 2 4.88 5  62851 635 1 195.19 174  9 1 2.33 2  17039360 131072 9464186.98 8388608  79235 891 1 246.07 185  
O  25 OPTIQ_Alltoallv  msg = 8388608 chunk = 131072  4096 59307.0000 69064.3600   829 4 1 1.00 2  4436 10 1 5.35 5  141628 889 2 244.61 192  9 1 2.18 2  23986176 131072 11249228.60 8388608  174421 1401 2 300.73 192  
O  26 OPTIQ_Alltoallv  msg = 8388608 chunk = 131072  4096 61587.0000 66507.5422   887 4 1 1.00 2  4766 10 2 5.37 5  142120 844 1 242.53 192  9 1 2.30 2  22413312 131072 11052516.84 8388608  174913 1356 1 297.98 192  
O  27 OPTIQ_Alltoallv  msg = 8388608 chunk = 131072  4096 73489.0000 55736.2326   780 5 1 1.00 1  4078 10 1 5.23 5  138906 957 3 256.28 192  9 1 2.21 2  25690112 131072 12222517.40 8388608  171699 1469 3 316.20 192  
O  28 OPTIQ_Alltoallv  msg = 8388608 chunk = 131072  1024 32750.0000 31267.1756   363 6 1 2.00 3  1846 9 1 5.09 5  32579 305 5 120.66 119  8 1 2.27 2  9830400 131072 6561007.02 7864320  40771 369 5 147.72 135  
O  29 OPTIQ_Alltoallv  msg = 8388608 chunk = 131072  1024 31255.0000 32762.7580   349 5 1 2.00 3  1695 8 1 4.86 5  30591 350 9 140.33 134  7 1 2.28 2  11010048 131072 6818910.84 7733248  38758 414 13 176.17 182  
O  30 OPTIQ_Alltoallv  msg = 8388608 chunk = 131072  1024 36618.0000 27964.3891   257 4 1 2.00 2  1143 8 1 4.45 5  27349 466 9 168.82 140  7 1 2.19 2  14811136 131072 8917917.92 8388608  35541 530 9 210.30 195  
O  31 OPTIQ_Alltoallv  msg = 8388608 chunk = 131072  1024 17329.0000 59091.6960   339 5 2 2.00 3  1068 5 2 3.15 3  17105 137 6 54.47 51  4 1 1.53 1  7208960 655360 4752441.30 5242880  25297 195 6 80.56 75  
O  32 OPTIQ_Alltoallv  msg = 8388608 chunk = 131072  1024 19256.0000 53178.2302   354 5 2 2.00 3  1261 5 3 3.56 4  20921 165 7 79.55 75  6 1 1.71 2  7864320 524288 5173164.64 5898240  29088 229 7 111.02 111  
O  33 OPTIQ_Alltoallv  msg = 8388608 chunk = 131072  1024 4706.0000 217594.5601   559 6 4 4.00 4  1475 3 1 2.64 3  13769 41 1 22.57 19  4 1 1.14 1  2752512 131072 2225383.43 2490368  21961 105 1 35.83 19  
O  34 OPTIQ_Alltoallv  msg = 8388608 chunk = 131072  2048 41454.0000 49404.1588   520 5 1 2.00 2  2708 8 2 5.21 5  66593 482 2 180.47 168  8 1 1.95 2  14155776 131072 7838993.90 8388608  82977 610 2 224.87 201  
O  35 OPTIQ_Alltoallv  msg = 8388608 chunk = 131072  2048 39549.0000 51783.8631   585 5 1 2.00 2  3118 9 2 5.33 5  67971 446 9 180.77 165  7 1 2.08 2  12976128 131072 7359055.77 7208960  84355 574 9 223.75 192  
O  36 OPTIQ_Alltoallv  msg = 8388608 chunk = 131072  2048 39408.0000 51969.1433   551 6 1 2.00 2  2961 9 1 5.37 5  70443 567 1 186.36 169  9 1 2.08 2  14155776 131072 8000922.46 8388608  86827 695 1 229.70 198  
O  37 OPTIQ_Alltoallv  msg = 8388608 chunk = 131072  4096 52026.0000 78729.8658  1049 5 1 2.00 2  5842 10 2 5.57 5  149518 685 1 214.21 188  8 1 2.18 2  16646144 131072 8908497.61 8388608  182311 941 1 260.44 191  
O  38 OPTIQ_Alltoallv  msg = 8388608 chunk = 131072  4096 54046.0000 75787.2923   982 5 1 1.00 2  5420 10 2 5.52 5  146958 758 1 211.76 192  8 1 2.17 2  17170432 131072 9456863.22 8388608  179751 1014 1 258.63 192  
O  39 OPTIQ_Alltoallv  msg = 8388608 chunk = 131072  4096 47781.0000 85724.4511  1012 5 1 1.00 2  5444 10 1 5.38 5  144090 746 1 217.99 192  9 1 2.30 2  18087936 131072 9818353.15 8388608  176858 1002 1 267.56 198  
O  40 OPTIQ_Alltoallv  msg = 8388608 chunk = 131072  2048 34919.0000 58650.0186   633 6 1 2.00 2  3575 10 2 5.65 6  75999 550 2 172.72 165  10 1 2.33 2  13762560 131072 7876088.34 8388608  92383 614 2 202.59 195  
O  41 OPTIQ_Alltoallv  msg = 8388608 chunk = 131072  2048 41404.0000 49463.8199   573 6 1 2.00 2  2845 9 1 4.97 5  64677 699 1 211.36 193  10 1 2.56 2  16252928 131072 9560351.57 8388608  81061 763 2 250.19 242  
O  42 OPTIQ_Alltoallv  msg = 8388608 chunk = 131072  2048 51424.0000 39825.7623   554 5 1 2.00 2  2751 9 1 4.97 5  64977 689 1 213.04 183  10 1 2.50 2  16252928 131072 9674112.70 8388608  81361 753 3 248.81 238  
O  43 OPTIQ_Alltoallv  msg = 8388608 chunk = 131072  2048 32410.0000 63190.3733   711 5 1 2.00 3  4238 10 2 5.96 6  79185 360 1 153.16 150  7 1 2.13 2  10747904 131072 6305711.56 6422528  95569 424 1 183.08 181  
O  44 OPTIQ_Alltoallv  msg = 8388608 chunk = 131072  2048 36443.0000 56197.3493   649 6 1 2.00 2  3701 10 1 5.70 6  74961 469 2 159.15 150  7 1 2.18 2  11927552 131072 7057485.28 7602176  91345 533 2 192.71 190  
O  45 OPTIQ_Alltoallv  msg = 8388608 chunk = 131072  2048 35998.0000 56892.0496   523 5 1 2.00 2  2547 9 1 4.87 5  60413 533 2 227.97 233  8 1 2.36 2  16252928 131072 9308658.26 8388608  76797 597 6 272.33 283  
O  46 OPTIQ_Alltoallv  msg = 8388608 chunk = 131072  2048 23588.0000 86823.8087   784 6 2 3.00 3  2783 5 3 3.55 3  41883 184 1 76.15 75  6 1 1.79 2  7471104 131072 4912416.62 5767168  58267 248 1 105.75 103  
O  47 OPTIQ_Alltoallv  msg = 8388608 chunk = 131072  2048 10115.0000 202471.5769   715 5 2 2.00 3  2068 4 1 2.89 3  28053 115 2 41.38 38  4 1 1.29 1  5373952 131072 3645065.54 3407872  44437 179 2 63.03 40  
O  48 OPTIQ_Alltoallv  msg = 8388608 chunk = 131072  2048 12715.0000 161069.6028   906 6 2 3.00 4  3020 5 2 3.33 3  37645 121 1 58.36 57  5 1 1.62 1  5636096 131072 3787272.49 4980736  54029 185 1 83.64 70  
O  49 OPTIQ_Alltoallv  msg = 8388608 chunk = 131072  4096 41000.0000 99902.4390  1219 5 1 2.00 2  7310 11 1 6.00 6  161404 512 1 166.22 150  8 1 1.98 1  13107200 131072 6891554.94 6553600  194197 640 1 199.79 164  
O  50 OPTIQ_Alltoallv  msg = 8388608 chunk = 131072  4096 47338.0000 86526.6805  1144 5 1 2.00 2  6755 11 1 5.90 6  157276 564 1 165.21 150  8 1 1.97 1  13893632 131072 7289858.70 7077888  190069 692 1 199.44 160  
O  51 OPTIQ_Alltoallv  msg = 8388608 chunk = 131072  4096 52674.0000 77761.3244   705 4 1 1.00 1  3979 11 1 5.64 6  147684 653 1 180.32 128  7 1 1.62 1  17039360 131072 9614717.29 8388608  180477 781 1 219.29 167  
O  52 OPTIQ_Alltoallv  msg = 8388608 chunk = 131072  4096 54174.0000 75608.2253   974 5 1 1.00 2  5207 10 1 5.35 5  141978 896 1 274.09 232  9 1 2.68 2  21495808 131072 11806344.18 8912896  174746 960 11 310.38 256  
O  53 OPTIQ_Alltoallv  msg = 8388608 chunk = 131072  4096 58466.0000 70057.8114   965 4 1 1.00 2  5137 10 1 5.32 5  141214 972 3 282.43 246  11 1 2.71 2  22020096 131072 12021174.86 9175040  173982 1036 30 311.80 266  
O  54 OPTIQ_Alltoallv  msg = 8388608 chunk = 131072  4096 54259.0000 75489.7805   957 4 1 1.00 2  5091 10 1 5.32 5  141396 994 2 281.11 234  9 1 2.65 2  21757952 131072 11908202.30 8912896  174164 1058 2 314.38 257  
O  55 OPTIQ_Alltoallv  msg = 8388608 chunk = 131072  4096 42222.0000 97011.0369  1215 6 1 2.00 2  6904 10 2 5.68 6  153326 569 4 216.56 215  9 1 2.51 2  15073280 131072 8856831.07 8388608  186119 633 9 245.22 237  
O  56 OPTIQ_Alltoallv  msg = 8388608 chunk = 131072  4096 53212.0000 76975.1184  1106 5 1 2.00 2  5843 10 1 5.28 5  141388 945 4 277.23 267  9 1 2.76 2  17694720 131072 10787795.48 9306112  174181 1009 4 308.83 302  
O  57 OPTIQ_Alltoallv  msg = 8388608 chunk = 131072  4096 44982.0000 91058.6457  1075 5 1 2.00 2  5719 10 1 5.32 5  141286 861 1 273.81 260  11 1 2.74 2  17825792 131072 10941777.40 9830400  174079 925 1 309.20 305  
O  58 OPTIQ_Alltoallv  msg = 8388608 chunk = 131072  4096 39894.0000 102672.0810  1390 7 1 2.00 3  8231 11 2 5.92 6  158866 437 1 169.91 164  9 1 2.21 2  11534336 131072 6750296.06 7208960  191659 501 1 200.48 196  
O  59 OPTIQ_Alltoallv  msg = 8388608 chunk = 131072  4096 36776.0000 111376.9850  1335 6 1 2.00 3  7602 10 1 5.69 6  150548 537 2 203.44 207  10 1 2.35 2  12713984 131072 7427386.32 7864320  183341 601 7 237.80 248  
O  60 OPTIQ_Alltoallv  msg = 8388608 chunk = 131072  4096 54908.0000 74597.5086  1063 5 1 2.00 2  5597 10 1 5.27 5  135170 607 4 258.95 258  9 1 2.41 2  16646144 131072 9479745.71 8388608  167963 671 4 306.50 315  
O  61 OPTIQ_Alltoallv  msg = 8388608 chunk = 131072  4096 14392.0000 284602.5570  1317 5 2 2.00 2  3995 5 2 3.03 3  62238 122 6 61.62 57  5 1 1.58 1  7995392 262144 4921986.73 6160384  95031 186 6 93.81 98  
O  62 OPTIQ_Alltoallv  msg = 8388608 chunk = 131072  4096 14641.0000 279762.3113  1484 5 2 2.00 3  5339 5 3 3.60 4  84072 167 10 83.32 84  5 1 1.80 2  7733248 262144 5173801.51 5898240  116865 230 10 115.59 117  
O  63 OPTIQ_Alltoallv  msg = 8388608 chunk = 131072  4096 12135.0000 337536.0527  1363 5 2 2.00 3  3483 3 1 2.56 3  49524 90 1 48.65 43  4 1 1.30 1  5898240 131072 4032215.71 5373952  82317 154 20 80.62 85  
O  64 OPTIQ_Alltoallv  msg = 8388608 chunk = 131072  1024 52963.0000 19334.2522   186 3 1 1.00 1   881 8 1 4.74 5  30327 636 1 199.52 132  9 1 2.37 2  28835840 131072 13563133.25 8388608  38519 700 20 217.62 176  
O  65 OPTIQ_Alltoallv  msg = 8388608 chunk = 131072  1024 40214.0000 25463.7688   195 5 1 1.00 1   943 8 1 4.84 5  31145 692 18 198.38 151  8 1 2.41 2  27131904 393216 13178267.17 8388608  39337 756 32 223.51 178  
O  66 OPTIQ_Alltoallv  msg = 8388608 chunk = 131072  1024 56786.0000 18032.6137   183 4 1 1.00 1   874 8 1 4.78 5  30427 614 10 198.87 143  8 1 2.31 2  27262976 262144 13382520.55 8388608  38619 678 13 212.19 138  
O  67 OPTIQ_Alltoallv  msg = 8388608 chunk = 131072  1024 37037.0000 27648.0276   240 4 1 1.00 2  1152 8 1 4.80 5  30656 529 4 173.20 140  7 1 2.33 2  17956864 131072 10307459.63 8388608  38873 593 4 206.77 189  
O  68 OPTIQ_Alltoallv  msg = 8388608 chunk = 131072  1024 46343.0000 22096.1094   226 5 1 1.00 2  1063 8 1 4.70 5  30469 539 9 190.43 143  8 1 2.29 2  19005440 262144 10890532.89 8388608  38661 603 15 212.42 156  
O  69 OPTIQ_Alltoallv  msg = 8388608 chunk = 131072  1024 42503.0000 24092.4170   230 5 1 1.00 2  1085 8 1 4.72 5  30331 592 5 175.32 138  8 1 2.27 2  18481152 131072 10578637.01 8388608  38523 656 6 203.83 161  
O  70 OPTIQ_Alltoallv  msg = 8388608 chunk = 131072  1024 35001.0000 29256.3070   280 5 1 2.00 2  1314 8 1 4.69 5  30323 528 5 155.50 128  8 1 2.25 2  14811136 131072 8653449.88 8388608  38515 592 5 191.62 173  
O  71 OPTIQ_Alltoallv  msg = 8388608 chunk = 131072  1024 36478.0000 28071.7145   283 5 1 2.00 2  1350 8 1 4.77 5  30007 502 3 154.68 113  8 1 2.41 2  14811136 131072 8934897.37 8388608  38174 566 7 188.98 128  
O  72 OPTIQ_Alltoallv  msg = 8388608 chunk = 131072  1024 39295.0000 26059.2951   285 5 1 2.00 2  1338 8 1 4.69 5  30021 507 2 162.28 113  7 1 2.38 2  14548992 131072 8890546.25 8388608  38213 571 2 193.97 149  
O  73 OPTIQ_Alltoallv  msg = 8388608 chunk = 131072  2048 63411.0000 32297.2355   382 4 1 1.00 1  1969 9 1 5.15 5  66781 910 3 253.92 192  10 1 2.53 2  29097984 131072 14006845.86 8519680  83140 974 21 273.49 213  
O  74 OPTIQ_Alltoallv  msg = 8388608 chunk = 131072  2048 56949.0000 35962.0011   389 4 1 1.00 1  1990 9 1 5.12 5  66469 859 5 248.95 186  9 1 2.59 2  29622272 131072 14135978.67 9043968  82853 923 64 270.76 192  
O  75 OPTIQ_Alltoallv  msg = 8388608 chunk = 131072  2048 55332.0000 37012.9401   380 3 1 1.00 1  1909 9 1 5.02 5  65749 829 2 258.85 192  9 1 2.49 2  30146560 131072 14049686.39 8388608  82108 893 5 270.98 192  
O  76 OPTIQ_Alltoallv  msg = 8388608 chunk = 131072  2048 42000.0000 48761.9048   481 5 1 1.00 2  2428 9 1 5.05 5  66159 672 4 222.76 198  9 1 2.57 2  19922944 131072 11445290.26 9437184  82518 736 4 259.49 220  
O  77 OPTIQ_Alltoallv  msg = 8388608 chunk = 131072  2048 42277.0000 48442.4155   461 5 1 1.00 2  2321 9 1 5.03 5  65845 808 7 229.43 184  9 1 2.47 2  20185088 131072 11450204.77 8781824  82204 872 7 260.97 215  
O  78 OPTIQ_Alltoallv  msg = 8388608 chunk = 131072  2048 47063.0000 43516.1379   476 4 1 1.00 2  2396 9 1 5.03 5  66175 873 4 230.57 199  9 1 2.57 2  21233664 262144 11607185.03 8388608  82534 937 5 260.36 220  
O  79 OPTIQ_Alltoallv  msg = 8388608 chunk = 131072  2048 42401.0000 48300.7476   547 5 1 2.00 2  2759 9 1 5.04 5  66061 690 5 205.16 183  8 1 2.47 2  16252928 131072 9671400.39 8388608  82445 754 8 242.49 229  
O  80 OPTIQ_Alltoallv  msg = 8388608 chunk = 131072  2048 46146.0000 44380.8781   553 5 1 2.00 2  2741 9 1 4.96 5  64677 764 7 220.74 209  9 1 2.59 2  16384000 131072 10029792.82 8388608  81061 828 7 254.11 242  
O  81 OPTIQ_Alltoallv  msg = 8388608 chunk = 131072  2048 46126.0000 44400.1214   545 4 1 2.00 2  2721 9 1 4.99 5  64683 687 1 214.18 181  10 1 2.59 2  16646144 131072 10106885.85 8912896  81067 751 1 251.76 226  
O  82 OPTIQ_Alltoallv  msg = 8388608 chunk = 131072  4096 67185.0000 60965.9894   733 5 1 1.00 1  3930 10 1 5.36 5  142590 1183 4 298.31 194  11 1 2.51 2  34865152 131072 14705389.49 8388608  175383 1247 63 318.88 233  
O  83 OPTIQ_Alltoallv  msg = 8388608 chunk = 131072  4096 74498.0000 54981.3418   749 4 1 1.00 1  4004 10 1 5.35 5  142022 1234 8 307.41 192  10 1 2.66 2  34865152 131072 15202438.54 8519680  174815 1298 11 318.42 192  
O  84 OPTIQ_Alltoallv  msg = 8388608 chunk = 131072  4096 72451.0000 56534.7614   735 4 1 1.00 1  3950 10 1 5.37 5  142702 1251 1 304.92 192  10 1 2.56 2  35127296 131072 14915177.59 8388608  175495 1315 3 316.78 216  
O  85 OPTIQ_Alltoallv  msg = 8388608 chunk = 131072  4096 51963.0000 78825.3180   955 5 1 1.00 2  5125 10 1 5.37 5  142112 873 1 278.65 243  9 1 2.69 2  21889024 131072 12019859.13 9568256  174905 937 6 311.22 282  
O  86 OPTIQ_Alltoallv  msg = 8388608 chunk = 131072  4096 52263.0000 78372.8450   937 5 1 1.00 2  4965 10 1 5.30 5  142426 979 3 278.18 247  10 1 2.63 2  21495808 131072 12162620.75 9568256  175194 1043 5 309.53 281  
O  87 OPTIQ_Alltoallv  msg = 8388608 chunk = 131072  4096 55374.0000 73969.7331   983 5 1 1.00 2  5267 10 1 5.36 5  141860 885 14 277.07 225  12 1 2.73 2  21364736 131072 11877966.38 8912896  174628 949 27 307.99 256  
O  88 OPTIQ_Alltoallv  msg = 8388608 chunk = 131072  4096 50575.0000 80988.6307  1070 5 1 2.00 2  5667 10 1 5.30 5  142182 850 1 273.95 265  9 1 2.68 2  17956864 131072 10853531.15 9437184  174975 914 11 313.01 309  
O  89 OPTIQ_Alltoallv  msg = 8388608 chunk = 131072  4096 46729.0000 87654.3474  1059 5 1 2.00 2  5628 10 1 5.31 5  140740 982 2 268.08 256  9 1 2.65 2  18219008 131072 10695228.48 8781824  173533 1046 10 307.68 291  
O  90 OPTIQ_Alltoallv  msg = 8388608 chunk = 131072  4096 53849.0000 76064.5509  1102 5 1 2.00 2  5833 10 1 5.29 5  140212 878 18 283.26 255  11 1 2.87 2  19005440 131072 11157891.02 9437184  173005 942 18 312.28 290  
