 0 MPI_Alltoallv msg = 8388608 chunk = 65536 256 3384.4000 75641.1772  32 64 64 64 2 2 2.00 2 1 1 1.00 1  0 0 0.00 0  0 0 0.00 0  8388608 8388608 8388608.00 8388608
 1 MPI_Alltoallv msg = 8388608 chunk = 65536 512 12083.4000 42372.1800  64 320 320 176 8 2 5.00 5 2 1 1.82 2  0 0 0.00 0  0 0 0.00 0  16777216 8388608 8388608.00 8388608
 2 MPI_Alltoallv msg = 8388608 chunk = 65536 1024 29421.1000 34804.9529  128 576 576 216 8 1 4.50 5 4 1 2.67 2  0 0 0.00 0  0 0 0.00 0  16777216 8388608 8388608.00 8388608
 3 MPI_Alltoallv msg = 8388608 chunk = 65536 2048 41270.1000 49624.3043  256 1280 1280 336 9 1 5.00 5 8 1 3.81 2  0 0 0.00 0  0 0 0.00 0  16777216 8388608 8388608.00 8388608
 4 MPI_Alltoallv msg = 8388608 chunk = 65536 512 13062.6000 39195.8722  64 320 320 256 8 2 5.00 5 2 1 1.25 1  0 0 0.00 0  0 0 0.00 0  16777216 8388608 8388608.00 8388608
 5 MPI_Alltoallv msg = 8388608 chunk = 65536 512 3385.2000 151246.6029  64 192 192 192 3 3 3.00 3 1 1 1.00 1  0 0 0.00 0  0 0 0.00 0  8388608 8388608 8388608.00 8388608
 6 MPI_Alltoallv msg = 8388608 chunk = 65536 1024 17257.9000 59335.1451  128 576 576 320 8 1 4.50 5 2 1 1.80 2  0 0 0.00 0  0 0 0.00 0  16777216 8388608 8388608.00 8388608
 7 MPI_Alltoallv msg = 8388608 chunk = 65536 2048 34859.3000 58750.4626  256 1280 1280 464 9 1 5.00 5 4 1 2.76 4  0 0 0.00 0  0 0 0.00 0  16777216 8388608 8388608.00 8388608
 8 MPI_Alltoallv msg = 8388608 chunk = 65536 1024 26184.7000 39106.8066  128 576 576 384 8 1 4.50 5 3 1 1.50 1  0 0 0.00 0  0 0 0.00 0  25165824 8388608 8388608.00 16777216
 9 MPI_Alltoallv msg = 8388608 chunk = 65536 1024 16155.5000 63383.9869  128 576 576 480 8 1 4.50 5 2 1 1.20 1  0 0 0.00 0  0 0 0.00 0  16777216 8388608 8388608.00 8388608
 10 MPI_Alltoallv msg = 8388608 chunk = 65536 1024 4709.5000 217432.8485  128 128 128 128 1 1 1.00 1 1 1 1.00 1  0 0 0.00 0  0 0 0.00 0  8388608 8388608 8388608.00 8388608
 11 MPI_Alltoallv msg = 8388608 chunk = 65536 2048 18289.6000 111976.2051  256 1280 1280 704 9 1 5.00 5 2 1 1.82 2  0 0 0.00 0  0 0 0.00 0  16777216 8388608 8388608.00 8388608
 12 MPI_Alltoallv msg = 8388608 chunk = 65536 2048 45098.9000 45411.3071  256 1280 1280 512 9 1 5.00 5 6 1 2.50 2  0 0 0.00 0  0 0 0.00 0  16777216 8388608 8388608.00 8388608
 13 MPI_Alltoallv msg = 8388608 chunk = 65536 2048 26475.9000 77353.3666  256 1280 1280 768 9 1 5.00 5 3 1 1.67 2  0 0 0.00 0  0 0 0.00 0  25165824 8388608 8388608.00 16777216
 14 MPI_Alltoallv msg = 8388608 chunk = 65536 2048 17894.6000 114447.9340  256 1280 1280 960 9 1 5.00 5 2 1 1.33 1  0 0 0.00 0  0 0 0.00 0  16777216 8388608 8388608.00 8388608
 15 MPI_Alltoallv msg = 8388608 chunk = 65536 2048 4710.2000 434801.0700  256 512 512 512 2 2 2.00 2 1 1 1.00 1  0 0 0.00 0  0 0 0.00 0  8388608 8388608 8388608.00 8388608
 16 MPI_Alltoallv msg = 8388608 chunk = 65536 256 5771.2000 44358.1924  32 108 108 96 4 3 3.38 3 2 1 1.12 1  0 0 0.00 0  0 0 0.00 0  16777216 8388608 8388608.00 8388608
 17 MPI_Alltoallv msg = 8388608 chunk = 65536 256 4703.7000 54425.2397  32 56 56 56 2 1 1.75 2 1 1 1.00 1  0 0 0.00 0  0 0 0.00 0  8388608 8388608 8388608.00 8388608
 18 MPI_Alltoallv msg = 8388608 chunk = 65536 256 4704.3000 54418.2982  32 80 80 80 3 2 2.50 3 1 1 1.00 1  0 0 0.00 0  0 0 0.00 0  8388608 8388608 8388608.00 8388608
 19 MPI_Alltoallv msg = 8388608 chunk = 65536 512 15417.9000 33208.1542  64 248 248 140 7 1 3.88 4 2 1 1.77 2  0 0 0.00 0  0 0 0.00 0  16777216 8388608 8388608.00 8388608
 20 MPI_Alltoallv msg = 8388608 chunk = 65536 512 14351.3000 35676.2105  64 240 240 136 7 1 3.75 4 2 1 1.76 2  0 0 0.00 0  0 0 0.00 0  16777216 8388608 8388608.00 8388608
 21 MPI_Alltoallv msg = 8388608 chunk = 65536 512 14139.9000 36209.5913  64 224 224 128 7 1 3.50 3 2 1 1.75 2  0 0 0.00 0  0 0 0.00 0  16777216 8388608 8388608.00 8388608
 22 MPI_Alltoallv msg = 8388608 chunk = 65536 1024 27155.4000 37708.8903  128 476 476 191 7 1 3.72 4 4 1 2.49 2  0 0 0.00 0  0 0 0.00 0  16777216 8388608 8388608.00 8388608
 23 MPI_Alltoallv msg = 8388608 chunk = 65536 1024 26605.3000 38488.5718  128 472 472 190 6 1 3.69 4 4 1 2.48 2  0 0 0.00 0  0 0 0.00 0  16777216 8388608 8388608.00 8388608
 24 MPI_Alltoallv msg = 8388608 chunk = 65536 1024 28269.0000 36223.4250  128 464 464 188 6 1 3.62 4 4 1 2.47 2  0 0 0.00 0  0 0 0.00 0  16777216 8388608 8388608.00 8388608
 25 MPI_Alltoallv msg = 8388608 chunk = 65536 2048 40841.5000 50145.0730  256 1080 1080 360 8 1 4.22 4 8 1 3.00 2  0 0 0.00 0  0 0 0.00 0  16777216 8388608 8388608.00 8388608
 26 MPI_Alltoallv msg = 8388608 chunk = 65536 2048 39898.3000 51330.5078  256 1072 1072 310 8 1 4.19 4 8 1 3.46 2  0 0 0.00 0  0 0 0.00 0  16777216 8388608 8388608.00 8388608
 27 MPI_Alltoallv msg = 8388608 chunk = 65536 2048 39673.1000 51621.8798  256 1056 1056 308 8 1 4.12 4 8 1 3.43 2  0 0 0.00 0  0 0 0.00 0  16777216 8388608 8388608.00 8388608
 28 MPI_Alltoallv msg = 8388608 chunk = 65536 512 15580.0000 32862.6444  64 240 240 200 7 1 3.75 4 2 1 1.20 1  0 0 0.00 0  0 0 0.00 0  16777216 8388608 8388608.00 8388608
 29 MPI_Alltoallv msg = 8388608 chunk = 65536 512 15103.9000 33898.5295  64 224 224 200 6 1 3.50 4 2 1 1.12 1  0 0 0.00 0  0 0 0.00 0  16777216 8388608 8388608.00 8388608
 30 MPI_Alltoallv msg = 8388608 chunk = 65536 512 14020.3000 36518.4768  64 192 192 160 6 0 3.00 3 2 1 1.20 1  0 0 0.00 0  0 0 0.00 0  16777216 8388608 8388608.00 8388608
 31 MPI_Alltoallv msg = 8388608 chunk = 65536 512 6714.2000 76256.2926  64 176 176 176 3 2 2.75 3 1 1 1.00 1  0 0 0.00 0  0 0 0.00 0  8388608 8388608 8388608.00 8388608
 32 MPI_Alltoallv msg = 8388608 chunk = 65536 512 7231.0000 70806.2509  64 224 224 208 4 3 3.50 4 2 1 1.08 1  0 0 0.00 0  0 0 0.00 0  16777216 8388608 8388608.00 8388608
 33 MPI_Alltoallv msg = 8388608 chunk = 65536 512 4728.6000 108277.2914  64 64 64 64 1 1 1.00 1 1 1 1.00 1  0 0 0.00 0  0 0 0.00 0  8388608 8388608 8388608.00 8388608
 34 MPI_Alltoallv msg = 8388608 chunk = 65536 1024 16675.5000 61407.4540  128 520 520 292 6 2 4.06 4 2 1 1.78 2  0 0 0.00 0  0 0 0.00 0  16777216 8388608 8388608.00 8388608
 35 MPI_Alltoallv msg = 8388608 chunk = 65536 1024 15073.7000 67932.8897  128 528 528 296 7 2 4.12 4 2 1 1.78 2  0 0 0.00 0  0 0 0.00 0  16777216 8388608 8388608.00 8388608
 36 MPI_Alltoallv msg = 8388608 chunk = 65536 1024 15249.9000 67147.9813  128 544 544 304 7 1 4.25 4 2 1 1.79 2  0 0 0.00 0  0 0 0.00 0  16777216 8388608 8388608.00 8388608
 37 MPI_Alltoallv msg = 8388608 chunk = 65536 2048 30169.8000 67882.4520  256 1136 1136 428 8 1 4.44 4 4 1 2.65 2  0 0 0.00 0  0 0 0.00 0  16777216 8388608 8388608.00 8388608
 38 MPI_Alltoallv msg = 8388608 chunk = 65536 2048 29613.9000 69156.7136  256 1120 1120 424 8 1 4.38 4 4 1 2.64 2  0 0 0.00 0  0 0 0.00 0  16777216 8388608 8388608.00 8388608
 39 MPI_Alltoallv msg = 8388608 chunk = 65536 2048 24030.8000 85223.9626  256 1088 1088 416 8 1 4.25 4 4 1 2.62 2  0 0 0.00 0  0 0 0.00 0  16777216 8388608 8388608.00 8388608
 40 MPI_Alltoallv msg = 8388608 chunk = 65536 1024 21304.5000 48064.9628  128 576 576 400 8 1 4.50 5 3 1 1.44 1  0 0 0.00 0  0 0 0.00 0  25165824 8388608 8388608.00 16777216
 41 MPI_Alltoallv msg = 8388608 chunk = 65536 1024 24204.7000 42305.8332  128 448 448 256 7 0 3.50 4 3 1 1.75 2  0 0 0.00 0  0 0 0.00 0  25165824 8388608 8388608.00 16777216
 42 MPI_Alltoallv msg = 8388608 chunk = 65536 1024 23105.9000 44317.6851  128 448 448 256 7 0 3.50 4 3 1 1.75 2  0 0 0.00 0  0 0 0.00 0  25165824 8388608 8388608.00 16777216
 43 MPI_Alltoallv msg = 8388608 chunk = 65536 1024 14111.5000 72564.9293  128 608 608 520 8 1 4.75 5 2 1 1.17 1  0 0 0.00 0  0 0 0.00 0  16777216 8388608 8388608.00 8388608
 44 MPI_Alltoallv msg = 8388608 chunk = 65536 1024 15037.5000 68096.4256  128 576 576 480 8 1 4.50 5 2 1 1.20 1  0 0 0.00 0  0 0 0.00 0  16777216 8388608 8388608.00 8388608
 45 MPI_Alltoallv msg = 8388608 chunk = 65536 1024 16005.9000 63976.4087  128 448 448 352 7 0 3.50 4 2 1 1.27 1  0 0 0.00 0  0 0 0.00 0  16777216 8388608 8388608.00 8388608
 46 MPI_Alltoallv msg = 8388608 chunk = 65536 1024 5797.8000 176618.7174  128 432 432 384 4 3 3.38 3 2 1 1.12 1  0 0 0.00 0  0 0 0.00 0  16777216 8388608 8388608.00 8388608
 47 MPI_Alltoallv msg = 8388608 chunk = 65536 1024 4704.0000 217687.0748  128 224 224 224 2 1 1.75 2 1 1 1.00 1  0 0 0.00 0  0 0 0.00 0  8388608 8388608 8388608.00 8388608
 48 MPI_Alltoallv msg = 8388608 chunk = 65536 1024 4705.1000 217636.1820  128 320 320 320 3 2 2.50 3 1 1 1.00 1  0 0 0.00 0  0 0 0.00 0  8388608 8388608 8388608.00 8388608
 49 MPI_Alltoallv msg = 8388608 chunk = 65536 2048 18563.4000 110324.6173  256 1248 1248 688 9 1 4.88 5 2 1 1.81 2  0 0 0.00 0  0 0 0.00 0  16777216 8388608 8388608.00 8388608
 50 MPI_Alltoallv msg = 8388608 chunk = 65536 2048 18241.0000 112274.5464  256 1216 1216 672 9 1 4.75 5 2 1 1.81 2  0 0 0.00 0  0 0 0.00 0  16777216 8388608 8388608.00 8388608
 51 MPI_Alltoallv msg = 8388608 chunk = 65536 2048 19358.7000 105792.2278  256 1152 1152 640 9 1 4.50 4 2 1 1.80 2  0 0 0.00 0  0 0 0.00 0  16777216 8388608 8388608.00 8388608
 52 MPI_Alltoallv msg = 8388608 chunk = 65536 2048 43498.4000 47082.1915  256 1024 1024 384 8 0 4.00 4 6 1 2.67 2  0 0 0.00 0  0 0 0.00 0  16777216 8388608 8388608.00 8388608
 53 MPI_Alltoallv msg = 8388608 chunk = 65536 2048 44419.1000 46106.2921  256 1024 1024 384 8 0 4.00 4 6 1 2.67 2  0 0 0.00 0  0 0 0.00 0  16777216 8388608 8388608.00 8388608
 54 MPI_Alltoallv msg = 8388608 chunk = 65536 2048 42940.8000 47693.5688  256 1024 1024 384 8 0 4.00 4 6 1 2.67 2  0 0 0.00 0  0 0 0.00 0  16777216 8388608 8388608.00 8388608
 55 MPI_Alltoallv msg = 8388608 chunk = 65536 2048 25433.0000 80525.3018  256 1152 1152 768 8 1 4.50 5 3 1 1.50 1  0 0 0.00 0  0 0 0.00 0  25165824 8388608 8388608.00 16777216
 56 MPI_Alltoallv msg = 8388608 chunk = 65536 2048 26674.4000 76777.7345  256 1024 1024 640 8 0 4.00 4 3 1 1.60 2  0 0 0.00 0  0 0 0.00 0  25165824 8388608 8388608.00 16777216
 57 MPI_Alltoallv msg = 8388608 chunk = 65536 2048 25269.8000 81045.3585  256 1024 1024 576 8 0 4.00 4 3 1 1.78 2  0 0 0.00 0  0 0 0.00 0  25165824 8388608 8388608.00 16777216
 58 MPI_Alltoallv msg = 8388608 chunk = 65536 2048 17499.8000 117029.9089  256 1216 1216 992 9 1 4.75 5 2 1 1.23 1  0 0 0.00 0  0 0 0.00 0  16777216 8388608 8388608.00 8388608
 59 MPI_Alltoallv msg = 8388608 chunk = 65536 2048 15439.3000 132648.5009  256 1152 1152 992 8 1 4.50 5 2 1 1.16 1  0 0 0.00 0  0 0 0.00 0  16777216 8388608 8388608.00 8388608
 60 MPI_Alltoallv msg = 8388608 chunk = 65536 2048 14377.7000 142442.8107  256 1024 1024 832 8 0 4.00 4 2 1 1.23 1  0 0 0.00 0  0 0 0.00 0  16777216 8388608 8388608.00 8388608
 61 MPI_Alltoallv msg = 8388608 chunk = 65536 2048 6762.2000 302860.0160  256 704 704 704 3 2 2.75 3 1 1 1.00 1  0 0 0.00 0  0 0 0.00 0  8388608 8388608 8388608.00 8388608
 62 MPI_Alltoallv msg = 8388608 chunk = 65536 2048 7292.7000 280828.7740  256 896 896 832 4 3 3.50 4 2 1 1.08 1  0 0 0.00 0  0 0 0.00 0  16777216 8388608 8388608.00 8388608
 63 MPI_Alltoallv msg = 8388608 chunk = 65536 2048 4734.6000 432560.3008  256 256 256 256 1 1 1.00 1 1 1 1.00 1  0 0 0.00 0  0 0 0.00 0  8388608 8388608 8388608.00 8388608
 64 MPI_Alltoallv msg = 8388608 chunk = 65536 512 61789.5000 8286.1975  64 192 192 68 6 0 3.00 3 8 1 2.82 2  0 0 0.00 0  0 0 0.00 0  16777216 8388608 8388608.00 8388608
 65 MPI_Alltoallv msg = 8388608 chunk = 65536 512 64045.6000 7994.3041  64 192 192 68 6 0 3.00 3 8 1 2.82 2  0 0 0.00 0  0 0 0.00 0  16777216 8388608 8388608.00 8388608
 66 MPI_Alltoallv msg = 8388608 chunk = 65536 512 61683.7000 8300.4100  64 192 192 68 6 0 3.00 3 8 1 2.82 2  0 0 0.00 0  0 0 0.00 0  16777216 8388608 8388608.00 8388608
 67 MPI_Alltoallv msg = 8388608 chunk = 65536 512 35720.2000 14333.6264  64 192 192 80 6 0 3.00 3 6 1 2.40 2  0 0 0.00 0  0 0 0.00 0  16777216 8388608 8388608.00 8388608
 68 MPI_Alltoallv msg = 8388608 chunk = 65536 512 34544.2000 14821.5909  64 192 192 80 6 0 3.00 3 6 1 2.40 2  0 0 0.00 0  0 0 0.00 0  16777216 8388608 8388608.00 8388608
 69 MPI_Alltoallv msg = 8388608 chunk = 65536 512 34819.9000 14704.2352  64 192 192 80 6 0 3.00 3 6 1 2.40 2  0 0 0.00 0  0 0 0.00 0  16777216 8388608 8388608.00 8388608
 70 MPI_Alltoallv msg = 8388608 chunk = 65536 512 23990.6000 21341.6922  64 192 192 112 6 0 3.00 3 3 1 1.71 2  0 0 0.00 0  0 0 0.00 0  25165824 8388608 8388608.00 16777216
 71 MPI_Alltoallv msg = 8388608 chunk = 65536 512 24024.2000 21311.8439  64 192 192 128 6 0 3.00 3 3 1 1.50 1  0 0 0.00 0  0 0 0.00 0  25165824 8388608 8388608.00 16777216
 72 MPI_Alltoallv msg = 8388608 chunk = 65536 512 24380.8000 21000.1313  64 192 192 112 6 0 3.00 3 3 1 1.71 2  0 0 0.00 0  0 0 0.00 0  25165824 8388608 8388608.00 16777216
 73 MPI_Alltoallv msg = 8388608 chunk = 65536 1024 62259.3000 16447.3420  128 448 448 144 7 0 3.50 4 12 1 3.11 2  0 0 0.00 0  0 0 0.00 0  16777216 8388608 8388608.00 8388608
 74 MPI_Alltoallv msg = 8388608 chunk = 65536 1024 61855.2000 16554.7925  128 448 448 144 7 0 3.50 4 12 1 3.11 2  0 0 0.00 0  0 0 0.00 0  16777216 8388608 8388608.00 8388608
 75 MPI_Alltoallv msg = 8388608 chunk = 65536 1024 61890.0000 16545.4839  128 448 448 144 7 0 3.50 4 12 1 3.11 2  0 0 0.00 0  0 0 0.00 0  16777216 8388608 8388608.00 8388608
 76 MPI_Alltoallv msg = 8388608 chunk = 65536 1024 34338.4000 29820.8420  128 448 448 176 7 0 3.50 4 6 1 2.55 2  0 0 0.00 0  0 0 0.00 0  16777216 8388608 8388608.00 8388608
 77 MPI_Alltoallv msg = 8388608 chunk = 65536 1024 36282.4000 28223.0503  128 448 448 176 7 0 3.50 4 6 1 2.55 2  0 0 0.00 0  0 0 0.00 0  16777216 8388608 8388608.00 8388608
 78 MPI_Alltoallv msg = 8388608 chunk = 65536 1024 36480.4000 28069.8677  128 448 448 176 7 0 3.50 4 6 1 2.55 2  0 0 0.00 0  0 0 0.00 0  16777216 8388608 8388608.00 8388608
 79 MPI_Alltoallv msg = 8388608 chunk = 65536 1024 22351.6000 45813.2751  128 448 448 256 7 0 3.50 4 3 1 1.75 2  0 0 0.00 0  0 0 0.00 0  25165824 8388608 8388608.00 16777216
 80 MPI_Alltoallv msg = 8388608 chunk = 65536 1024 22311.5000 45895.6144  128 448 448 256 7 0 3.50 4 3 1 1.75 2  0 0 0.00 0  0 0 0.00 0  25165824 8388608 8388608.00 16777216
 81 MPI_Alltoallv msg = 8388608 chunk = 65536 1024 23467.9000 43634.0704  128 448 448 256 7 0 3.50 4 3 1 1.75 2  0 0 0.00 0  0 0 0.00 0  25165824 8388608 8388608.00 16777216
 82 MPI_Alltoallv msg = 8388608 chunk = 65536 2048 77860.0000 26303.6219  256 1024 1024 304 8 0 4.00 4 12 1 3.37 2  0 0 0.00 0  0 0 0.00 0  16777216 8388608 8388608.00 8388608
 83 MPI_Alltoallv msg = 8388608 chunk = 65536 2048 77843.6000 26309.1635  256 1024 1024 304 8 0 4.00 4 12 1 3.37 2  0 0 0.00 0  0 0 0.00 0  16777216 8388608 8388608.00 8388608
 84 MPI_Alltoallv msg = 8388608 chunk = 65536 2048 77647.9000 26375.4718  256 1024 1024 304 8 0 4.00 4 12 1 3.37 2  0 0 0.00 0  0 0 0.00 0  16777216 8388608 8388608.00 8388608
 85 MPI_Alltoallv msg = 8388608 chunk = 65536 2048 43358.7000 47233.8885  256 1024 1024 384 8 0 4.00 4 6 1 2.67 2  0 0 0.00 0  0 0 0.00 0  16777216 8388608 8388608.00 8388608
 86 MPI_Alltoallv msg = 8388608 chunk = 65536 2048 43969.8000 46577.4236  256 1024 1024 384 8 0 4.00 4 6 1 2.67 2  0 0 0.00 0  0 0 0.00 0  16777216 8388608 8388608.00 8388608
 87 MPI_Alltoallv msg = 8388608 chunk = 65536 2048 42822.7000 47825.1021  256 1024 1024 384 8 0 4.00 4 6 1 2.67 2  0 0 0.00 0  0 0 0.00 0  16777216 8388608 8388608.00 8388608
 88 MPI_Alltoallv msg = 8388608 chunk = 65536 2048 26673.1000 76781.4765  256 1024 1024 576 8 0 4.00 4 3 1 1.78 2  0 0 0.00 0  0 0 0.00 0  25165824 8388608 8388608.00 16777216
 89 MPI_Alltoallv msg = 8388608 chunk = 65536 2048 25444.3000 80489.5399  256 1024 1024 640 8 0 4.00 4 3 1 1.60 2  0 0 0.00 0  0 0 0.00 0  25165824 8388608 8388608.00 16777216
 90 MPI_Alltoallv msg = 8388608 chunk = 65536 2048 25250.7000 81106.6624  256 1024 1024 576 8 0 4.00 4 3 1 1.78 2  0 0 0.00 0  0 0 0.00 0  25165824 8388608 8388608.00 16777216
