 0 OPTIQ_Alltoallv msg = 8388608 chunk = 65536  256 4368.0000 58608.0586  179 680 680 496 6 2 3.80 4 4 1 1.37 1  91 2    46.51 42  215 2    63.33 42  3014656 131072 2419957.42 2752512 
 1 OPTIQ_Alltoallv msg = 8388608 chunk = 65536  512 11843.0000 43232.2891  334 1812 1812 797 8 3 5.43 5 10 1 2.27 2  409 1   145.22 128  665 1   178.52 132  6160384 65536 4364965.09 5701632 
 2 OPTIQ_Alltoallv msg = 8388608 chunk = 65536  1024 14143.0000 72403.3091  410 2157 2157 950 8 3 5.26 5 9 1 2.27 2  768 2   244.03 188  1250 2   301.72 188  9961472 131072 6147184.17 6291456 
 3 OPTIQ_Alltoallv msg = 8388608 chunk = 65536  2048 21131.0000 96919.2182  553 2989 2989 1325 9 3 5.41 5 10 1 2.26 2  1288 1   337.21 264  2312 1   415.77 264  16973824 65536 8048797.54 8192000 
 4 OPTIQ_Alltoallv msg = 8388608 chunk = 65536  512 10777.0000 47508.5831  394 2181 2181 938 8 3 5.54 6 8 1 2.33 2  335 2   128.19 116  463 5   154.40 136  5439488 131072 4109241.86 4915200 
 5 OPTIQ_Alltoallv msg = 8388608 chunk = 65536  512 5968.0000 85790.8847  458 2172 2172 1219 5 3 4.74 5 7 1 1.78 1  157 1    72.44 68  243 1    92.04 84  3473408 65536 2732552.59 3080192 
 6 OPTIQ_Alltoallv msg = 8388608 chunk = 65536  1024 12249.0000 83598.6611  589 3120 3120 1314 8 3 5.30 5 10 1 2.37 2  568 13   198.47 165  824 13   244.88 166  7143424 65536 5249024.00 6750208 
 7 OPTIQ_Alltoallv msg = 8388608 chunk = 65536  2048 19053.0000 107489.6342  796 4420 4420 1783 9 3 5.55 5 9 1 2.48 2  1061 6   318.65 270  1573 6   388.29 272  11927552 65536 7613075.38 8388608 
 8 OPTIQ_Alltoallv msg = 8388608 chunk = 65536  1024 22507.0000 45496.9565  480 2596 2596 1036 8 2 5.41 5 14 1 2.51 2  722 3   238.58 209  850 3   283.30 263  9633792 65536 7450939.08 8978432 
 9 OPTIQ_Alltoallv msg = 8388608 chunk = 65536  1024 15192.0000 67403.8968  633 3451 3451 1358 8 3 5.45 5 9 1 2.54 2  558 30   199.67 165  593 30   244.25 226  6750208 65536 5840488.66 6356992 
 10 OPTIQ_Alltoallv msg = 8388608 chunk = 65536  1024 8013.0000 127792.3375  815 3829 3829 1963 5 1 4.70 5 7 1 1.95 2  278 47   113.14 105  406 47   145.08 115  4521984 65536 3711488.00 4128768 
 11 OPTIQ_Alltoallv msg = 8388608 chunk = 65536  2048 17226.0000 118890.0499  1093 6116 6116 2425 9 3 5.60 6 11 1 2.52 2  836 12   290.28 247  1092 12   353.66 255  8781824 65536 6229248.00 8257536 
 12 OPTIQ_Alltoallv msg = 8388608 chunk = 65536  2048 26152.0000 78311.4102  542 2982 2982 1339 9 2 5.50 5 8 1 2.23 2  1317 4   378.75 316  1445 4   365.55 282  17039360 65536 11031491.27 8454144 
 13 OPTIQ_Alltoallv msg = 8388608 chunk = 65536  2048 22684.0000 90283.9005  831 4642 4642 1761 9 3 5.59 6 9 1 2.64 2  995 3   341.59 298  1085 3   387.81 362  12124160 131072 9802213.97 11730944 
 14 OPTIQ_Alltoallv msg = 8388608 chunk = 65536  2048 21782.0000 94022.5875  1036 5827 5827 2362 9 2 5.62 6 8 1 2.47 2  770 21   300.34 280  770 21   360.25 347  8978432 65536 7627899.20 8650752 
 15 OPTIQ_Alltoallv msg = 8388608 chunk = 65536  2048 8345.0000 245416.4170  256 512 512 512 2 2 2.00 2 1 1 1.00 1  128 128   128.00 128  256 128   166.34 128  8388608 8388608 8388608.00 8388608 
 16 OPTIQ_Alltoallv msg = 8388608 chunk = 65536  256 6864.0000 37296.0373  226 1135 1135 584 6 3 5.02 5 10 1 1.94 2  237 2    77.66 50  344 2    96.62 50  3407872 65536 2228830.81 2555904 
 17 OPTIQ_Alltoallv msg = 8388608 chunk = 65536  256 3086.0000 82955.2819  327 1357 1357 744 6 1 4.15 4 6 1 1.82 2  131 7    48.50 48  259 7    64.26 49  2031616 65536 1507328.00 1703936 
 18 OPTIQ_Alltoallv msg = 8388608 chunk = 65536  256 4457.0000 57437.7384  247 1090 1090 659 6 2 4.41 4 6 1 1.65 1  162 3    62.61 60  290 3    80.98 66  2555904 65536 1727552.58 2162688 
 19 OPTIQ_Alltoallv msg = 8388608 chunk = 65536  512 8690.0000 58918.2969  370 1877 1877 835 7 3 5.07 5 8 1 2.25 2  358 1   133.87 98  614 1   166.38 98  4980736 65536 3113090.55 3473408 
 20 OPTIQ_Alltoallv msg = 8388608 chunk = 65536  512 8100.0000 63209.8765  344 1711 1711 817 7 1 4.97 5 8 1 2.09 2  350 1   133.21 105  606 1   166.93 105  4784128 65536 3141936.66 3801088 
 21 OPTIQ_Alltoallv msg = 8388608 chunk = 65536  512 6953.0000 73637.2789  380 1871 1871 871 7 2 4.92 5 8 1 2.15 2  316 2   126.71 108  571 2   159.34 108  4325376 65536 2906914.82 3801088 
 22 OPTIQ_Alltoallv msg = 8388608 chunk = 65536  1024 10473.0000 97775.2315  488 2409 2409 969 7 2 4.94 5 9 1 2.49 2  630 1   230.36 168  1139 1   289.30 168  8519680 65536 5156997.08 5308416 
 23 OPTIQ_Alltoallv msg = 8388608 chunk = 65536  1024 11170.0000 91674.1271  473 2329 2329 984 6 2 4.92 5 9 1 2.37 2  633 1   226.36 171  1136 1   283.85 171  8323072 65536 4776974.42 4980736 
 24 OPTIQ_Alltoallv msg = 8388608 chunk = 65536  1024 10690.0000 95790.4584  476 2312 2312 988 6 1 4.86 5 9 1 2.34 2  638 1   228.35 186  1103 1   287.08 186  8126464 65536 4959755.05 6094848 
 25 OPTIQ_Alltoallv msg = 8388608 chunk = 65536  2048 20839.0000 98277.2686  560 2799 2799 1189 8 1 5.00 5 9 1 2.35 2  1250 2   388.50 310  2274 2   488.69 310  16711680 65536 7573428.61 7012352 
 26 OPTIQ_Alltoallv msg = 8388608 chunk = 65536  2048 19762.0000 103633.2355  568 2832 2832 1222 8 1 4.99 5 10 1 2.32 2  1216 1   373.18 275  2240 1   468.97 275  16449536 65536 7371742.97 6946816 
 27 OPTIQ_Alltoallv msg = 8388608 chunk = 65536  2048 19364.0000 105763.2721  573 2829 2829 1222 8 1 4.94 5 10 1 2.32 2  1157 2   369.91 297  2181 2   466.27 297  15925248 65536 7634267.37 7602176 
 28 OPTIQ_Alltoallv msg = 8388608 chunk = 65536  512 9556.0000 53578.9033  463 2366 2366 930 7 3 5.11 5 10 1 2.54 2  356 2   119.38 89  484 2   148.43 89  4194304 65536 2852098.73 3670016 
 29 OPTIQ_Alltoallv msg = 8388608 chunk = 65536  512 8292.0000 61746.2615  443 2182 2182 923 6 3 4.93 5 9 1 2.36 2  359 2   120.49 90  487 2   150.94 93  4128768 65536 2602855.16 3276800 
 30 OPTIQ_Alltoallv msg = 8388608 chunk = 65536  512 19509.0000 26244.2975  202 888 888 399 6 1 4.40 5 8 1 2.23 2  610 2   219.50 130  738 2   291.99 258  8650752 65536 4845568.00 4587520 
 31 OPTIQ_Alltoallv msg = 8388608 chunk = 65536  512 5569.0000 91937.5112  453 2122 2122 1156 6 2 4.68 5 8 1 1.84 1  193 3    80.51 67  311 3   102.41 69  3145728 65536 2287259.11 2752512 
 32 OPTIQ_Alltoallv msg = 8388608 chunk = 65536  512 7850.0000 65222.9299  446 2218 2218 1074 6 3 4.97 5 7 1 2.07 2  253 5    98.52 97  330 5   122.68 98  3670016 65536 2517900.88 3014656 
 33 OPTIQ_Alltoallv msg = 8388608 chunk = 65536  512 3506.0000 146035.3679  718 3344 3344 1420 5 1 4.66 5 7 1 2.35 2  204 1    75.59 61  332 1    97.32 61  2621440 65536 1632996.77 2031616 
 34 OPTIQ_Alltoallv msg = 8388608 chunk = 65536  1024 11172.0000 91657.7157  665 3388 3388 1316 6 3 5.09 5 10 1 2.57 2  534 2   190.98 144  790 2   237.93 144  6225920 65536 3937056.37 4587520 
 35 OPTIQ_Alltoallv msg = 8388608 chunk = 65536  1024 11171.0000 91665.9207  671 3430 3430 1353 7 3 5.11 5 10 1 2.54 2  546 1   191.09 166  747 1   237.38 166  5832704 65536 3934573.51 5373952 
 36 OPTIQ_Alltoallv msg = 8388608 chunk = 65536  1024 11143.0000 91896.2577  629 3234 3234 1350 7 1 5.14 5 10 1 2.40 2  536 1   206.19 186  792 1   255.54 189  6094848 65536 3993934.11 4718592 
 37 OPTIQ_Alltoallv msg = 8388608 chunk = 65536  2048 14905.0000 137403.5559  835 4341 4341 1659 8 2 5.20 5 9 1 2.62 2  1022 1   347.91 293  1534 1   431.15 293  11337728 65536 5930506.45 5308416 
 38 OPTIQ_Alltoallv msg = 8388608 chunk = 65536  2048 14223.0000 143992.1254  880 4585 4585 1700 8 2 5.21 5 9 1 2.70 2  956 3   331.51 264  1468 3   410.73 264  10813440 65536 5892990.76 5439488 
 39 OPTIQ_Alltoallv msg = 8388608 chunk = 65536  2048 13524.0000 151434.4868  901 4652 4652 1723 8 2 5.16 5 10 1 2.70 2  906 5   335.14 264  1418 5   416.16 264  10485760 65536 5906696.26 5636096 
 40 OPTIQ_Alltoallv msg = 8388608 chunk = 65536  1024 17706.0000 57833.5028  613 3292 3292 1204 8 2 5.37 5 8 1 2.73 2  759 2   231.55 203  887 2   282.09 240  7602176 65536 4688954.70 4849664 
 41 OPTIQ_Alltoallv msg = 8388608 chunk = 65536  1024 17663.0000 57974.2966  510 2538 2538 940 7 1 4.98 5 8 1 2.70 2  773 5   244.69 186  901 5   306.53 250  8585216 131072 5084672.00 4980736 
 42 OPTIQ_Alltoallv msg = 8388608 chunk = 65536  1024 19920.0000 51405.6225  506 2512 2512 915 7 1 4.96 5 10 1 2.75 2  787 1   252.67 190  915 1   311.43 233  8650752 65536 5126371.56 4980736 
 43 OPTIQ_Alltoallv msg = 8388608 chunk = 65536  1024 12791.0000 80056.2896  788 4345 4345 1515 8 3 5.51 6 9 1 2.87 3  574 11   211.63 202  702 11   258.98 248  5963776 65536 3975090.83 5439488 
 44 OPTIQ_Alltoallv msg = 8388608 chunk = 65536  1024 13102.0000 78156.0067  784 4230 4230 1563 8 3 5.40 5 11 1 2.71 2  525 1   199.88 183  653 1   244.89 212  5636096 65536 3686084.06 4587520 
 45 OPTIQ_Alltoallv msg = 8388608 chunk = 65536  1024 15112.0000 67760.7200  474 2238 2238 830 7 1 4.72 5 9 1 2.70 2  747 3   266.35 167  875 8   344.37 264  8650752 262144 5456734.32 5701632 
 46 OPTIQ_Alltoallv msg = 8388608 chunk = 65536  1024 9929.0000 103132.2389  810 4067 4067 1780 6 3 5.02 5 8 1 2.28 2  313 6   137.59 131  421 6   171.72 131  4653056 65536 3341378.27 4194304 
 47 OPTIQ_Alltoallv msg = 8388608 chunk = 65536  1024 6653.0000 153915.5268  901 3810 3810 1946 6 1 4.23 4 6 1 1.96 2  233 5   100.89 95  361 5   132.89 98  3538944 65536 2480236.21 3211264 
 48 OPTIQ_Alltoallv msg = 8388608 chunk = 65536  1024 7371.0000 138922.8056  824 3760 3760 1921 6 2 4.56 5 9 1 1.96 1  259 1   118.36 112  381 1   151.93 118  3997696 65536 2827871.67 3538944 
 49 OPTIQ_Alltoallv msg = 8388608 chunk = 65536  2048 17430.0000 117498.5657  1166 6470 6470 2526 9 2 5.55 5 10 1 2.56 2  726 9   288.68 250  982 9   352.48 254  8126464 65536 4372315.68 3932160 
 50 OPTIQ_Alltoallv msg = 8388608 chunk = 65536  2048 16671.0000 122848.0595  1195 6560 6560 2543 9 3 5.49 5 9 1 2.58 2  697 38   288.94 255  953 38   352.86 256  7667712 65536 4448480.88 4456448 
 51 OPTIQ_Alltoallv msg = 8388608 chunk = 65536  2048 14329.0000 142926.9314  1284 6883 6883 2484 9 2 5.36 5 11 1 2.77 2  694 3   281.72 229  950 3   346.36 229  7143424 65536 4266458.49 4456448 
 52 OPTIQ_Alltoallv msg = 8388608 chunk = 65536  2048 24032.0000 85219.7071  633 3169 3169 1187 8 1 5.01 5 11 1 2.67 2  1177 6   394.48 279  1305 6   463.64 346  15335424 65536 9055779.72 8388608 
 53 OPTIQ_Alltoallv msg = 8388608 chunk = 65536  2048 23263.0000 88036.7966  633 3177 3177 1169 8 1 5.02 5 10 1 2.72 2  1197 2   407.36 312  1325 2   465.08 348  15597568 131072 9027965.02 8388608 
 54 OPTIQ_Alltoallv msg = 8388608 chunk = 65536  2048 24604.0000 83238.4978  617 3088 3088 1201 8 1 5.00 5 10 1 2.57 2  1195 4   390.05 288  1323 20   462.63 368  15532032 131072 8085313.49 8388608 
 55 OPTIQ_Alltoallv msg = 8388608 chunk = 65536  2048 25172.0000 81360.2415  1066 5767 5767 1897 8 2 5.41 5 11 1 3.04 3  1009 4   345.64 302  1137 4   405.73 370  9568256 65536 6732061.88 8388608 
 56 OPTIQ_Alltoallv msg = 8388608 chunk = 65536  2048 21950.0000 93302.9613  980 5036 5036 1599 8 1 5.14 5 11 1 3.15 3  1049 1   369.50 312  1177 20   448.56 376  10092544 262144 7218524.71 8388608 
 57 OPTIQ_Alltoallv msg = 8388608 chunk = 65536  2048 24184.0000 84684.0887  962 4909 4909 1586 8 1 5.10 5 11 1 3.10 3  1058 4   367.20 312  1186 4   440.66 387  10027008 131072 6472208.52 7143424 
 58 OPTIQ_Alltoallv msg = 8388608 chunk = 65536  2048 16680.0000 122781.7746  1411 7815 7815 2708 9 3 5.54 5 9 1 2.89 3  622 39   289.25 289  750 66   352.96 366  6815744 65536 5058222.68 6422528 
 59 OPTIQ_Alltoallv msg = 8388608 chunk = 65536  2048 16747.0000 122290.5595  1337 7228 7228 2472 8 3 5.41 5 11 1 2.92 3  664 1   303.46 299  792 6   371.00 358  7012352 65536 5426023.58 6553600 
 60 OPTIQ_Alltoallv msg = 8388608 chunk = 65536  2048 18940.0000 108130.9398  1094 5554 5554 1769 8 1 5.08 5 9 1 3.14 3  880 2   345.07 266  1008 2   431.85 393  8650752 65536 5945532.19 8126464 
 61 OPTIQ_Alltoallv msg = 8388608 chunk = 65536  2048 11862.0000 172652.1666  786 2880 2880 1672 6 2 3.66 3 6 1 1.72 1  304 14   145.78 139  432 14   209.44 223  7536640 65536 5493671.31 7274496 
 62 OPTIQ_Alltoallv msg = 8388608 chunk = 65536  2048 13589.0000 150710.1332  1206 5533 5533 2470 6 3 4.59 5 8 1 2.24 2  390 50   212.09 210  518 50   275.52 285  6553600 65536 4631424.00 6160384 
 63 OPTIQ_Alltoallv msg = 8388608 chunk = 65536  2048 11277.0000 181608.5838  1053 4219 4219 2307 5 1 4.01 5 6 1 1.83 1  412 24   159.14 146  540 44   222.58 213  5898240 65536 3880704.00 5505024 
 64 OPTIQ_Alltoallv msg = 8388608 chunk = 65536  512 25307.0000 20231.5565  107 461 461 227 6 1 4.31 4 6 1 2.03 2  765 2   275.87 250  893 2   319.32 263  18153472 131072 10077087.40 8388608 
 65 OPTIQ_Alltoallv msg = 8388608 chunk = 65536  512 24641.0000 20778.3775  109 475 475 233 6 1 4.36 5 8 1 2.04 2  995 5   258.37 193  1123 13   311.23 256  18087936 851968 9304931.17 8388608 
 66 OPTIQ_Alltoallv msg = 8388608 chunk = 65536  512 26833.0000 19080.9824  107 456 456 241 6 1 4.26 4 7 1 1.89 1  770 2   260.90 254  898 7   302.16 242  18022400 65536 8339158.11 8388608 
 67 OPTIQ_Alltoallv msg = 8388608 chunk = 65536  512 16952.0000 30202.9259  183 848 848 397 6 1 4.63 5 8 1 2.14 2  686 1   190.84 159  814 1   237.84 162  10551296 65536 5127228.24 4456448 
 68 OPTIQ_Alltoallv msg = 8388608 chunk = 65536  512 17942.0000 28536.3951  172 781 781 389 6 1 4.54 5 6 1 2.01 1  812 2   205.32 171  940 2   250.49 181  10551296 131072 5335267.56 5046272 
 69 OPTIQ_Alltoallv msg = 8388608 chunk = 65536  512 19513.0000 26238.9176  169 767 767 371 6 1 4.54 5 7 1 2.07 2  633 1   206.53 160  761 2   255.41 178  10616832 131072 5647576.76 5832704 
 70 OPTIQ_Alltoallv msg = 8388608 chunk = 65536  512 17859.0000 28669.0184  217 1007 1007 452 6 1 4.64 5 8 1 2.23 2  692 2   190.21 137  820 2   239.42 167  8519680 65536 4041823.57 3997696 
 71 OPTIQ_Alltoallv msg = 8388608 chunk = 65536  512 17441.0000 29356.1149  217 983 983 431 6 1 4.53 5 7 1 2.28 2  641 6   191.01 128  769 6   245.24 148  8519680 131072 4468363.64 4456448 
 72 OPTIQ_Alltoallv msg = 8388608 chunk = 65536  512 16971.0000 30169.1120  210 971 971 455 6 1 4.62 5 7 1 2.13 2  660 2   194.48 132  788 2   242.93 161  8585216 131072 4436078.70 4325376 
 73 OPTIQ_Alltoallv msg = 8388608 chunk = 65536  1024 26063.0000 39289.4141  219 1015 1015 451 7 1 4.63 5 8 1 2.25 2  1072 26   345.38 288  1200 26   397.49 319  21102592 65536 10378392.51 8388608 
 74 OPTIQ_Alltoallv msg = 8388608 chunk = 65536  1024 26291.0000 38948.6897  215 989 989 449 7 1 4.60 5 7 1 2.20 2  1081 3   359.04 312  1209 3   405.66 319  21168128 65536 10621176.93 8388608 
 75 OPTIQ_Alltoallv msg = 8388608 chunk = 65536  1024 25552.0000 40075.1409  220 1017 1017 455 7 1 4.62 5 8 1 2.24 2  1172 13   346.49 266  1300 13   389.18 266  21102592 655360 9607995.91 8388608 
 76 OPTIQ_Alltoallv msg = 8388608 chunk = 65536  1024 19968.0000 51282.0513  340 1637 1637 709 7 1 4.81 5 9 1 2.31 2  907 12   278.39 210  1035 12   343.78 262  12648448 65536 5807835.43 4980736 
 77 OPTIQ_Alltoallv msg = 8388608 chunk = 65536  1024 22164.0000 46201.0467  347 1657 1657 693 7 1 4.78 5 9 1 2.39 2  933 1   281.08 209  1061 3   342.65 259  12582912 65536 6205147.43 5505024 
 78 OPTIQ_Alltoallv msg = 8388608 chunk = 65536  1024 22325.0000 45867.8611  322 1525 1525 683 7 1 4.74 5 9 1 2.23 2  801 6   279.51 226  929 14   336.69 256  12582912 393216 6124959.14 5439488 
 79 OPTIQ_Alltoallv msg = 8388608 chunk = 65536  1024 19742.0000 51869.1115  500 2473 2473 952 7 1 4.95 5 8 1 2.60 2  784 1   238.80 176  912 1   296.15 214  8519680 65536 4188679.64 3670016 
 80 OPTIQ_Alltoallv msg = 8388608 chunk = 65536  1024 19459.0000 52623.4647  504 2516 2516 945 7 1 4.99 5 9 1 2.66 2  765 1   251.24 195  893 1   310.57 240  8585216 65536 4541593.20 4063232 
 81 OPTIQ_Alltoallv msg = 8388608 chunk = 65536  1024 18356.0000 55785.5742  492 2427 2427 929 7 1 4.93 5 9 1 2.61 2  772 5   241.68 189  900 6   295.30 234  8585216 65536 4537871.52 4194304 
 82 OPTIQ_Alltoallv msg = 8388608 chunk = 65536  2048 31722.0000 64560.8726  418 2039 2039 889 8 1 4.88 5 11 1 2.29 1  1596 2   440.08 376  1724 10   489.36 384  25755648 131072 9525862.40 8388608 
 83 OPTIQ_Alltoallv msg = 8388608 chunk = 65536  2048 31539.0000 64935.4767  414 2026 2026 878 8 1 4.89 5 9 1 2.31 2  1556 6   451.37 328  1684 8   489.93 384  25690112 327680 10269552.45 8388608 
 84 OPTIQ_Alltoallv msg = 8388608 chunk = 65536  2048 31186.0000 65670.4932  413 2023 2023 861 8 1 4.90 5 9 1 2.35 2  1709 1   469.62 355  1837 7   507.60 384  25755648 65536 10353637.74 8388608 
 85 OPTIQ_Alltoallv msg = 8388608 chunk = 65536  2048 23977.0000 85415.1896  629 3162 3162 1228 8 1 5.03 5 11 1 2.57 2  1216 8   386.91 305  1344 15   463.74 362  15532032 65536 6941150.06 6160384 
 86 OPTIQ_Alltoallv msg = 8388608 chunk = 65536  2048 25665.0000 79797.3894  623 3127 3127 1227 8 1 5.02 5 11 1 2.55 2  1143 3   386.25 309  1271 8   455.85 363  15400960 65536 7284981.76 6881280 
 87 OPTIQ_Alltoallv msg = 8388608 chunk = 65536  2048 24524.0000 83510.0310  621 3099 3099 1201 8 1 4.99 5 9 1 2.58 2  1218 4   397.80 301  1346 4   467.52 366  15597568 65536 8376830.52 7929856 
 88 OPTIQ_Alltoallv msg = 8388608 chunk = 65536  2048 22776.0000 89919.2132  941 4789 4789 1577 8 1 5.09 5 10 1 3.04 3  992 6   361.62 290  1120 11   439.59 374  10289152 65536 5428860.54 5177344 
 89 OPTIQ_Alltoallv msg = 8388608 chunk = 65536  2048 19752.0000 103685.7027  988 5122 5122 1623 8 1 5.18 5 10 1 3.16 3  951 13   366.13 296  1079 13   440.60 379  10027008 65536 6531349.05 7733248 
 90 OPTIQ_Alltoallv msg = 8388608 chunk = 65536  2048 20758.0000 98660.7573  965 4964 4964 1608 8 1 5.14 5 9 1 3.09 3  1003 2   364.67 309  1131 2   439.18 380  10289152 65536 5987069.96 5898240 
