 0 OPTIQ_Alltoallv msg = 8388608 chunk = 65536  512 5111.0000 100176.0908  2469 9640 9640 2649 6 2 3.90 4 16 1 3.64 2
 1 OPTIQ_Alltoallv msg = 8388608 chunk = 65536  1024 33754.0000 30337.1452  2248 13171 13171 2140 10 2 5.86 6 16 1 6.15 4
 2 OPTIQ_Alltoallv msg = 8388608 chunk = 65536  2048 39079.0000 52406.6634  2255 12512 12512 2265 10 1 5.55 5 16 1 5.52 4
 3 OPTIQ_Alltoallv msg = 8388608 chunk = 65536  4096 54722.0000 74851.0654  3146 18968 18968 3841 11 2 6.03 6 16 1 4.94 3
 4 OPTIQ_Alltoallv msg = 8388608 chunk = 65536  1024 14326.0000 71478.4308  2542 15092 15092 2299 10 2 5.94 6 16 1 6.56 5
 5 OPTIQ_Alltoallv msg = 8388608 chunk = 65536  1024 4896.0000 209150.3268  4178 19356 19356 4006 5 3 4.63 5 16 1 4.83 3
 6 OPTIQ_Alltoallv msg = 8388608 chunk = 65536  2048 25209.0000 81240.8267  3400 18836 18836 3062 10 1 5.54 5 16 1 6.15 4
 7 OPTIQ_Alltoallv msg = 8388608 chunk = 65536  4096 38234.0000 107129.7798  4586 28376 28376 4620 11 2 6.19 6 16 1 6.14 4
 8 OPTIQ_Alltoallv msg = 8388608 chunk = 65536  2048 28423.0000 72054.3222  2773 16476 16476 2520 10 2 5.94 6 16 1 6.54 5
 9 OPTIQ_Alltoallv msg = 8388608 chunk = 65536  2048 21517.0000 95180.5549  3616 20586 20586 3113 10 2 5.69 6 16 1 6.61 5
 10 OPTIQ_Alltoallv msg = 8388608 chunk = 65536  2048 6189.0000 330909.6785  6035 25243 25243 6234 5 1 4.18 5 16 1 4.05 3
 11 OPTIQ_Alltoallv msg = 8388608 chunk = 65536  4096 31898.0000 128409.3047  6641 40231 40231 6257 11 2 6.06 6 16 1 6.43 5
 12 OPTIQ_Alltoallv msg = 8388608 chunk = 65536  4096 35883.0000 114148.7613  3589 22311 22311 3912 11 2 6.22 6 16 1 5.70 4
 13 OPTIQ_Alltoallv msg = 8388608 chunk = 65536  4096 27729.0000 147715.3882  4956 31205 31205 4559 11 2 6.30 6 16 1 6.84 5
 14 OPTIQ_Alltoallv msg = 8388608 chunk = 65536  4096 27062.0000 151356.1451  6474 39563 39563 5876 11 1 6.11 6 16 1 6.73 5
 15 OPTIQ_Alltoallv msg = 8388608 chunk = 65536  4096 7319.0000 559639.2950  8192 30776 30776 7681 6 2 3.76 4 16 1 4.01 3
 16 OPTIQ_Alltoallv msg = 8388608 chunk = 65536  512 11827.0000 43290.7753  1113 6803 6803 1202 7 5 6.11 6 16 1 5.66 2
 17 OPTIQ_Alltoallv msg = 8388608 chunk = 65536  512 3433.0000 149140.6933  2345 9836 9836 2331 6 1 4.19 4 16 1 4.22 3
 18 OPTIQ_Alltoallv msg = 8388608 chunk = 65536  512 4667.0000 109706.4495  2114 9125 9125 1891 6 2 4.32 4 16 1 4.83 3
 19 OPTIQ_Alltoallv msg = 8388608 chunk = 65536  1024 29819.0000 34340.5211  2015 10426 10426 1894 9 1 5.17 5 16 1 5.50 4
 20 OPTIQ_Alltoallv msg = 8388608 chunk = 65536  1024 17901.0000 57203.5082  2075 10905 10905 1994 9 1 5.26 5 16 1 5.47 4
 21 OPTIQ_Alltoallv msg = 8388608 chunk = 65536  1024 16403.0000 62427.6047  2173 11325 11325 2067 9 1 5.21 5 16 1 5.48 4
 22 OPTIQ_Alltoallv msg = 8388608 chunk = 65536  2048 34484.0000 59389.8620  2613 13748 13748 2342 9 1 5.26 5 16 1 5.87 4
 23 OPTIQ_Alltoallv msg = 8388608 chunk = 65536  2048 25665.0000 79797.3894  2614 13450 13450 2286 8 1 5.15 5 16 1 5.88 4
 24 OPTIQ_Alltoallv msg = 8388608 chunk = 65536  2048 30727.0000 66651.4792  2512 12815 12815 2231 8 2 5.10 5 16 1 5.74 4
 25 OPTIQ_Alltoallv msg = 8388608 chunk = 65536  4096 34753.0000 117860.3286  3292 18131 18131 3477 10 2 5.51 5 16 1 5.21 3
 26 OPTIQ_Alltoallv msg = 8388608 chunk = 65536  4096 40430.0000 101310.9077  3327 18244 18244 3498 10 1 5.48 5 16 1 5.22 3
 27 OPTIQ_Alltoallv msg = 8388608 chunk = 65536  4096 37441.0000 109398.7874  3273 17817 17817 3443 10 1 5.44 5 16 1 5.17 3
 28 OPTIQ_Alltoallv msg = 8388608 chunk = 65536  1024 14738.0000 69480.2551  2383 12606 12606 2004 9 1 5.29 5 16 1 6.29 5
 29 OPTIQ_Alltoallv msg = 8388608 chunk = 65536  1024 15668.0000 65356.1399  2259 11568 11568 1871 8 1 5.12 5 16 1 6.18 4
 30 OPTIQ_Alltoallv msg = 8388608 chunk = 65536  1024 17102.0000 59876.0379  2107 10398 10398 1773 8 1 4.93 5 16 1 5.86 4
 31 OPTIQ_Alltoallv msg = 8388608 chunk = 65536  1024 5156.0000 198603.5687  3302 14389 14389 3024 6 2 4.36 5 16 1 4.76 3
 32 OPTIQ_Alltoallv msg = 8388608 chunk = 65536  1024 5807.0000 176338.9013  3153 14053 14053 2434 6 3 4.46 4 16 1 5.77 3
 33 OPTIQ_Alltoallv msg = 8388608 chunk = 65536  1024 3954.0000 258978.2499  4817 21557 21557 4240 5 1 4.48 5 16 1 5.08 3
 34 OPTIQ_Alltoallv msg = 8388608 chunk = 65536  2048 17990.0000 113841.0228  3670 19199 19199 2868 8 2 5.23 5 16 1 6.69 5
 35 OPTIQ_Alltoallv msg = 8388608 chunk = 65536  2048 23752.0000 86224.3180  3859 20426 20426 2957 9 2 5.29 5 16 1 6.91 5
 36 OPTIQ_Alltoallv msg = 8388608 chunk = 65536  2048 25673.0000 79772.5237  3666 19628 19628 2821 9 1 5.35 5 16 1 6.96 5
 37 OPTIQ_Alltoallv msg = 8388608 chunk = 65536  4096 35425.0000 115624.5589  4562 25686 25686 4254 10 1 5.63 6 16 1 6.04 4
 38 OPTIQ_Alltoallv msg = 8388608 chunk = 65536  4096 30860.0000 132728.4511  4478 24858 24858 4216 10 1 5.55 5 16 1 5.90 4
 39 OPTIQ_Alltoallv msg = 8388608 chunk = 65536  4096 42793.0000 95716.5892  4488 24861 24861 4122 10 1 5.54 5 16 1 6.03 4
 40 OPTIQ_Alltoallv msg = 8388608 chunk = 65536  2048 29482.0000 69466.1149  3233 18780 18780 2708 10 2 5.81 6 16 1 6.94 5
 41 OPTIQ_Alltoallv msg = 8388608 chunk = 65536  2048 32361.0000 63286.0542  2655 14099 14099 2129 9 1 5.31 5 16 1 6.62 5
 42 OPTIQ_Alltoallv msg = 8388608 chunk = 65536  2048 22466.0000 91159.9751  2787 14546 14546 2205 9 1 5.22 5 16 1 6.60 5
 43 OPTIQ_Alltoallv msg = 8388608 chunk = 65536  2048 22061.0000 92833.5071  4355 25637 25637 3442 10 1 5.89 6 16 1 7.45 6
 44 OPTIQ_Alltoallv msg = 8388608 chunk = 65536  2048 27758.0000 73780.5317  4126 23338 23338 3270 10 1 5.66 6 16 1 7.14 5
 45 OPTIQ_Alltoallv msg = 8388608 chunk = 65536  2048 23058.0000 88819.4987  3571 18166 18166 2769 9 1 5.09 5 16 1 6.56 5
 46 OPTIQ_Alltoallv msg = 8388608 chunk = 65536  2048 7012.0000 292070.7359  5521 24415 24415 4430 6 3 4.42 5 16 1 5.51 3
 47 OPTIQ_Alltoallv msg = 8388608 chunk = 65536  2048 7183.0000 285117.6389  6818 27689 27689 5789 6 1 4.06 4 16 1 4.78 3
 48 OPTIQ_Alltoallv msg = 8388608 chunk = 65536  2048 5056.0000 405063.2911  6850 29471 29471 5346 6 2 4.30 4 16 1 5.51 4
 49 OPTIQ_Alltoallv msg = 8388608 chunk = 65536  4096 32448.0000 126232.7416  6909 40766 40766 6412 11 1 5.90 6 16 1 6.36 5
 50 OPTIQ_Alltoallv msg = 8388608 chunk = 65536  4096 25559.0000 160256.6611  6795 39441 39441 6445 11 1 5.80 6 16 1 6.12 4
 51 OPTIQ_Alltoallv msg = 8388608 chunk = 65536  4096 23574.0000 173750.7423  6851 38825 38825 6001 11 1 5.67 5 16 1 6.47 5
 52 OPTIQ_Alltoallv msg = 8388608 chunk = 65536  4096 36477.0000 112289.9361  3465 19436 19436 3117 10 1 5.61 6 16 1 6.24 4
 53 OPTIQ_Alltoallv msg = 8388608 chunk = 65536  4096 36923.0000 110933.5644  3461 19301 19301 3116 10 1 5.58 6 16 1 6.19 4
 54 OPTIQ_Alltoallv msg = 8388608 chunk = 65536  4096 35258.0000 116172.2162  3542 20013 20013 3150 10 1 5.65 6 16 1 6.35 5
 55 OPTIQ_Alltoallv msg = 8388608 chunk = 65536  4096 32926.0000 124400.1701  5293 31080 31080 4344 10 1 5.87 6 16 1 7.15 6
 56 OPTIQ_Alltoallv msg = 8388608 chunk = 65536  4096 31645.0000 129435.9298  4373 24405 24405 3418 10 1 5.58 6 16 1 7.14 5
 57 OPTIQ_Alltoallv msg = 8388608 chunk = 65536  4096 40067.0000 102228.7668  4558 25654 25654 3570 10 1 5.63 6 16 1 7.19 6
 58 OPTIQ_Alltoallv msg = 8388608 chunk = 65536  4096 23640.0000 173265.6514  7617 45605 45605 6168 11 1 5.99 6 16 1 7.39 6
 59 OPTIQ_Alltoallv msg = 8388608 chunk = 65536  4096 28795.0000 142246.9179  6872 38580 38580 5253 10 1 5.61 5 16 1 7.34 6
 60 OPTIQ_Alltoallv msg = 8388608 chunk = 65536  4096 35440.0000 115575.6208  6090 32798 32798 4322 10 1 5.39 5 16 1 7.59 6
 61 OPTIQ_Alltoallv msg = 8388608 chunk = 65536  4096 7538.0000 543380.2070  9540 40121 40121 7653 6 2 4.21 4 16 1 5.24 3
 62 OPTIQ_Alltoallv msg = 8388608 chunk = 65536  4096 6375.0000 642509.8039  10200 43807 43807 6444 6 3 4.29 4 16 1 6.80 5
 63 OPTIQ_Alltoallv msg = 8388608 chunk = 65536  4096 6577.0000 622776.3418  11515 47681 47681 8194 5 1 4.14 5 16 1 5.82 5
 64 OPTIQ_Alltoallv msg = 8388608 chunk = 65536  1024 40555.0000 25249.6610  802 3871 3871 838 8 1 4.83 5 16 1 4.62 2
 65 OPTIQ_Alltoallv msg = 8388608 chunk = 65536  1024 32397.0000 31607.8649  778 3763 3763 828 8 1 4.84 5 16 1 4.54 3
 66 OPTIQ_Alltoallv msg = 8388608 chunk = 65536  1024 29090.0000 35201.1000  781 3747 3747 804 8 1 4.80 5 16 1 4.66 3
 67 OPTIQ_Alltoallv msg = 8388608 chunk = 65536  1024 29548.0000 34655.4758  1299 6670 6670 1188 8 1 5.13 5 16 1 5.61 3
 68 OPTIQ_Alltoallv msg = 8388608 chunk = 65536  1024 29430.0000 34794.4275  1289 6564 6564 1176 8 1 5.09 5 16 1 5.58 4
 69 OPTIQ_Alltoallv msg = 8388608 chunk = 65536  1024 25814.0000 39668.3970  1298 6626 6626 1195 8 1 5.10 5 16 1 5.54 3
 70 OPTIQ_Alltoallv msg = 8388608 chunk = 65536  1024 23364.0000 43828.1116  1766 8917 8917 1494 8 1 5.05 5 16 1 5.97 4
 71 OPTIQ_Alltoallv msg = 8388608 chunk = 65536  1024 24737.0000 41395.4805  1702 8507 8507 1469 8 1 5.00 5 16 1 5.79 4
 72 OPTIQ_Alltoallv msg = 8388608 chunk = 65536  1024 23409.0000 43743.8592  1749 8830 8830 1479 8 1 5.05 5 16 1 5.97 4
 73 OPTIQ_Alltoallv msg = 8388608 chunk = 65536  2048 41786.0000 49011.6307  1429 7600 7600 1523 9 1 5.32 5 16 1 4.99 3
 74 OPTIQ_Alltoallv msg = 8388608 chunk = 65536  2048 38827.0000 52746.7999  1363 7174 7174 1417 9 1 5.26 5 16 1 5.06 3
 75 OPTIQ_Alltoallv msg = 8388608 chunk = 65536  2048 39270.0000 52151.7698  1428 7476 7476 1469 9 1 5.24 5 16 1 5.09 3
 76 OPTIQ_Alltoallv msg = 8388608 chunk = 65536  2048 36206.0000 56565.2102  2107 11134 11134 1921 9 1 5.28 5 16 1 5.80 4
 77 OPTIQ_Alltoallv msg = 8388608 chunk = 65536  2048 42176.0000 48558.4219  2049 10849 10849 1819 9 1 5.29 5 16 1 5.96 4
 78 OPTIQ_Alltoallv msg = 8388608 chunk = 65536  2048 32432.0000 63147.5086  2158 11446 11446 1936 9 1 5.30 5 16 1 5.91 4
 79 OPTIQ_Alltoallv msg = 8388608 chunk = 65536  2048 31469.0000 65079.9199  2748 14550 14550 2269 9 1 5.29 5 16 1 6.41 5
 80 OPTIQ_Alltoallv msg = 8388608 chunk = 65536  2048 31018.0000 66026.1783  2776 14526 14526 2162 9 1 5.23 5 16 1 6.72 5
 81 OPTIQ_Alltoallv msg = 8388608 chunk = 65536  2048 27364.0000 74842.8592  2912 15204 15204 2231 9 1 5.22 5 16 1 6.81 5
 82 OPTIQ_Alltoallv msg = 8388608 chunk = 65536  4096 45541.0000 89940.9323  2373 13132 13132 2518 10 1 5.53 5 16 1 5.22 3
 83 OPTIQ_Alltoallv msg = 8388608 chunk = 65536  4096 52709.0000 77709.6890  2334 12712 12712 2421 10 1 5.45 5 16 1 5.25 3
 84 OPTIQ_Alltoallv msg = 8388608 chunk = 65536  4096 50218.0000 81564.3793  2324 13030 13030 2521 10 1 5.61 6 16 1 5.17 3
 85 OPTIQ_Alltoallv msg = 8388608 chunk = 65536  4096 43522.0000 94113.3220  3463 19174 19174 3179 10 1 5.54 5 16 1 6.03 4
 86 OPTIQ_Alltoallv msg = 8388608 chunk = 65536  4096 37719.0000 108592.4865  3537 19736 19736 3220 10 1 5.58 6 16 1 6.13 4
 87 OPTIQ_Alltoallv msg = 8388608 chunk = 65536  4096 33978.0000 120548.5903  3531 19825 19825 3143 10 1 5.61 6 16 1 6.31 4
 88 OPTIQ_Alltoallv msg = 8388608 chunk = 65536  4096 33004.0000 124106.1689  4596 25608 25608 3470 10 1 5.57 5 16 1 7.38 6
 89 OPTIQ_Alltoallv msg = 8388608 chunk = 65536  4096 35846.0000 114266.5848  4758 26612 26612 3615 10 1 5.59 5 16 1 7.36 6
 90 OPTIQ_Alltoallv msg = 8388608 chunk = 65536  4096 35926.0000 114012.1361  4508 25530 25530 3554 10 1 5.66 6 16 1 7.18 6
