 0 OPTIQ_Alltoallv msg = 8388608 chunk = 65536  512 3324.0000 154031.2876 254 760 760 760 4 2 2.99 2 1 1 1.00 1
 1 OPTIQ_Alltoallv msg = 8388608 chunk = 65536  1024 15730.0000 65098.5378 295 1699 1699 1128 10 2 5.76 6 2 1 1.51 2
 2 OPTIQ_Alltoallv msg = 8388608 chunk = 65536  2048 33950.0000 60324.0059 624 3426 3426 1572 10 1 5.49 5 4 1 2.18 2
 3 OPTIQ_Alltoallv msg = 8388608 chunk = 65536  4096 56208.0000 72872.1890 1228 7378 7378 2868 11 2 6.01 6 6 1 2.57 2
 4 OPTIQ_Alltoallv msg = 8388608 chunk = 65536  1024 17883.0000 57261.0859 334 1943 1943 1270 10 2 5.82 6 2 1 1.53 2
 5 OPTIQ_Alltoallv msg = 8388608 chunk = 65536  1024 8802.0000 116337.1961 295 979 979 979 5 3 3.32 3 1 1 1.00 1
 6 OPTIQ_Alltoallv msg = 8388608 chunk = 65536  2048 26156.0000 78299.4342 698 3793 3793 1976 10 1 5.43 5 3 1 1.92 2
 7 OPTIQ_Alltoallv msg = 8388608 chunk = 65536  4096 77595.0000 52786.9064 1216 7519 7519 3320 11 2 6.18 6 4 1 2.26 2
 8 OPTIQ_Alltoallv msg = 8388608 chunk = 65536  2048 44596.0000 45923.4012 563 3307 3307 1679 10 2 5.87 6 3 1 1.97 2
 9 OPTIQ_Alltoallv msg = 8388608 chunk = 65536  2048 33555.0000 61034.1231 504 2824 2824 1864 10 2 5.60 6 2 1 1.52 2
 10 OPTIQ_Alltoallv msg = 8388608 chunk = 65536  2048 4475.0000 457653.6313 512 1024 1024 1024 3 1 2.00 3 1 1 1.00 1
 11 OPTIQ_Alltoallv msg = 8388608 chunk = 65536  4096 50087.0000 81777.7068 1311 7885 7885 4143 11 2 6.01 6 3 1 1.90 2
 12 OPTIQ_Alltoallv msg = 8388608 chunk = 65536  4096 57832.0000 70825.8404 937 5830 5830 2703 11 2 6.22 6 4 1 2.16 2
 13 OPTIQ_Alltoallv msg = 8388608 chunk = 65536  4096 54302.0000 75430.0026 960 5990 5990 3116 11 2 6.24 6 3 1 1.92 2
 14 OPTIQ_Alltoallv msg = 8388608 chunk = 65536  4096 25361.0000 161507.8270 1268 7658 7658 3963 11 1 6.04 6 3 1 1.93 2
 15 OPTIQ_Alltoallv msg = 8388608 chunk = 65536  4096 7971.0000 513862.7525 512 1024 1024 1024 2 2 2.00 2 1 1 1.00 1
 16 OPTIQ_Alltoallv msg = 8388608 chunk = 65536  512 14205.0000 36043.6466 149 891 891 572 7 5 5.98 6 2 1 1.56 2
 17 OPTIQ_Alltoallv msg = 8388608 chunk = 65536  512 3326.0000 153938.6651 266 828 828 828 4 1 3.11 3 1 1 1.00 1
 18 OPTIQ_Alltoallv msg = 8388608 chunk = 65536  512 8048.0000 63618.2903 210 758 758 758 5 2 3.61 4 1 1 1.00 1
 19 OPTIQ_Alltoallv msg = 8388608 chunk = 65536  1024 32093.0000 31907.2695 444 2201 2201 1190 9 1 4.96 5 3 1 1.85 2
 20 OPTIQ_Alltoallv msg = 8388608 chunk = 65536  1024 20734.0000 49387.4795 320 1596 1596 1092 9 1 4.99 5 2 1 1.46 1
 21 OPTIQ_Alltoallv msg = 8388608 chunk = 65536  1024 19751.0000 51845.4762 344 1704 1704 1152 9 1 4.95 5 2 1 1.48 1
 22 OPTIQ_Alltoallv msg = 8388608 chunk = 65536  2048 28593.0000 71625.9224 564 2883 2883 1534 9 1 5.11 5 3 1 1.88 2
 23 OPTIQ_Alltoallv msg = 8388608 chunk = 65536  2048 29432.0000 69584.1261 558 2818 2818 1499 8 1 5.05 5 3 1 1.88 2
 24 OPTIQ_Alltoallv msg = 8388608 chunk = 65536  2048 32467.0000 63079.4345 559 2769 2769 1438 8 2 4.95 5 3 1 1.93 2
 25 OPTIQ_Alltoallv msg = 8388608 chunk = 65536  4096 57313.0000 71467.2064 880 4805 4805 2321 10 2 5.46 5 4 1 2.07 2
 26 OPTIQ_Alltoallv msg = 8388608 chunk = 65536  4096 57150.0000 71671.0411 891 4846 4846 2344 10 1 5.44 5 4 1 2.07 2
 27 OPTIQ_Alltoallv msg = 8388608 chunk = 65536  4096 63838.0000 64162.4111 891 4826 4826 2364 10 1 5.42 5 4 1 2.04 2
 28 OPTIQ_Alltoallv msg = 8388608 chunk = 65536  1024 17294.0000 59211.2872 363 1843 1843 1224 9 2 5.08 5 2 1 1.51 2
 29 OPTIQ_Alltoallv msg = 8388608 chunk = 65536  1024 25525.0000 40117.5318 340 1641 1641 1070 8 1 4.83 5 2 1 1.53 2
 30 OPTIQ_Alltoallv msg = 8388608 chunk = 65536  1024 20395.0000 50208.3844 519 2395 2395 1207 8 1 4.61 5 3 1 1.98 2
 31 OPTIQ_Alltoallv msg = 8388608 chunk = 65536  1024 8867.0000 115484.3803 291 1068 1068 1068 5 2 3.67 4 1 1 1.00 1
 32 OPTIQ_Alltoallv msg = 8388608 chunk = 65536  1024 13903.0000 73653.1684 221 883 883 883 6 3 4.00 4 1 1 1.00 1
 33 OPTIQ_Alltoallv msg = 8388608 chunk = 65536  1024 2537.0000 403626.3303 448 1124 1124 1124 5 1 2.51 3 1 1 1.00 1
 34 OPTIQ_Alltoallv msg = 8388608 chunk = 65536  2048 26952.0000 75986.9397 500 2505 2505 1699 8 2 5.01 5 2 1 1.47 1
 35 OPTIQ_Alltoallv msg = 8388608 chunk = 65536  2048 23405.0000 87502.6704 521 2647 2647 1764 9 2 5.08 5 2 1 1.50 2
 36 OPTIQ_Alltoallv msg = 8388608 chunk = 65536  2048 49855.0000 41079.1295 495 2583 2583 1714 9 1 5.22 5 2 1 1.51 2
 37 OPTIQ_Alltoallv msg = 8388608 chunk = 65536  4096 40823.0000 100335.5951 918 5148 5148 2810 10 1 5.61 6 3 1 1.83 2
 38 OPTIQ_Alltoallv msg = 8388608 chunk = 65536  4096 39304.0000 104213.3116 918 5085 5085 2787 10 1 5.54 5 3 1 1.82 2
 39 OPTIQ_Alltoallv msg = 8388608 chunk = 65536  4096 35004.0000 117015.1983 951 5215 5215 2792 10 1 5.48 5 3 1 1.87 2
 40 OPTIQ_Alltoallv msg = 8388608 chunk = 65536  2048 42943.0000 47691.1254 433 2491 2491 1674 10 2 5.75 6 2 1 1.49 1
 41 OPTIQ_Alltoallv msg = 8388608 chunk = 65536  2048 54215.0000 37775.5234 579 2988 2988 1513 9 1 5.16 5 3 1 1.97 2
 42 OPTIQ_Alltoallv msg = 8388608 chunk = 65536  2048 45180.0000 45329.7919 592 3017 3017 1540 9 1 5.10 5 3 1 1.96 2
 43 OPTIQ_Alltoallv msg = 8388608 chunk = 65536  2048 25819.0000 79321.4300 858 4965 4965 2415 10 2 5.79 6 3 1 2.06 2
 44 OPTIQ_Alltoallv msg = 8388608 chunk = 65536  2048 44311.0000 46218.7719 556 3058 3058 1987 10 1 5.50 5 2 1 1.54 2
 45 OPTIQ_Alltoallv msg = 8388608 chunk = 65536  2048 40422.0000 50665.4792 819 3987 3987 1997 9 1 4.87 5 3 1 2.00 2
 46 OPTIQ_Alltoallv msg = 8388608 chunk = 65536  2048 12990.0000 157659.7383 402 1571 1571 1571 6 3 3.91 4 1 1 1.00 1
 47 OPTIQ_Alltoallv msg = 8388608 chunk = 65536  2048 8823.0000 232120.5939 595 1638 1638 1638 5 1 2.75 3 1 1 1.00 1
 48 OPTIQ_Alltoallv msg = 8388608 chunk = 65536  2048 12759.0000 160514.1469 521 1729 1729 1729 5 2 3.32 3 1 1 1.00 1
 49 OPTIQ_Alltoallv msg = 8388608 chunk = 65536  4096 37927.0000 107996.9415 901 5281 5281 3653 11 1 5.86 6 2 1 1.45 1
 50 OPTIQ_Alltoallv msg = 8388608 chunk = 65536  4096 23261.0000 176088.7322 1366 7832 7832 4146 11 1 5.73 6 3 1 1.89 2
 51 OPTIQ_Alltoallv msg = 8388608 chunk = 65536  4096 45057.0000 90907.0733 1387 7707 7707 3966 11 1 5.56 5 3 1 1.94 2
 52 OPTIQ_Alltoallv msg = 8388608 chunk = 65536  4096 88731.0000 46161.9952 927 5176 5176 2251 10 1 5.58 6 4 1 2.30 2
 53 OPTIQ_Alltoallv msg = 8388608 chunk = 65536  4096 100277.0000 40846.8542 918 5094 5094 2268 10 1 5.55 6 4 1 2.25 2
 54 OPTIQ_Alltoallv msg = 8388608 chunk = 65536  4096 126997.0000 32252.7304 950 5320 5320 2337 10 1 5.60 6 4 1 2.28 2
 55 OPTIQ_Alltoallv msg = 8388608 chunk = 65536  4096 61949.0000 66118.9043 1063 6176 6176 3079 10 1 5.81 6 3 1 2.01 2
 56 OPTIQ_Alltoallv msg = 8388608 chunk = 65536  4096 81142.0000 50479.4065 928 5094 5094 2545 10 1 5.49 5 3 1 2.00 2
 57 OPTIQ_Alltoallv msg = 8388608 chunk = 65536  4096 71990.0000 56896.7912 939 5194 5194 2607 10 1 5.53 6 3 1 1.99 2
 58 OPTIQ_Alltoallv msg = 8388608 chunk = 65536  4096 40955.0000 100012.2085 1498 8823 8823 4238 11 1 5.89 6 3 1 2.08 2
 59 OPTIQ_Alltoallv msg = 8388608 chunk = 65536  4096 47124.0000 86919.6163 1386 7617 7617 3765 10 1 5.50 5 3 1 2.02 2
 60 OPTIQ_Alltoallv msg = 8388608 chunk = 65536  4096 70695.0000 57939.0339 1283 6679 6679 3239 10 1 5.21 5 3 1 2.06 2
 61 OPTIQ_Alltoallv msg = 8388608 chunk = 65536  4096 11513.0000 355771.7363 1275 3980 3980 2664 6 2 3.12 3 2 1 1.49 1
 62 OPTIQ_Alltoallv msg = 8388608 chunk = 65536  4096 13032.0000 314303.2535 655 2423 2423 2423 6 3 3.70 4 1 1 1.00 1
 63 OPTIQ_Alltoallv msg = 8388608 chunk = 65536  4096 5783.0000 708282.8981 768 1318 1318 1318 5 1 1.72 1 1 1 1.00 1
 64 OPTIQ_Alltoallv msg = 8388608 chunk = 65536  1024 35125.0000 29153.0249 209 1020 1020 506 8 1 4.88 5 4 1 2.02 2
 65 OPTIQ_Alltoallv msg = 8388608 chunk = 65536  1024 41240.0000 24830.2619 206 990 990 509 8 1 4.81 5 4 1 1.94 1
 66 OPTIQ_Alltoallv msg = 8388608 chunk = 65536  1024 29921.0000 34223.4551 203 987 987 506 8 1 4.86 5 4 1 1.95 1
 67 OPTIQ_Alltoallv msg = 8388608 chunk = 65536  1024 27266.0000 37555.9305 262 1324 1324 689 8 1 5.05 5 3 1 1.92 2
 68 OPTIQ_Alltoallv msg = 8388608 chunk = 65536  1024 22665.0000 45179.7926 261 1312 1312 673 8 1 5.03 5 3 1 1.95 2
 69 OPTIQ_Alltoallv msg = 8388608 chunk = 65536  1024 31156.0000 32866.8635 257 1283 1283 680 8 1 4.99 5 3 1 1.89 2
 70 OPTIQ_Alltoallv msg = 8388608 chunk = 65536  1024 23348.0000 43858.1463 258 1258 1258 837 8 1 4.88 5 2 1 1.50 2
 71 OPTIQ_Alltoallv msg = 8388608 chunk = 65536  1024 31186.0000 32835.2466 254 1249 1249 849 8 1 4.92 5 2 1 1.47 1
 72 OPTIQ_Alltoallv msg = 8388608 chunk = 65536  1024 24754.0000 41367.0518 255 1244 1244 829 8 1 4.88 5 2 1 1.50 2
 73 OPTIQ_Alltoallv msg = 8388608 chunk = 65536  2048 77894.0000 26292.1406 374 2010 2010 979 9 1 5.37 6 4 1 2.05 2
 74 OPTIQ_Alltoallv msg = 8388608 chunk = 65536  2048 73501.0000 27863.5665 356 1898 1898 934 9 1 5.33 6 4 1 2.03 2
 75 OPTIQ_Alltoallv msg = 8388608 chunk = 65536  2048 70347.0000 29112.8264 362 1972 1972 987 9 1 5.45 6 4 1 2.00 2
 76 OPTIQ_Alltoallv msg = 8388608 chunk = 65536  2048 71743.0000 28546.3390 424 2229 2229 1169 9 1 5.26 5 3 1 1.91 2
 77 OPTIQ_Alltoallv msg = 8388608 chunk = 65536  2048 72411.0000 28282.9957 422 2229 2229 1214 9 1 5.28 5 3 1 1.84 2
 78 OPTIQ_Alltoallv msg = 8388608 chunk = 65536  2048 76139.0000 26898.1731 437 2295 2295 1239 9 1 5.25 5 3 1 1.85 2
 79 OPTIQ_Alltoallv msg = 8388608 chunk = 65536  2048 51071.0000 40101.0358 597 3085 3085 1560 9 1 5.17 5 3 1 1.98 2
 80 OPTIQ_Alltoallv msg = 8388608 chunk = 65536  2048 51237.0000 39971.1146 591 3012 3012 1516 9 1 5.10 5 3 1 1.99 2
 81 OPTIQ_Alltoallv msg = 8388608 chunk = 65536  2048 37842.0000 54119.7611 618 3190 3190 1579 9 1 5.16 5 3 1 2.02 2
 82 OPTIQ_Alltoallv msg = 8388608 chunk = 65536  4096 111238.0000 36821.9493 774 4325 4325 1866 10 1 5.59 6 5 1 2.32 2
 83 OPTIQ_Alltoallv msg = 8388608 chunk = 65536  4096 130926.0000 31284.8479 763 4285 4285 1850 10 1 5.62 6 5 1 2.32 2
 84 OPTIQ_Alltoallv msg = 8388608 chunk = 65536  4096 162395.0000 25222.4514 752 4242 4242 1861 10 1 5.64 6 5 1 2.28 2
 85 OPTIQ_Alltoallv msg = 8388608 chunk = 65536  4096 95737.0000 42783.8767 936 5196 5196 2337 10 1 5.55 6 4 1 2.22 2
 86 OPTIQ_Alltoallv msg = 8388608 chunk = 65536  4096 113982.0000 35935.4986 943 5256 5256 2330 10 1 5.57 6 4 1 2.26 2
 87 OPTIQ_Alltoallv msg = 8388608 chunk = 65536  4096 89990.0000 45516.1685 948 5300 5300 2369 10 1 5.59 6 4 1 2.24 2
 88 OPTIQ_Alltoallv msg = 8388608 chunk = 65536  4096 78115.0000 52435.5117 964 5285 5285 2610 10 1 5.48 5 3 1 2.02 2
 89 OPTIQ_Alltoallv msg = 8388608 chunk = 65536  4096 80967.0000 50588.5114 965 5327 5327 2634 10 1 5.52 6 3 1 2.02 2
 90 OPTIQ_Alltoallv msg = 8388608 chunk = 65536  4096 96717.0000 42350.3624 933 5160 5160 2585 10 1 5.53 6 3 1 2.00 2
