 0 OPTIQ_Alltoallv msg = 8388608 chunk = 65536  512 3951.0000 129587.4462  790 2904 2904 1641 4 2 3.68 4 4 1 1.77 1
 1 OPTIQ_Alltoallv msg = 8388608 chunk = 65536  1024 32695.0000 31319.7737  594 3443 3443 1444 10 2 5.80 6 4 1 2.38 2
 2 OPTIQ_Alltoallv msg = 8388608 chunk = 65536  2048 39683.0000 51609.0013  624 3426 3426 1572 10 1 5.49 5 4 1 2.18 2
 3 OPTIQ_Alltoallv msg = 8388608 chunk = 65536  4096 60564.0000 67630.9359  1228 7378 7378 2868 11 2 6.01 6 6 1 2.57 2
 4 OPTIQ_Alltoallv msg = 8388608 chunk = 65536  1024 22079.0000 46378.9121  671 3942 3942 1646 10 2 5.87 6 4 1 2.39 2
 5 OPTIQ_Alltoallv msg = 8388608 chunk = 65536  1024 4893.0000 209278.5612  1131 4147 4147 1847 5 3 3.67 3 4 1 2.25 2
 6 OPTIQ_Alltoallv msg = 8388608 chunk = 65536  2048 27319.0000 74966.1408  931 5068 5068 2175 10 1 5.44 5 4 1 2.33 2
 7 OPTIQ_Alltoallv msg = 8388608 chunk = 65536  4096 36763.0000 111416.3697  1216 7519 7519 3320 11 2 6.18 6 4 1 2.26 2
 8 OPTIQ_Alltoallv msg = 8388608 chunk = 65536  2048 30707.0000 66694.8904  744 4368 4368 1814 10 2 5.87 6 4 1 2.41 2
 9 OPTIQ_Alltoallv msg = 8388608 chunk = 65536  2048 22720.0000 90140.8451  995 5570 5570 2271 10 2 5.60 6 4 1 2.45 2
 10 OPTIQ_Alltoallv msg = 8388608 chunk = 65536  2048 7182.0000 285157.3378  1924 6616 6616 3486 5 1 3.44 3 4 1 1.90 1
 11 OPTIQ_Alltoallv msg = 8388608 chunk = 65536  4096 31253.0000 131059.4183  1738 10477 10477 4529 11 2 6.03 6 4 1 2.31 2
 12 OPTIQ_Alltoallv msg = 8388608 chunk = 65536  4096 31721.0000 129125.8157  937 5830 5830 2703 11 2 6.22 6 4 1 2.16 2
 13 OPTIQ_Alltoallv msg = 8388608 chunk = 65536  4096 32570.0000 125759.9018  1281 8024 8024 3394 11 2 6.26 6 4 1 2.36 2
 14 OPTIQ_Alltoallv msg = 8388608 chunk = 65536  4096 30465.0000 134449.3681  1691 10233 10233 4317 11 1 6.05 6 4 1 2.37 2
 15 OPTIQ_Alltoallv msg = 8388608 chunk = 65536  4096 8598.0000 476389.8581  2048 6152 6152 3383 6 2 3.00 4 4 1 1.82 1
 16 OPTIQ_Alltoallv msg = 8388608 chunk = 65536  512 16984.0000 30146.0198  286 1686 1686 678 7 5 5.90 6 4 1 2.49 2
 17 OPTIQ_Alltoallv msg = 8388608 chunk = 65536  512 2858.0000 179146.2561  1002 3815 3815 1641 6 1 3.81 4 4 1 2.32 2
 18 OPTIQ_Alltoallv msg = 8388608 chunk = 65536  512 5077.0000 100846.9569  731 2794 2794 1226 6 2 3.82 4 4 1 2.28 2
 19 OPTIQ_Alltoallv msg = 8388608 chunk = 65536  1024 26495.0000 38648.8017  582 2900 2900 1293 9 1 4.98 5 4 1 2.24 2
 20 OPTIQ_Alltoallv msg = 8388608 chunk = 65536  1024 24088.0000 42510.7938  620 3120 3120 1404 9 1 5.03 5 4 1 2.22 2
 21 OPTIQ_Alltoallv msg = 8388608 chunk = 65536  1024 17618.0000 58122.3748  654 3280 3280 1456 9 1 5.02 5 4 1 2.25 2
 22 OPTIQ_Alltoallv msg = 8388608 chunk = 65536  2048 25892.0000 79097.7908  740 3797 3797 1669 9 1 5.13 5 4 1 2.28 2
 23 OPTIQ_Alltoallv msg = 8388608 chunk = 65536  2048 24585.0000 83302.8269  735 3701 3701 1631 8 1 5.04 5 4 1 2.27 2
 24 OPTIQ_Alltoallv msg = 8388608 chunk = 65536  2048 30833.0000 66422.3397  732 3626 3626 1559 8 2 4.95 5 4 1 2.33 2
 25 OPTIQ_Alltoallv msg = 8388608 chunk = 65536  4096 31784.0000 128869.8716  880 4805 4805 2321 10 2 5.46 5 4 1 2.07 2
 26 OPTIQ_Alltoallv msg = 8388608 chunk = 65536  4096 26440.0000 154916.7927  891 4846 4846 2344 10 1 5.44 5 4 1 2.07 2
 27 OPTIQ_Alltoallv msg = 8388608 chunk = 65536  4096 31842.0000 128635.1360  891 4826 4826 2364 10 1 5.42 5 4 1 2.04 2
 28 OPTIQ_Alltoallv msg = 8388608 chunk = 65536  1024 20917.0000 48955.3951  710 3625 3625 1521 9 2 5.11 5 4 1 2.38 2
 29 OPTIQ_Alltoallv msg = 8388608 chunk = 65536  1024 24549.0000 41712.4934  671 3275 3275 1354 8 1 4.88 5 4 1 2.42 2
 30 OPTIQ_Alltoallv msg = 8388608 chunk = 65536  1024 22731.0000 45048.6120  672 3140 3140 1299 8 1 4.67 5 4 1 2.42 2
 31 OPTIQ_Alltoallv msg = 8388608 chunk = 65536  1024 6703.0000 152767.4176  1104 4249 4249 1813 6 2 3.85 4 4 1 2.34 2
 32 OPTIQ_Alltoallv msg = 8388608 chunk = 65536  1024 8425.0000 121543.0267  875 3529 3529 1416 6 3 4.03 4 4 1 2.49 2
 33 OPTIQ_Alltoallv msg = 8388608 chunk = 65536  1024 3750.0000 273066.6667  1664 6290 6290 2716 5 1 3.78 3 4 1 2.32 2
 34 OPTIQ_Alltoallv msg = 8388608 chunk = 65536  2048 26208.0000 78144.0781  1003 5072 5072 2137 8 2 5.06 5 4 1 2.37 2
 35 OPTIQ_Alltoallv msg = 8388608 chunk = 65536  2048 28050.0000 73012.4777  1044 5347 5347 2235 9 2 5.12 5 4 1 2.39 2
 36 OPTIQ_Alltoallv msg = 8388608 chunk = 65536  2048 23121.0000 88577.4837  989 5153 5153 2128 9 1 5.21 5 4 1 2.42 2
 37 OPTIQ_Alltoallv msg = 8388608 chunk = 65536  4096 35847.0000 114263.3972  1222 6818 6818 3028 10 1 5.58 6 4 1 2.25 2
 38 OPTIQ_Alltoallv msg = 8388608 chunk = 65536  4096 34428.0000 118972.9290  1222 6754 6754 3055 10 1 5.53 5 4 1 2.21 2
 39 OPTIQ_Alltoallv msg = 8388608 chunk = 65536  4096 31025.0000 132022.5624  1250 6841 6841 3019 10 1 5.47 5 4 1 2.27 2
 40 OPTIQ_Alltoallv msg = 8388608 chunk = 65536  2048 26164.0000 78275.4930  861 4962 4962 2040 10 2 5.76 6 4 1 2.43 2
 41 OPTIQ_Alltoallv msg = 8388608 chunk = 65536  2048 28000.0000 73142.8571  776 4006 4006 1633 9 1 5.16 5 4 1 2.45 2
 42 OPTIQ_Alltoallv msg = 8388608 chunk = 65536  2048 30147.0000 67933.7911  776 3973 3973 1651 9 1 5.12 5 4 1 2.41 2
 43 OPTIQ_Alltoallv msg = 8388608 chunk = 65536  2048 24478.0000 83666.9663  1142 6624 6624 2606 10 2 5.80 6 4 1 2.54 3
 44 OPTIQ_Alltoallv msg = 8388608 chunk = 65536  2048 25683.0000 79741.4632  1106 6143 6143 2435 10 1 5.55 5 4 1 2.52 2
 45 OPTIQ_Alltoallv msg = 8388608 chunk = 65536  2048 26285.0000 77915.1607  1072 5246 5246 2161 9 1 4.89 5 4 1 2.43 2
 46 OPTIQ_Alltoallv msg = 8388608 chunk = 65536  2048 9398.0000 217918.7061  1596 6279 6279 2600 6 3 3.93 4 4 1 2.41 2
 47 OPTIQ_Alltoallv msg = 8388608 chunk = 65536  2048 6992.0000 292906.1785  2338 8364 8364 3827 6 1 3.58 4 4 1 2.19 2
 48 OPTIQ_Alltoallv msg = 8388608 chunk = 65536  2048 5866.0000 349130.5830  2011 7237 7237 3033 6 2 3.60 4 4 1 2.39 2
 49 OPTIQ_Alltoallv msg = 8388608 chunk = 65536  4096 30168.0000 135773.0045  1814 10633 10633 4653 11 1 5.86 6 4 1 2.29 2
 50 OPTIQ_Alltoallv msg = 8388608 chunk = 65536  4096 28916.0000 141651.6807  1817 10438 10438 4593 11 1 5.74 6 4 1 2.27 2
 51 OPTIQ_Alltoallv msg = 8388608 chunk = 65536  4096 24232.0000 169032.6841  1851 10305 10305 4375 11 1 5.57 5 4 1 2.36 2
 52 OPTIQ_Alltoallv msg = 8388608 chunk = 65536  4096 32437.0000 126275.5495  927 5176 5176 2251 10 1 5.58 6 4 1 2.30 2
 53 OPTIQ_Alltoallv msg = 8388608 chunk = 65536  4096 32117.0000 127533.7049  918 5094 5094 2268 10 1 5.55 6 4 1 2.25 2
 54 OPTIQ_Alltoallv msg = 8388608 chunk = 65536  4096 32376.0000 126513.4668  950 5320 5320 2337 10 1 5.60 6 4 1 2.28 2
 55 OPTIQ_Alltoallv msg = 8388608 chunk = 65536  4096 30540.0000 134119.1880  1416 8249 8249 3319 10 1 5.83 6 4 1 2.49 2
 56 OPTIQ_Alltoallv msg = 8388608 chunk = 65536  4096 32823.0000 124790.5432  1234 6808 6808 2706 10 1 5.52 6 4 1 2.52 2
 57 OPTIQ_Alltoallv msg = 8388608 chunk = 65536  4096 32302.0000 126803.2939  1247 6925 6925 2792 10 1 5.55 6 4 1 2.48 2
 58 OPTIQ_Alltoallv msg = 8388608 chunk = 65536  4096 27796.0000 147359.3323  1998 11773 11773 4624 11 1 5.89 6 4 1 2.55 3
 59 OPTIQ_Alltoallv msg = 8388608 chunk = 65536  4096 28471.0000 143865.6879  1848 10149 10149 4047 10 1 5.49 5 4 1 2.51 2
 60 OPTIQ_Alltoallv msg = 8388608 chunk = 65536  4096 27221.0000 150472.0620  1710 8969 8969 3498 10 1 5.25 5 4 1 2.56 3
 61 OPTIQ_Alltoallv msg = 8388608 chunk = 65536  4096 12543.0000 326556.6451  2545 8476 8476 3668 6 2 3.33 3 4 1 2.31 2
 62 OPTIQ_Alltoallv msg = 8388608 chunk = 65536  4096 9713.0000 421702.8724  2612 9851 9851 3650 6 3 3.77 4 4 1 2.70 3
 63 OPTIQ_Alltoallv msg = 8388608 chunk = 65536  4096 8463.0000 483989.1292  3045 9371 9371 4805 5 1 3.08 3 4 1 1.95 1
 64 OPTIQ_Alltoallv msg = 8388608 chunk = 65536  1024 33510.0000 30558.0424  209 1020 1020 506 8 1 4.88 5 4 1 2.02 2
 65 OPTIQ_Alltoallv msg = 8388608 chunk = 65536  1024 34411.0000 29757.9262  206 990 990 509 8 1 4.81 5 4 1 1.94 1
 66 OPTIQ_Alltoallv msg = 8388608 chunk = 65536  1024 29501.0000 34710.6878  203 987 987 506 8 1 4.86 5 4 1 1.95 1
 67 OPTIQ_Alltoallv msg = 8388608 chunk = 65536  1024 26190.0000 39098.8927  348 1759 1759 768 8 1 5.05 5 4 1 2.29 2
 68 OPTIQ_Alltoallv msg = 8388608 chunk = 65536  1024 29198.0000 35070.8953  349 1749 1749 755 8 1 5.01 5 4 1 2.32 2
 69 OPTIQ_Alltoallv msg = 8388608 chunk = 65536  1024 26755.0000 38273.2200  342 1705 1705 754 8 1 4.99 5 4 1 2.26 2
 70 OPTIQ_Alltoallv msg = 8388608 chunk = 65536  1024 24380.0000 42001.6407  512 2506 2506 1041 8 1 4.89 5 4 1 2.41 2
 71 OPTIQ_Alltoallv msg = 8388608 chunk = 65536  1024 25080.0000 40829.3461  496 2438 2438 1042 8 1 4.92 5 4 1 2.34 2
 72 OPTIQ_Alltoallv msg = 8388608 chunk = 65536  1024 23146.0000 44240.9056  506 2508 2508 1056 8 1 4.96 5 4 1 2.38 2
 73 OPTIQ_Alltoallv msg = 8388608 chunk = 65536  2048 40542.0000 50515.5148  374 2010 2010 979 9 1 5.37 6 4 1 2.05 2
 74 OPTIQ_Alltoallv msg = 8388608 chunk = 65536  2048 36702.0000 55800.7738  356 1898 1898 934 9 1 5.33 6 4 1 2.03 2
 75 OPTIQ_Alltoallv msg = 8388608 chunk = 65536  2048 39192.0000 52255.5624  362 1972 1972 987 9 1 5.45 6 4 1 2.00 2
 76 OPTIQ_Alltoallv msg = 8388608 chunk = 65536  2048 33609.0000 60936.0588  566 2979 2979 1310 9 1 5.26 5 4 1 2.27 2
 77 OPTIQ_Alltoallv msg = 8388608 chunk = 65536  2048 33229.0000 61632.9110  563 2968 2968 1309 9 1 5.27 5 4 1 2.27 2
 78 OPTIQ_Alltoallv msg = 8388608 chunk = 65536  2048 31093.0000 65866.9154  583 3048 3048 1345 9 1 5.23 5 4 1 2.27 2
 79 OPTIQ_Alltoallv msg = 8388608 chunk = 65536  2048 32921.0000 62209.5319  787 4062 4062 1663 9 1 5.16 5 4 1 2.44 2
 80 OPTIQ_Alltoallv msg = 8388608 chunk = 65536  2048 27429.0000 74665.5000  777 3976 3976 1634 9 1 5.12 5 4 1 2.43 2
 81 OPTIQ_Alltoallv msg = 8388608 chunk = 65536  2048 30341.0000 67499.4232  817 4189 4189 1682 9 1 5.13 5 4 1 2.49 2
 82 OPTIQ_Alltoallv msg = 8388608 chunk = 65536  4096 41584.0000 98499.4229  774 4325 4325 1866 10 1 5.59 6 5 1 2.32 2
 83 OPTIQ_Alltoallv msg = 8388608 chunk = 65536  4096 41989.0000 97549.3582  763 4285 4285 1850 10 1 5.62 6 5 1 2.32 2
 84 OPTIQ_Alltoallv msg = 8388608 chunk = 65536  4096 40140.0000 102042.8500  752 4242 4242 1861 10 1 5.64 6 5 1 2.28 2
 85 OPTIQ_Alltoallv msg = 8388608 chunk = 65536  4096 37066.0000 110505.5846  936 5196 5196 2337 10 1 5.55 6 4 1 2.22 2
 86 OPTIQ_Alltoallv msg = 8388608 chunk = 65536  4096 32490.0000 126069.5599  943 5256 5256 2330 10 1 5.57 6 4 1 2.26 2
 87 OPTIQ_Alltoallv msg = 8388608 chunk = 65536  4096 35487.0000 115422.5491  948 5300 5300 2369 10 1 5.59 6 4 1 2.24 2
 88 OPTIQ_Alltoallv msg = 8388608 chunk = 65536  4096 31660.0000 129374.6052  1278 6999 6999 2797 10 1 5.48 5 4 1 2.50 2
 89 OPTIQ_Alltoallv msg = 8388608 chunk = 65536  4096 32652.0000 125444.0769  1288 7110 7110 2831 10 1 5.52 6 4 1 2.51 2
 90 OPTIQ_Alltoallv msg = 8388608 chunk = 65536  4096 34480.0000 118793.5035  1234 6836 6836 2756 10 1 5.54 6 4 1 2.48 2
