 0 OPTIQ_Alltoallv msg = 8388608 chunk = 131072  512 4264.0000 120075.0469 254 760 760 760 4 2 2.99 2 1 1 1.00 1
 1 OPTIQ_Alltoallv msg = 8388608 chunk = 131072  1024 31435.0000 32575.1551 295 1699 1699 1128 10 2 5.76 6 2 1 1.51 2
 2 OPTIQ_Alltoallv msg = 8388608 chunk = 131072  2048 42621.0000 48051.4300 624 3426 3426 1572 10 1 5.49 5 4 1 2.18 2
 3 OPTIQ_Alltoallv msg = 8388608 chunk = 131072  4096 53468.0000 76606.5684 1228 7378 7378 2868 11 2 6.01 6 6 1 2.57 2
 4 OPTIQ_Alltoallv msg = 8388608 chunk = 131072  1024 27176.0000 37680.3062 334 1943 1943 1270 10 2 5.82 6 2 1 1.53 2
 5 OPTIQ_Alltoallv msg = 8388608 chunk = 131072  1024 11950.0000 85690.3766 295 979 979 979 5 3 3.32 3 1 1 1.00 1
 6 OPTIQ_Alltoallv msg = 8388608 chunk = 131072  2048 29698.0000 68960.8728 698 3793 3793 1976 10 1 5.43 5 3 1 1.92 2
 7 OPTIQ_Alltoallv msg = 8388608 chunk = 131072  4096 40293.0000 101655.3744 1216 7519 7519 3320 11 2 6.18 6 4 1 2.26 2
 8 OPTIQ_Alltoallv msg = 8388608 chunk = 131072  2048 32414.0000 63182.5754 563 3307 3307 1679 10 2 5.87 6 3 1 1.97 2
 9 OPTIQ_Alltoallv msg = 8388608 chunk = 131072  2048 27522.0000 74413.1967 504 2824 2824 1864 10 2 5.60 6 2 1 1.52 2
 10 OPTIQ_Alltoallv msg = 8388608 chunk = 131072  2048 5990.0000 341903.1720 512 1024 1024 1024 3 1 2.00 3 1 1 1.00 1
 11 OPTIQ_Alltoallv msg = 8388608 chunk = 131072  4096 39412.0000 103927.7377 1311 7885 7885 4143 11 2 6.01 6 3 1 1.90 2
 12 OPTIQ_Alltoallv msg = 8388608 chunk = 131072  4096 39152.0000 104617.8995 937 5830 5830 2703 11 2 6.22 6 4 1 2.16 2
 13 OPTIQ_Alltoallv msg = 8388608 chunk = 131072  4096 34550.0000 118552.8220 960 5990 5990 3116 11 2 6.24 6 3 1 1.92 2
 14 OPTIQ_Alltoallv msg = 8388608 chunk = 131072  4096 35889.0000 114129.6776 1268 7658 7658 3963 11 1 6.04 6 3 1 1.93 2
 15 OPTIQ_Alltoallv msg = 8388608 chunk = 131072  4096 8793.0000 465825.0881 512 1024 1024 1024 2 2 2.00 2 1 1 1.00 1
 16 OPTIQ_Alltoallv msg = 8388608 chunk = 131072  512 23969.0000 21360.9245 149 891 891 572 7 5 5.98 6 2 1 1.56 2
 17 OPTIQ_Alltoallv msg = 8388608 chunk = 131072  512 4883.0000 104853.5736 266 828 828 828 4 1 3.11 3 1 1 1.00 1
 18 OPTIQ_Alltoallv msg = 8388608 chunk = 131072  512 12030.0000 42560.2660 210 758 758 758 5 2 3.61 4 1 1 1.00 1
 19 OPTIQ_Alltoallv msg = 8388608 chunk = 131072  1024 29663.0000 34521.1206 444 2201 2201 1190 9 1 4.96 5 3 1 1.85 2
 20 OPTIQ_Alltoallv msg = 8388608 chunk = 131072  1024 23756.0000 43104.8998 320 1596 1596 1092 9 1 4.99 5 2 1 1.46 1
 21 OPTIQ_Alltoallv msg = 8388608 chunk = 131072  1024 21957.0000 46636.6079 344 1704 1704 1152 9 1 4.95 5 2 1 1.48 1
 22 OPTIQ_Alltoallv msg = 8388608 chunk = 131072  2048 24167.0000 84743.6587 564 2883 2883 1534 9 1 5.11 5 3 1 1.88 2
 23 OPTIQ_Alltoallv msg = 8388608 chunk = 131072  2048 24890.0000 82282.0410 558 2818 2818 1499 8 1 5.05 5 3 1 1.88 2
 24 OPTIQ_Alltoallv msg = 8388608 chunk = 131072  2048 26521.0000 77221.8242 559 2769 2769 1438 8 2 4.95 5 3 1 1.93 2
 25 OPTIQ_Alltoallv msg = 8388608 chunk = 131072  4096 30665.0000 133572.4768 880 4805 4805 2321 10 2 5.46 5 4 1 2.07 2
 26 OPTIQ_Alltoallv msg = 8388608 chunk = 131072  4096 28175.0000 145377.1074 891 4846 4846 2344 10 1 5.44 5 4 1 2.07 2
 27 OPTIQ_Alltoallv msg = 8388608 chunk = 131072  4096 31812.0000 128756.4441 891 4826 4826 2364 10 1 5.42 5 4 1 2.04 2
 28 OPTIQ_Alltoallv msg = 8388608 chunk = 131072  1024 21948.0000 46655.7317 363 1843 1843 1224 9 2 5.08 5 2 1 1.51 2
 29 OPTIQ_Alltoallv msg = 8388608 chunk = 131072  1024 26245.0000 39016.9556 340 1641 1641 1070 8 1 4.83 5 2 1 1.53 2
 30 OPTIQ_Alltoallv msg = 8388608 chunk = 131072  1024 31333.0000 32681.1987 519 2395 2395 1207 8 1 4.61 5 3 1 1.98 2
 31 OPTIQ_Alltoallv msg = 8388608 chunk = 131072  1024 12326.0000 83076.4238 291 1068 1068 1068 5 2 3.67 4 1 1 1.00 1
 32 OPTIQ_Alltoallv msg = 8388608 chunk = 131072  1024 17723.0000 57778.0286 221 883 883 883 6 3 4.00 4 1 1 1.00 1
 33 OPTIQ_Alltoallv msg = 8388608 chunk = 131072  1024 4467.0000 229236.6241 448 1124 1124 1124 5 1 2.51 3 1 1 1.00 1
 34 OPTIQ_Alltoallv msg = 8388608 chunk = 131072  2048 29391.0000 69681.1949 500 2505 2505 1699 8 2 5.01 5 2 1 1.47 1
 35 OPTIQ_Alltoallv msg = 8388608 chunk = 131072  2048 27473.0000 74545.9178 521 2647 2647 1764 9 2 5.08 5 2 1 1.50 2
 36 OPTIQ_Alltoallv msg = 8388608 chunk = 131072  2048 26098.0000 78473.4462 495 2583 2583 1714 9 1 5.22 5 2 1 1.51 2
 37 OPTIQ_Alltoallv msg = 8388608 chunk = 131072  4096 30515.0000 134229.0677 918 5148 5148 2810 10 1 5.61 6 3 1 1.83 2
 38 OPTIQ_Alltoallv msg = 8388608 chunk = 131072  4096 31565.0000 129763.9791 918 5085 5085 2787 10 1 5.54 5 3 1 1.82 2
 39 OPTIQ_Alltoallv msg = 8388608 chunk = 131072  4096 27047.0000 151440.0858 951 5215 5215 2792 10 1 5.48 5 3 1 1.87 2
 40 OPTIQ_Alltoallv msg = 8388608 chunk = 131072  2048 30718.0000 66671.0072 433 2491 2491 1674 10 2 5.75 6 2 1 1.49 1
 41 OPTIQ_Alltoallv msg = 8388608 chunk = 131072  2048 34295.0000 59717.1599 579 2988 2988 1513 9 1 5.16 5 3 1 1.97 2
 42 OPTIQ_Alltoallv msg = 8388608 chunk = 131072  2048 34511.0000 59343.3978 592 3017 3017 1540 9 1 5.10 5 3 1 1.96 2
 43 OPTIQ_Alltoallv msg = 8388608 chunk = 131072  2048 34135.0000 59997.0705 858 4965 4965 2415 10 2 5.79 6 3 1 2.06 2
 44 OPTIQ_Alltoallv msg = 8388608 chunk = 131072  2048 29412.0000 69631.4429 556 3058 3058 1987 10 1 5.50 5 2 1 1.54 2
 45 OPTIQ_Alltoallv msg = 8388608 chunk = 131072  2048 31435.0000 65150.3102 819 3987 3987 1997 9 1 4.87 5 3 1 2.00 2
 46 OPTIQ_Alltoallv msg = 8388608 chunk = 131072  2048 18095.0000 113180.4366 402 1571 1571 1571 6 3 3.91 4 1 1 1.00 1
 47 OPTIQ_Alltoallv msg = 8388608 chunk = 131072  2048 8708.0000 235186.0358 595 1638 1638 1638 5 1 2.75 3 1 1 1.00 1
 48 OPTIQ_Alltoallv msg = 8388608 chunk = 131072  2048 16323.0000 125467.1323 521 1729 1729 1729 5 2 3.32 3 1 1 1.00 1
 49 OPTIQ_Alltoallv msg = 8388608 chunk = 131072  4096 30548.0000 134084.0644 901 5281 5281 3653 11 1 5.86 6 2 1 1.45 1
 50 OPTIQ_Alltoallv msg = 8388608 chunk = 131072  4096 34662.0000 118169.7536 1366 7832 7832 4146 11 1 5.73 6 3 1 1.89 2
 51 OPTIQ_Alltoallv msg = 8388608 chunk = 131072  4096 37527.0000 109148.0800 1387 7707 7707 3966 11 1 5.56 5 3 1 1.94 2
 52 OPTIQ_Alltoallv msg = 8388608 chunk = 131072  4096 33997.0000 120481.2189 927 5176 5176 2251 10 1 5.58 6 4 1 2.30 2
 53 OPTIQ_Alltoallv msg = 8388608 chunk = 131072  4096 38155.0000 107351.5922 918 5094 5094 2268 10 1 5.55 6 4 1 2.25 2
 54 OPTIQ_Alltoallv msg = 8388608 chunk = 131072  4096 37922.0000 108011.1808 950 5320 5320 2337 10 1 5.60 6 4 1 2.28 2
 55 OPTIQ_Alltoallv msg = 8388608 chunk = 131072  4096 32870.0000 124612.1083 1063 6176 6176 3079 10 1 5.81 6 3 1 2.01 2
 56 OPTIQ_Alltoallv msg = 8388608 chunk = 131072  4096 36217.0000 113096.0599 928 5094 5094 2545 10 1 5.49 5 3 1 2.00 2
 57 OPTIQ_Alltoallv msg = 8388608 chunk = 131072  4096 35066.0000 116808.3043 939 5194 5194 2607 10 1 5.53 6 3 1 1.99 2
 58 OPTIQ_Alltoallv msg = 8388608 chunk = 131072  4096 30194.0000 135656.0906 1498 8823 8823 4238 11 1 5.89 6 3 1 2.08 2
 59 OPTIQ_Alltoallv msg = 8388608 chunk = 131072  4096 34531.0000 118618.0533 1386 7617 7617 3765 10 1 5.50 5 3 1 2.02 2
 60 OPTIQ_Alltoallv msg = 8388608 chunk = 131072  4096 33029.0000 124012.2317 1283 6679 6679 3239 10 1 5.21 5 3 1 2.06 2
 61 OPTIQ_Alltoallv msg = 8388608 chunk = 131072  4096 15780.0000 259569.0748 1275 3980 3980 2664 6 2 3.12 3 2 1 1.49 1
 62 OPTIQ_Alltoallv msg = 8388608 chunk = 131072  4096 18282.0000 224045.5092 655 2423 2423 2423 6 3 3.70 4 1 1 1.00 1
 63 OPTIQ_Alltoallv msg = 8388608 chunk = 131072  4096 8915.0000 459450.3646 768 1318 1318 1318 5 1 1.72 1 1 1 1.00 1
 64 OPTIQ_Alltoallv msg = 8388608 chunk = 131072  1024 34397.0000 29770.0381 209 1020 1020 506 8 1 4.88 5 4 1 2.02 2
 65 OPTIQ_Alltoallv msg = 8388608 chunk = 131072  1024 34951.0000 29298.1603 206 990 990 509 8 1 4.81 5 4 1 1.94 1
 66 OPTIQ_Alltoallv msg = 8388608 chunk = 131072  1024 30844.0000 33199.3256 203 987 987 506 8 1 4.86 5 4 1 1.95 1
 67 OPTIQ_Alltoallv msg = 8388608 chunk = 131072  1024 31893.0000 32107.3590 262 1324 1324 689 8 1 5.05 5 3 1 1.92 2
 68 OPTIQ_Alltoallv msg = 8388608 chunk = 131072  1024 30508.0000 33564.9666 261 1312 1312 673 8 1 5.03 5 3 1 1.95 2
 69 OPTIQ_Alltoallv msg = 8388608 chunk = 131072  1024 27324.0000 37476.2114 257 1283 1283 680 8 1 4.99 5 3 1 1.89 2
 70 OPTIQ_Alltoallv msg = 8388608 chunk = 131072  1024 26612.0000 38478.8817 258 1258 1258 837 8 1 4.88 5 2 1 1.50 2
 71 OPTIQ_Alltoallv msg = 8388608 chunk = 131072  1024 25372.0000 40359.4514 254 1249 1249 849 8 1 4.92 5 2 1 1.47 1
 72 OPTIQ_Alltoallv msg = 8388608 chunk = 131072  1024 28419.0000 36032.2320 255 1244 1244 829 8 1 4.88 5 2 1 1.50 2
 73 OPTIQ_Alltoallv msg = 8388608 chunk = 131072  2048 41062.0000 49875.7976 374 2010 2010 979 9 1 5.37 6 4 1 2.05 2
 74 OPTIQ_Alltoallv msg = 8388608 chunk = 131072  2048 41153.0000 49765.5092 356 1898 1898 934 9 1 5.33 6 4 1 2.03 2
 75 OPTIQ_Alltoallv msg = 8388608 chunk = 131072  2048 39996.0000 51205.1205 362 1972 1972 987 9 1 5.45 6 4 1 2.00 2
 76 OPTIQ_Alltoallv msg = 8388608 chunk = 131072  2048 32289.0000 63427.1733 424 2229 2229 1169 9 1 5.26 5 3 1 1.91 2
 77 OPTIQ_Alltoallv msg = 8388608 chunk = 131072  2048 35757.0000 57275.4985 422 2229 2229 1214 9 1 5.28 5 3 1 1.84 2
 78 OPTIQ_Alltoallv msg = 8388608 chunk = 131072  2048 35442.0000 57784.5494 437 2295 2295 1239 9 1 5.25 5 3 1 1.85 2
 79 OPTIQ_Alltoallv msg = 8388608 chunk = 131072  2048 35779.0000 57240.2806 597 3085 3085 1560 9 1 5.17 5 3 1 1.98 2
 80 OPTIQ_Alltoallv msg = 8388608 chunk = 131072  2048 30829.0000 66430.9579 591 3012 3012 1516 9 1 5.10 5 3 1 1.99 2
 81 OPTIQ_Alltoallv msg = 8388608 chunk = 131072  2048 32112.0000 63776.7813 618 3190 3190 1579 9 1 5.16 5 3 1 2.02 2
 82 OPTIQ_Alltoallv msg = 8388608 chunk = 131072  4096 46257.0000 88548.7602 774 4325 4325 1866 10 1 5.59 6 5 1 2.32 2
 83 OPTIQ_Alltoallv msg = 8388608 chunk = 131072  4096 52929.0000 77386.6878 763 4285 4285 1850 10 1 5.62 6 5 1 2.32 2
 84 OPTIQ_Alltoallv msg = 8388608 chunk = 131072  4096 47599.0000 86052.2280 752 4242 4242 1861 10 1 5.64 6 5 1 2.28 2
 85 OPTIQ_Alltoallv msg = 8388608 chunk = 131072  4096 42137.0000 97206.7304 936 5196 5196 2337 10 1 5.55 6 4 1 2.22 2
 86 OPTIQ_Alltoallv msg = 8388608 chunk = 131072  4096 38610.0000 106086.5061 943 5256 5256 2330 10 1 5.57 6 4 1 2.26 2
 87 OPTIQ_Alltoallv msg = 8388608 chunk = 131072  4096 35446.0000 115556.0571 948 5300 5300 2369 10 1 5.59 6 4 1 2.24 2
 88 OPTIQ_Alltoallv msg = 8388608 chunk = 131072  4096 34992.0000 117055.3269 964 5285 5285 2610 10 1 5.48 5 3 1 2.02 2
 89 OPTIQ_Alltoallv msg = 8388608 chunk = 131072  4096 38258.0000 107062.5751 965 5327 5327 2634 10 1 5.52 6 3 1 2.02 2
 90 OPTIQ_Alltoallv msg = 8388608 chunk = 131072  4096 42655.0000 96026.2572 933 5160 5160 2585 10 1 5.53 6 3 1 2.00 2
