OPTIQ_Alltoallv msg = 8388608 chunk = 1048576 512 8370.0000 61170.8483  386 1544 1544 1074 6 2 4.00 4 5 1 1.44 1
OPTIQ_Alltoallv msg = 8388608 chunk = 1048576 1024 37949.0000 26983.5832  407 2551 2551 1288 10 2 6.27 6 8 1 1.98 2
OPTIQ_Alltoallv msg = 8388608 chunk = 1048576 2048 65924.0000 31066.0761  561 3328 3328 1400 10 2 5.93 6 10 1 2.38 2
OPTIQ_Alltoallv msg = 8388608 chunk = 1048576 4096 73994.0000 55355.8397  1169 7362 7362 2905 11 3 6.30 6 11 1 2.53 2
OPTIQ_Alltoallv msg = 8388608 chunk = 1048576 1024 23775.0000 43070.4522  765 4878 4878 1867 10 3 6.38 6 9 1 2.61 2
OPTIQ_Alltoallv msg = 8388608 chunk = 1048576 1024 10711.0000 95602.6515  889 4249 4249 2382 5 3 4.78 5 7 1 1.78 1
OPTIQ_Alltoallv msg = 8388608 chunk = 1048576 2048 33598.0000 60956.0093  1121 6904 6904 2610 10 3 6.16 6 10 1 2.65 2
OPTIQ_Alltoallv msg = 8388608 chunk = 1048576 4096 52017.0000 78743.4877  1722 11065 11065 3776 11 3 6.43 6 12 1 2.93 2
OPTIQ_Alltoallv msg = 8388608 chunk = 1048576 2048 35510.0000 57673.8947  992 6141 6141 2146 10 3 6.19 6 9 1 2.86 2
OPTIQ_Alltoallv msg = 8388608 chunk = 1048576 2048 32021.0000 63958.0275  1180 7252 7252 2702 10 4 6.15 6 10 1 2.68 2
OPTIQ_Alltoallv msg = 8388608 chunk = 1048576 2048 11862.0000 172652.1666  1646 7738 7738 3983 5 1 4.70 5 9 1 1.94 1
OPTIQ_Alltoallv msg = 8388608 chunk = 1048576 4096 40589.0000 100914.0407  2295 14740 14740 5257 11 3 6.42 6 11 1 2.80 2
OPTIQ_Alltoallv msg = 8388608 chunk = 1048576 4096 57049.0000 71797.9281  1306 8449 8449 3107 11 2 6.47 6 12 1 2.72 2
OPTIQ_Alltoallv msg = 8388608 chunk = 1048576 4096 49184.0000 83279.1152  1845 11928 11928 3885 11 2 6.47 6 11 1 3.07 3
OPTIQ_Alltoallv msg = 8388608 chunk = 1048576 4096 44342.0000 92372.9196  2320 15030 15030 4985 11 3 6.48 6 12 1 3.02 3
OPTIQ_Alltoallv msg = 8388608 chunk = 1048576 4096 9505.0000 430931.0889  512 1024 1024 1024 2 2 2.00 2 1 1 1.00 1
OPTIQ_Alltoallv msg = 8388608 chunk = 1048576 512 24940.0000 20529.2702  380 2466 2466 912 7 5 6.49 7 10 1 2.70 2
OPTIQ_Alltoallv msg = 8388608 chunk = 1048576 512 8970.0000 57079.1527  623 2576 2576 1468 6 1 4.13 4 7 1 1.75 1
OPTIQ_Alltoallv msg = 8388608 chunk = 1048576 512 10060.0000 50894.6322  563 2556 2556 1417 6 3 4.54 5 7 1 1.80 1
OPTIQ_Alltoallv msg = 8388608 chunk = 1048576 1024 26644.0000 38432.6678  602 3509 3509 1480 9 3 5.83 6 9 1 2.37 2
OPTIQ_Alltoallv msg = 8388608 chunk = 1048576 1024 25491.0000 40171.0408  606 3508 3508 1549 9 2 5.79 6 9 1 2.26 2
OPTIQ_Alltoallv msg = 8388608 chunk = 1048576 1024 28156.0000 36368.8024  622 3545 3545 1509 9 3 5.70 6 9 1 2.35 2
OPTIQ_Alltoallv msg = 8388608 chunk = 1048576 2048 42740.0000 47917.6416  970 5623 5623 2062 9 3 5.80 6 9 1 2.73 2
OPTIQ_Alltoallv msg = 8388608 chunk = 1048576 2048 38280.0000 53500.5225  939 5424 5424 2007 8 1 5.78 6 13 1 2.70 2
OPTIQ_Alltoallv msg = 8388608 chunk = 1048576 2048 38329.0000 53432.1271  909 5206 5206 1924 8 2 5.73 6 11 1 2.71 2
OPTIQ_Alltoallv msg = 8388608 chunk = 1048576 4096 63599.0000 64403.5284  1238 7329 7329 2739 10 2 5.92 6 11 1 2.68 2
OPTIQ_Alltoallv msg = 8388608 chunk = 1048576 4096 60717.0000 67460.5135  1296 7639 7639 2761 10 1 5.89 6 11 1 2.77 2
OPTIQ_Alltoallv msg = 8388608 chunk = 1048576 4096 68358.0000 59919.8338  1303 7609 7609 2778 10 1 5.84 6 13 1 2.74 2
OPTIQ_Alltoallv msg = 8388608 chunk = 1048576 1024 23145.0000 44242.8170  729 4206 4206 1618 9 3 5.77 6 9 1 2.60 2
OPTIQ_Alltoallv msg = 8388608 chunk = 1048576 1024 23007.0000 44508.1932  641 3623 3623 1450 8 2 5.65 6 8 1 2.50 2
OPTIQ_Alltoallv msg = 8388608 chunk = 1048576 1024 33189.0000 30853.5961  511 2821 2821 1034 8 1 5.52 6 10 1 2.73 2
OPTIQ_Alltoallv msg = 8388608 chunk = 1048576 1024 12448.0000 82262.2108  923 4322 4322 2268 6 2 4.68 5 9 1 1.91 2
OPTIQ_Alltoallv msg = 8388608 chunk = 1048576 1024 14794.0000 69217.2502  929 4658 4658 2173 6 3 5.01 5 9 1 2.14 2
OPTIQ_Alltoallv msg = 8388608 chunk = 1048576 1024 10166.0000 100727.9166  1470 6886 6886 2911 5 1 4.68 5 7 1 2.37 2
OPTIQ_Alltoallv msg = 8388608 chunk = 1048576 2048 32486.0000 63042.5414  1192 6823 6823 2310 8 2 5.72 6 11 1 2.95 3
OPTIQ_Alltoallv msg = 8388608 chunk = 1048576 2048 38096.0000 53758.9248  1102 6327 6327 2178 9 2 5.74 6 10 1 2.90 2
OPTIQ_Alltoallv msg = 8388608 chunk = 1048576 2048 39671.0000 51624.6124  1115 6533 6533 2240 9 2 5.86 6 11 1 2.92 2
OPTIQ_Alltoallv msg = 8388608 chunk = 1048576 4096 48095.0000 85164.7780  1762 10746 10746 3703 10 3 6.10 6 12 1 2.90 2
OPTIQ_Alltoallv msg = 8388608 chunk = 1048576 4096 48057.0000 85232.1202  1752 10607 10607 3638 10 3 6.05 6 10 1 2.92 2
OPTIQ_Alltoallv msg = 8388608 chunk = 1048576 4096 43532.0000 94091.7027  1814 10952 10952 3605 10 1 6.04 6 12 1 3.04 3
OPTIQ_Alltoallv msg = 8388608 chunk = 1048576 2048 35415.0000 57828.6037  1185 7333 7333 2403 10 4 6.19 6 10 1 3.05 3
OPTIQ_Alltoallv msg = 8388608 chunk = 1048576 2048 33307.0000 61488.5760  979 5534 5534 1911 9 1 5.65 6 12 1 2.90 2
OPTIQ_Alltoallv msg = 8388608 chunk = 1048576 2048 40443.0000 50639.1712  1005 5691 5691 1934 9 1 5.66 6 10 1 2.94 3
OPTIQ_Alltoallv msg = 8388608 chunk = 1048576 2048 27788.0000 73700.8781  1467 9212 9212 3027 10 3 6.28 6 11 1 3.04 3
OPTIQ_Alltoallv msg = 8388608 chunk = 1048576 2048 27753.0000 73793.8241  1318 7996 7996 2778 10 3 6.07 6 11 1 2.88 2
OPTIQ_Alltoallv msg = 8388608 chunk = 1048576 2048 37912.0000 54019.8354  1042 5919 5919 1944 9 1 5.68 6 11 1 3.04 3
OPTIQ_Alltoallv msg = 8388608 chunk = 1048576 2048 16645.0000 123039.9519  1658 8368 8368 3635 6 3 5.05 5 10 1 2.30 2
OPTIQ_Alltoallv msg = 8388608 chunk = 1048576 2048 10562.0000 193902.6699  1899 8225 8225 3943 6 1 4.33 4 7 1 2.09 2
OPTIQ_Alltoallv msg = 8388608 chunk = 1048576 2048 11887.0000 172289.0553  1732 7922 7922 3883 6 2 4.57 5 7 1 2.04 2
OPTIQ_Alltoallv msg = 8388608 chunk = 1048576 4096 37455.0000 109357.8961  2458 15784 15784 5396 11 2 6.42 6 13 1 2.93 2
OPTIQ_Alltoallv msg = 8388608 chunk = 1048576 4096 34865.0000 117481.7152  2419 15355 15355 5449 11 3 6.35 6 11 1 2.82 2
OPTIQ_Alltoallv msg = 8388608 chunk = 1048576 4096 46600.0000 87896.9957  2309 14004 14004 4887 11 2 6.06 6 13 1 2.87 2
OPTIQ_Alltoallv msg = 8388608 chunk = 1048576 4096 46772.0000 87573.7621  1370 8111 8111 2567 10 1 5.92 6 13 1 3.16 2
OPTIQ_Alltoallv msg = 8388608 chunk = 1048576 4096 52850.0000 77502.3652  1390 8219 8219 2648 10 1 5.91 6 12 1 3.10 2
OPTIQ_Alltoallv msg = 8388608 chunk = 1048576 4096 55838.0000 73355.0629  1361 8056 8056 2609 10 1 5.92 6 11 1 3.09 2
OPTIQ_Alltoallv msg = 8388608 chunk = 1048576 4096 39109.0000 104732.9259  2083 12832 12832 3937 10 3 6.16 6 13 1 3.26 3
OPTIQ_Alltoallv msg = 8388608 chunk = 1048576 4096 39420.0000 103906.6464  1836 10757 10757 3185 10 1 5.86 6 12 1 3.38 3
OPTIQ_Alltoallv msg = 8388608 chunk = 1048576 4096 43161.0000 94900.4889  1834 10800 10800 3215 10 1 5.89 6 13 1 3.36 3
OPTIQ_Alltoallv msg = 8388608 chunk = 1048576 4096 34388.0000 119111.3179  2402 15287 15287 5105 11 1 6.36 6 12 1 2.99 3
OPTIQ_Alltoallv msg = 8388608 chunk = 1048576 4096 42713.0000 95895.8631  2321 14093 14093 4567 10 2 6.07 6 12 1 3.09 3
OPTIQ_Alltoallv msg = 8388608 chunk = 1048576 4096 39064.0000 104853.5736  1933 11320 11320 3406 10 1 5.86 6 12 1 3.32 3
OPTIQ_Alltoallv msg = 8388608 chunk = 1048576 4096 17793.0000 230202.8888  1694 6491 6491 3619 6 2 3.83 4 7 1 1.79 1
OPTIQ_Alltoallv msg = 8388608 chunk = 1048576 4096 14823.0000 276327.3292  2475 11563 11563 5108 6 3 4.67 5 7 1 2.26 2
OPTIQ_Alltoallv msg = 8388608 chunk = 1048576 4096 15543.0000 263526.9896  2300 9770 9770 5030 5 1 4.25 5 8 1 1.94 2
OPTIQ_Alltoallv msg = 8388608 chunk = 1048576 1024 46386.0000 22075.6263  248 1326 1326 575 8 1 5.35 5 9 1 2.31 2
OPTIQ_Alltoallv msg = 8388608 chunk = 1048576 1024 46202.0000 22163.5427  257 1389 1389 586 8 1 5.40 6 8 1 2.37 2
OPTIQ_Alltoallv msg = 8388608 chunk = 1048576 1024 43876.0000 23338.4994  255 1352 1352 584 8 1 5.30 6 8 1 2.32 2
OPTIQ_Alltoallv msg = 8388608 chunk = 1048576 1024 33537.0000 30533.4407  407 2269 2269 876 8 1 5.57 6 10 1 2.59 2
OPTIQ_Alltoallv msg = 8388608 chunk = 1048576 1024 29621.0000 34570.0685  427 2349 2349 899 8 1 5.50 6 10 1 2.61 2
OPTIQ_Alltoallv msg = 8388608 chunk = 1048576 1024 35561.0000 28795.5907  413 2264 2264 875 8 1 5.48 6 10 1 2.59 2
OPTIQ_Alltoallv msg = 8388608 chunk = 1048576 1024 28749.0000 35618.6302  525 2917 2917 1096 8 1 5.56 6 10 1 2.66 2
OPTIQ_Alltoallv msg = 8388608 chunk = 1048576 1024 26111.0000 39217.1882  527 2958 2958 1111 8 1 5.61 6 11 1 2.66 2
OPTIQ_Alltoallv msg = 8388608 chunk = 1048576 1024 28692.0000 35689.3908  516 2905 2905 1110 8 1 5.63 6 12 1 2.62 2
OPTIQ_Alltoallv msg = 8388608 chunk = 1048576 2048 60042.0000 34109.4567  510 2903 2903 1108 9 1 5.69 6 12 1 2.62 2
OPTIQ_Alltoallv msg = 8388608 chunk = 1048576 2048 46043.0000 44480.1599  499 2816 2816 1101 9 1 5.64 6 9 1 2.56 2
OPTIQ_Alltoallv msg = 8388608 chunk = 1048576 2048 58582.0000 34959.5439  508 2866 2866 1104 9 1 5.64 6 9 1 2.60 2
OPTIQ_Alltoallv msg = 8388608 chunk = 1048576 2048 41699.0000 49113.8876  756 4341 4341 1533 9 1 5.74 6 10 1 2.83 2
OPTIQ_Alltoallv msg = 8388608 chunk = 1048576 2048 43064.0000 47557.1243  758 4328 4328 1501 9 1 5.71 6 10 1 2.88 2
OPTIQ_Alltoallv msg = 8388608 chunk = 1048576 2048 39709.0000 51575.2097  763 4351 4351 1510 9 1 5.70 6 12 1 2.88 2
OPTIQ_Alltoallv msg = 8388608 chunk = 1048576 2048 39771.0000 51494.8078  1021 5763 5763 2000 9 1 5.64 6 11 1 2.88 3
OPTIQ_Alltoallv msg = 8388608 chunk = 1048576 2048 37365.0000 54810.6517  994 5649 5649 1940 9 1 5.68 6 10 1 2.91 3
OPTIQ_Alltoallv msg = 8388608 chunk = 1048576 2048 37915.0000 54015.5611  1021 5756 5756 1945 9 1 5.64 6 10 1 2.96 3
OPTIQ_Alltoallv msg = 8388608 chunk = 1048576 4096 59787.0000 68509.8767  932 5458 5458 1976 10 1 5.86 6 13 1 2.76 2
OPTIQ_Alltoallv msg = 8388608 chunk = 1048576 4096 60970.0000 67180.5806  943 5546 5546 1995 10 1 5.88 6 13 1 2.78 2
OPTIQ_Alltoallv msg = 8388608 chunk = 1048576 4096 62304.0000 65742.1674  922 5418 5418 1970 10 1 5.88 6 13 1 2.75 2
OPTIQ_Alltoallv msg = 8388608 chunk = 1048576 4096 57368.0000 71398.6892  1395 8196 8196 2618 10 1 5.88 6 13 1 3.13 2
OPTIQ_Alltoallv msg = 8388608 chunk = 1048576 4096 51647.0000 79307.6074  1395 8236 8236 2617 10 1 5.90 6 14 1 3.15 2
OPTIQ_Alltoallv msg = 8388608 chunk = 1048576 4096 53347.0000 76780.3250  1384 8118 8118 2629 10 1 5.87 6 12 1 3.09 2
OPTIQ_Alltoallv msg = 8388608 chunk = 1048576 4096 38424.0000 106600.0416  1810 10653 10653 3210 10 1 5.89 6 11 1 3.32 3
OPTIQ_Alltoallv msg = 8388608 chunk = 1048576 4096 43740.0000 93644.2615  1848 10806 10806 3262 10 1 5.85 6 11 1 3.31 3
OPTIQ_Alltoallv msg = 8388608 chunk = 1048576 4096 39306.0000 104208.0090  1811 10600 10600 3210 10 1 5.85 6 11 1 3.30 3
