OPTIQ_Alltoallv msg = 8388608 chunk = 65536 512 6105.0000 83865.6839  386 1544 1544 1074 6 2 4.00 4 5 1 1.44 1
OPTIQ_Alltoallv msg = 8388608 chunk = 65536 1024 25808.0000 39677.6193  407 2551 2551 1288 10 2 6.27 6 8 1 1.98 2
OPTIQ_Alltoallv msg = 8388608 chunk = 65536 2048 41171.0000 49743.7517  561 3328 3328 1400 10 2 5.93 6 10 1 2.38 2
OPTIQ_Alltoallv msg = 8388608 chunk = 65536 4096 54158.0000 75630.5624  1169 7362 7362 2905 11 3 6.30 6 11 1 2.53 2
OPTIQ_Alltoallv msg = 8388608 chunk = 65536 1024 16342.0000 62660.6291  765 4878 4878 1867 10 3 6.38 6 9 1 2.61 2
OPTIQ_Alltoallv msg = 8388608 chunk = 65536 1024 6016.0000 170212.7660  889 4249 4249 2382 5 3 4.78 5 7 1 1.78 1
OPTIQ_Alltoallv msg = 8388608 chunk = 65536 2048 25523.0000 80241.3509  1121 6904 6904 2610 10 3 6.16 6 10 1 2.65 2
OPTIQ_Alltoallv msg = 8388608 chunk = 65536 4096 41515.0000 98663.1338  1722 11065 11065 3776 11 3 6.43 6 12 1 2.93 2
OPTIQ_Alltoallv msg = 8388608 chunk = 65536 2048 27726.0000 73865.6856  992 6141 6141 2146 10 3 6.19 6 9 1 2.86 2
OPTIQ_Alltoallv msg = 8388608 chunk = 65536 2048 24522.0000 83516.8420  1180 7252 7252 2702 10 4 6.15 6 10 1 2.68 2
OPTIQ_Alltoallv msg = 8388608 chunk = 65536 2048 11823.0000 173221.6865  1646 7738 7738 3983 5 1 4.70 5 9 1 1.94 1
OPTIQ_Alltoallv msg = 8388608 chunk = 65536 4096 25619.0000 159881.3381  2295 14740 14740 5257 11 3 6.42 6 11 1 2.80 2
OPTIQ_Alltoallv msg = 8388608 chunk = 65536 4096 45155.0000 90709.7774  1306 8449 8449 3107 11 2 6.47 6 12 1 2.72 2
OPTIQ_Alltoallv msg = 8388608 chunk = 65536 4096 36715.0000 111562.0319  1845 11928 11928 3885 11 2 6.47 6 11 1 3.07 3
OPTIQ_Alltoallv msg = 8388608 chunk = 65536 4096 27779.0000 147449.5122  2320 15030 15030 4985 11 3 6.48 6 12 1 3.02 3
OPTIQ_Alltoallv msg = 8388608 chunk = 65536 4096 7928.0000 516649.8486  512 1024 1024 1024 2 2 2.00 2 1 1 1.00 1
OPTIQ_Alltoallv msg = 8388608 chunk = 65536 512 14678.0000 34882.1365  380 2466 2466 912 7 5 6.49 7 10 1 2.70 2
OPTIQ_Alltoallv msg = 8388608 chunk = 65536 512 5719.0000 89526.1409  623 2576 2576 1468 6 1 4.13 4 7 1 1.75 1
OPTIQ_Alltoallv msg = 8388608 chunk = 65536 512 6979.0000 73362.9460  563 2556 2556 1417 6 3 4.54 5 7 1 1.80 1
OPTIQ_Alltoallv msg = 8388608 chunk = 65536 1024 17443.0000 58705.4979  602 3509 3509 1480 9 3 5.83 6 9 1 2.37 2
OPTIQ_Alltoallv msg = 8388608 chunk = 65536 1024 19528.0000 52437.5256  606 3508 3508 1549 9 2 5.79 6 9 1 2.26 2
OPTIQ_Alltoallv msg = 8388608 chunk = 65536 1024 22574.0000 45361.9208  622 3545 3545 1509 9 3 5.70 6 9 1 2.35 2
OPTIQ_Alltoallv msg = 8388608 chunk = 65536 2048 27134.0000 75477.2610  970 5623 5623 2062 9 3 5.80 6 9 1 2.73 2
OPTIQ_Alltoallv msg = 8388608 chunk = 65536 2048 25465.0000 80424.1115  939 5424 5424 2007 8 1 5.78 6 13 1 2.70 2
OPTIQ_Alltoallv msg = 8388608 chunk = 65536 2048 26204.0000 78156.0067  909 5206 5206 1924 8 2 5.73 6 11 1 2.71 2
OPTIQ_Alltoallv msg = 8388608 chunk = 65536 4096 51359.0000 79752.3316  1238 7329 7329 2739 10 2 5.92 6 11 1 2.68 2
OPTIQ_Alltoallv msg = 8388608 chunk = 65536 4096 52715.0000 77700.8442  1296 7639 7639 2761 10 1 5.89 6 11 1 2.77 2
OPTIQ_Alltoallv msg = 8388608 chunk = 65536 4096 51333.0000 79792.7259  1303 7609 7609 2778 10 1 5.84 6 13 1 2.74 2
OPTIQ_Alltoallv msg = 8388608 chunk = 65536 1024 18543.0000 55222.9952  729 4206 4206 1618 9 3 5.77 6 9 1 2.60 2
OPTIQ_Alltoallv msg = 8388608 chunk = 65536 1024 21593.0000 47422.7759  641 3623 3623 1450 8 2 5.65 6 8 1 2.50 2
OPTIQ_Alltoallv msg = 8388608 chunk = 65536 1024 22626.0000 45257.6682  511 2821 2821 1034 8 1 5.52 6 10 1 2.73 2
OPTIQ_Alltoallv msg = 8388608 chunk = 65536 1024 9110.0000 112403.9517  923 4322 4322 2268 6 2 4.68 5 9 1 1.91 2
OPTIQ_Alltoallv msg = 8388608 chunk = 65536 1024 10808.0000 94744.6336  929 4658 4658 2173 6 3 5.01 5 9 1 2.14 2
OPTIQ_Alltoallv msg = 8388608 chunk = 65536 1024 7044.0000 145371.9478  1470 6886 6886 2911 5 1 4.68 5 7 1 2.37 2
OPTIQ_Alltoallv msg = 8388608 chunk = 65536 2048 23707.0000 86387.9867  1192 6823 6823 2310 8 2 5.72 6 11 1 2.95 3
OPTIQ_Alltoallv msg = 8388608 chunk = 65536 2048 24342.0000 84134.4179  1102 6327 6327 2178 9 2 5.74 6 10 1 2.90 2
OPTIQ_Alltoallv msg = 8388608 chunk = 65536 2048 28894.0000 70879.7674  1115 6533 6533 2240 9 2 5.86 6 11 1 2.92 2
OPTIQ_Alltoallv msg = 8388608 chunk = 65536 4096 29658.0000 138107.7618  1762 10746 10746 3703 10 3 6.10 6 12 1 2.90 2
OPTIQ_Alltoallv msg = 8388608 chunk = 65536 4096 31751.0000 129003.8109  1752 10607 10607 3638 10 3 6.05 6 10 1 2.92 2
OPTIQ_Alltoallv msg = 8388608 chunk = 65536 4096 29293.0000 139828.6280  1814 10952 10952 3605 10 1 6.04 6 12 1 3.04 3
OPTIQ_Alltoallv msg = 8388608 chunk = 65536 2048 29825.0000 68667.2255  1185 7333 7333 2403 10 4 6.19 6 10 1 3.05 3
OPTIQ_Alltoallv msg = 8388608 chunk = 65536 2048 27477.0000 74535.0657  979 5534 5534 1911 9 1 5.65 6 12 1 2.90 2
OPTIQ_Alltoallv msg = 8388608 chunk = 65536 2048 30913.0000 66250.4448  1005 5691 5691 1934 9 1 5.66 6 10 1 2.94 3
OPTIQ_Alltoallv msg = 8388608 chunk = 65536 2048 19399.0000 105572.4522  1467 9212 9212 3027 10 3 6.28 6 11 1 3.04 3
OPTIQ_Alltoallv msg = 8388608 chunk = 65536 2048 21544.0000 95061.2700  1318 7996 7996 2778 10 3 6.07 6 11 1 2.88 2
OPTIQ_Alltoallv msg = 8388608 chunk = 65536 2048 27626.0000 74133.0631  1042 5919 5919 1944 9 1 5.68 6 11 1 3.04 3
OPTIQ_Alltoallv msg = 8388608 chunk = 65536 2048 14166.0000 144571.5092  1658 8368 8368 3635 6 3 5.05 5 10 1 2.30 2
OPTIQ_Alltoallv msg = 8388608 chunk = 65536 2048 8123.0000 252123.5997  1899 8225 8225 3943 6 1 4.33 4 7 1 2.09 2
OPTIQ_Alltoallv msg = 8388608 chunk = 65536 2048 7399.0000 276794.1614  1732 7922 7922 3883 6 2 4.57 5 7 1 2.04 2
OPTIQ_Alltoallv msg = 8388608 chunk = 65536 4096 24769.0000 165368.0003  2458 15784 15784 5396 11 2 6.42 6 13 1 2.93 2
OPTIQ_Alltoallv msg = 8388608 chunk = 65536 4096 24530.0000 166979.2091  2419 15355 15355 5449 11 3 6.35 6 11 1 2.82 2
OPTIQ_Alltoallv msg = 8388608 chunk = 65536 4096 25969.0000 157726.5201  2309 14004 14004 4887 11 2 6.06 6 13 1 2.87 2
OPTIQ_Alltoallv msg = 8388608 chunk = 65536 4096 53464.0000 76612.2999  1370 8111 8111 2567 10 1 5.92 6 13 1 3.16 2
OPTIQ_Alltoallv msg = 8388608 chunk = 65536 4096 42157.0000 97160.6139  1390 8219 8219 2648 10 1 5.91 6 12 1 3.10 2
OPTIQ_Alltoallv msg = 8388608 chunk = 65536 4096 62954.0000 65063.3796  1361 8056 8056 2609 10 1 5.92 6 11 1 3.09 2
OPTIQ_Alltoallv msg = 8388608 chunk = 65536 4096 32233.0000 127074.7371  2083 12832 12832 3937 10 3 6.16 6 13 1 3.26 3
OPTIQ_Alltoallv msg = 8388608 chunk = 65536 4096 34663.0000 118166.3445  1836 10757 10757 3185 10 1 5.86 6 12 1 3.38 3
OPTIQ_Alltoallv msg = 8388608 chunk = 65536 4096 41552.0000 98575.2792  1834 10800 10800 3215 10 1 5.89 6 13 1 3.36 3
OPTIQ_Alltoallv msg = 8388608 chunk = 65536 4096 25680.0000 159501.5576  2402 15287 15287 5105 11 1 6.36 6 12 1 2.99 3
OPTIQ_Alltoallv msg = 8388608 chunk = 65536 4096 28593.0000 143251.8449  2321 14093 14093 4567 10 2 6.07 6 12 1 3.09 3
OPTIQ_Alltoallv msg = 8388608 chunk = 65536 4096 31665.0000 129354.1765  1933 11320 11320 3406 10 1 5.86 6 12 1 3.32 3
OPTIQ_Alltoallv msg = 8388608 chunk = 65536 4096 13720.0000 298542.2741  1694 6491 6491 3619 6 2 3.83 4 7 1 1.79 1
OPTIQ_Alltoallv msg = 8388608 chunk = 65536 4096 12742.0000 321456.6002  2475 11563 11563 5108 6 3 4.67 5 7 1 2.26 2
OPTIQ_Alltoallv msg = 8388608 chunk = 65536 4096 14445.0000 283558.3247  2300 9770 9770 5030 5 1 4.25 5 8 1 1.94 2
OPTIQ_Alltoallv msg = 8388608 chunk = 65536 1024 37589.0000 27242.0123  248 1326 1326 575 8 1 5.35 5 9 1 2.31 2
OPTIQ_Alltoallv msg = 8388608 chunk = 65536 1024 36617.0000 27965.1528  257 1389 1389 586 8 1 5.40 6 8 1 2.37 2
OPTIQ_Alltoallv msg = 8388608 chunk = 65536 1024 41252.0000 24823.0389  255 1352 1352 584 8 1 5.30 6 8 1 2.32 2
OPTIQ_Alltoallv msg = 8388608 chunk = 65536 1024 25999.0000 39386.1302  407 2269 2269 876 8 1 5.57 6 10 1 2.59 2
OPTIQ_Alltoallv msg = 8388608 chunk = 65536 1024 27578.0000 37131.0465  427 2349 2349 899 8 1 5.50 6 10 1 2.61 2
OPTIQ_Alltoallv msg = 8388608 chunk = 65536 1024 32684.0000 31330.3145  413 2264 2264 875 8 1 5.48 6 10 1 2.59 2
OPTIQ_Alltoallv msg = 8388608 chunk = 65536 1024 22292.0000 45935.7617  525 2917 2917 1096 8 1 5.56 6 10 1 2.66 2
OPTIQ_Alltoallv msg = 8388608 chunk = 65536 1024 21372.0000 47913.1574  527 2958 2958 1111 8 1 5.61 6 11 1 2.66 2
OPTIQ_Alltoallv msg = 8388608 chunk = 65536 1024 26220.0000 39054.1571  516 2905 2905 1110 8 1 5.63 6 12 1 2.62 2
OPTIQ_Alltoallv msg = 8388608 chunk = 65536 2048 47598.0000 43027.0179  510 2903 2903 1108 9 1 5.69 6 12 1 2.62 2
OPTIQ_Alltoallv msg = 8388608 chunk = 65536 2048 52249.0000 39196.9224  499 2816 2816 1101 9 1 5.64 6 9 1 2.56 2
OPTIQ_Alltoallv msg = 8388608 chunk = 65536 2048 51705.0000 39609.3221  508 2866 2866 1104 9 1 5.64 6 9 1 2.60 2
OPTIQ_Alltoallv msg = 8388608 chunk = 65536 2048 30634.0000 66853.8226  756 4341 4341 1533 9 1 5.74 6 10 1 2.83 2
OPTIQ_Alltoallv msg = 8388608 chunk = 65536 2048 32378.0000 63252.8260  758 4328 4328 1501 9 1 5.71 6 10 1 2.88 2
OPTIQ_Alltoallv msg = 8388608 chunk = 65536 2048 33828.0000 60541.5632  763 4351 4351 1510 9 1 5.70 6 12 1 2.88 2
OPTIQ_Alltoallv msg = 8388608 chunk = 65536 2048 27489.0000 74502.5283  1021 5763 5763 2000 9 1 5.64 6 11 1 2.88 3
OPTIQ_Alltoallv msg = 8388608 chunk = 65536 2048 30220.0000 67769.6889  994 5649 5649 1940 9 1 5.68 6 10 1 2.91 3
OPTIQ_Alltoallv msg = 8388608 chunk = 65536 2048 27305.0000 75004.5779  1021 5756 5756 1945 9 1 5.64 6 10 1 2.96 3
OPTIQ_Alltoallv msg = 8388608 chunk = 65536 4096 114362.0000 35816.0928  932 5458 5458 1976 10 1 5.86 6 13 1 2.76 2
OPTIQ_Alltoallv msg = 8388608 chunk = 65536 4096 81434.0000 50298.4012  943 5546 5546 1995 10 1 5.88 6 13 1 2.78 2
OPTIQ_Alltoallv msg = 8388608 chunk = 65536 4096 85695.0000 47797.4211  922 5418 5418 1970 10 1 5.88 6 13 1 2.75 2
OPTIQ_Alltoallv msg = 8388608 chunk = 65536 4096 45580.0000 89863.9754  1395 8196 8196 2618 10 1 5.88 6 13 1 3.13 2
OPTIQ_Alltoallv msg = 8388608 chunk = 65536 4096 50622.0000 80913.4368  1395 8236 8236 2617 10 1 5.90 6 14 1 3.15 2
OPTIQ_Alltoallv msg = 8388608 chunk = 65536 4096 60014.0000 68250.7415  1384 8118 8118 2629 10 1 5.87 6 12 1 3.09 2
OPTIQ_Alltoallv msg = 8388608 chunk = 65536 4096 46136.0000 88780.9953  1810 10653 10653 3210 10 1 5.89 6 11 1 3.32 3
OPTIQ_Alltoallv msg = 8388608 chunk = 65536 4096 39141.0000 104647.3008  1848 10806 10806 3262 10 1 5.85 6 11 1 3.31 3
OPTIQ_Alltoallv msg = 8388608 chunk = 65536 4096 39874.0000 102723.5793  1811 10600 10600 3210 10 1 5.85 6 11 1 3.30 3
