655360 6
720896 7
786432 9
851968 14
917504 26
983040 6
1048576 44
1179648 86
1245184 52
1310720 1
1376256 114
1441792 91
1507328 3
1572864 2
1638400 110
1703936 164
1835008 9
1900544 10
1966080 5
2031616 3
2097152 258
2162688 2
2228224 3
2293760 4
2359296 24
2424832 27
2490368 9
2555904 10
2621440 12
2686976 4
2752512 156
2818048 318
2883584 19
2949120 2
3014656 12
3080192 13
3145728 7
3276800 12
3342336 55
3407872 27
3473408 10
3538944 13
3604480 15
3670016 6
3735552 10
3801088 18
3866624 3
3932160 8
3997696 12
4063232 9
4128768 22
4194304 618
4259840 15
4325376 3
4390912 4
4456448 13
4521984 16
4587520 3
4653056 2
4718592 5
4784128 12
4849664 23
4915200 29
4980736 12
5046272 24
5111808 7
5177344 3
5242880 12
5373952 8
5439488 11
5505024 7
5570560 92
5636096 66
5701632 4
5767168 2
5832704 22
5898240 43
5963776 7
6029312 5
6094848 7
6160384 9
6225920 9
6291456 80
6356992 5
6422528 7
6488064 3
6553600 6
6619136 7
6684672 15
6750208 5
6815744 9
6881280 5
6946816 30
7012352 74
7077888 12
7143424 7
7208960 6
7274496 7
7340032 8
7405568 1
7471104 10
7536640 12
7602176 15
7667712 19
7733248 17
7798784 3
7864320 2
7929856 3
7995392 5
8060928 4
8126464 4
8192000 6
8257536 1
8323072 8
8388608 1004
8454144 9
8519680 4
8585216 1
8650752 7
8716288 7
8781824 2
8847360 4
8912896 1
8978432 4
9043968 17
9109504 20
9175040 8
9240576 12
9306112 11
9371648 4
9437184 5
9502720 1
9568256 11
9633792 11
9699328 6
9764864 50
9830400 34
9895936 6
9961472 1
10027008 24
10092544 38
10158080 2
10223616 4
10354688 6
10420224 2
10485760 92
10551296 4
10616832 3
10682368 3
10747904 4
10813440 7
10878976 1
10944512 5
11010048 7
11075584 2
11141120 58
11206656 105
11272192 9
11337728 1
11403264 2
11468800 2
11534336 5
11599872 2
11665408 9
11730944 20
11796480 12
11862016 17
11927552 6
11993088 2
12058624 4
12124160 5
12189696 7
12255232 5
12320768 3
12386304 7
12451840 3
12517376 8
12582912 188
12648448 6
12713984 1
12779520 1
12845056 11
12910592 9
12976128 2
13041664 2
13107200 4
13172736 8
13238272 16
13303808 12
13369344 6
13434880 11
13500416 5
13565952 4
13631488 1
13697024 1
13762560 9
13828096 5
13893632 6
13959168 58
14024704 35
14090240 7
14155776 2
14221312 21
14286848 17
14352384 2
14417920 3
14548992 9
14614528 5
14680064 42
14745600 8
14811136 2
14876672 5
14942208 8
15007744 9
15073280 1
15138816 7
15204352 3
15269888 4
15335424 30
15400960 35
15466496 3
15532032 3
15597568 7
15663104 9
15728640 8
15794176 1
15859712 3
15925248 9
15990784 10
16056320 12
16121856 11
16187392 6
16252928 2
16318464 6
16384000 7
16449536 1
16515072 5
16580608 3
16646144 5
16777216 282
16842752 10
16973824 6
17039360 14
17104896 4
17170432 3
17235968 7
17301504 3
17367040 5
17432576 6
17498112 17
17563648 4
17629184 9
17694720 3
17760256 5
17825792 6
17891328 3
17956864 10
18022400 8
18087936 7
18153472 33
18219008 28
18284544 4
18350080 4
18415616 10
18481152 20
18546688 1
18612224 6
18677760 8
18743296 5
18808832 3
18874368 41
18939904 4
19070976 3
19136512 3
19202048 5
19267584 4
19333120 8
19398656 1
19464192 5
19529728 33
19595264 67
19660800 5
19726336 2
19791872 2
19857408 11
19922944 5
19988480 4
20054016 6
20119552 15
20185088 10
20250624 12
20316160 14
20381696 6
20447232 3
20512768 4
20578304 11
20643840 5
20709376 3
20774912 4
20840448 1
20905984 5
20971520 135
21037056 12
21168128 1
21233664 3
21299200 12
21364736 6
21430272 3
21495808 1
21561344 6
21626880 7
21692416 17
21757952 15
21823488 6
21889024 6
21954560 6
22020096 2
22085632 6
22151168 4
22216704 3
22282240 5
22347776 33
22413312 24
22478848 2
22544384 4
22609920 12
22675456 17
22740992 5
22806528 4
22872064 4
22937600 9
23003136 3
23068672 40
23134208 2
23199744 1
23265280 4
23330816 7
23396352 5
23461888 3
23527424 5
23592960 1
23658496 5
23724032 13
23789568 39
23855104 5
23920640 2
23986176 6
24051712 13
24117248 7
24182784 2
24248320 6
24313856 4
24379392 3
24444928 12
24510464 10
24576000 7
24641536 5
24707072 6
24772608 2
24838144 6
24903680 2
24969216 6
25034752 3
25100288 6
25165824 152
25231360 7
25296896 3
25362432 2
25427968 3
25493504 11
25559040 1
25624576 6
25690112 1
25755648 4
25821184 8
25886720 20
25952256 7
26017792 9
26083328 2
26148864 4
26214400 4
26279936 4
26345472 5
26411008 8
26476544 3
26542080 25
26607616 23
26673152 4
26738688 2
26804224 14
26869760 18
26935296 1
27000832 3
27066368 5
27131904 4
27197440 7
27262976 37
27328512 5
27394048 7
27459584 1
27525120 6
27590656 5
27656192 2
27721728 3
27787264 4
27852800 2
27918336 25
27983872 41
28049408 4
28114944 2
28180480 2
28246016 5
28311552 3
28442624 3
28508160 10
28573696 4
28639232 13
28704768 10
28770304 5
28835840 4
28901376 4
28966912 3
29032448 3
29097984 3
29163520 5
29229056 2
29294592 7
29360128 62
29425664 8
29491200 1
29556736 1
29622272 10
29687808 8
29753344 2
29884416 3
29949952 4
30015488 8
30081024 19
30146560 9
30212096 7
30343168 1
30474240 2
30539776 4
30605312 3
30670848 5
30736384 33
30801920 19
30867456 2
30998528 8
31064064 8
31129600 1
31195136 2
31260672 5
31326208 8
31391744 4
31457280 35
31522816 2
31588352 1
31653888 1
31719424 3
31784960 4
31850496 5
31916032 4
31981568 4
32047104 1
32112640 17
32178176 26
32309248 2
32374784 4
32440320 3
32505856 1
32571392 1
32636928 3
32702464 7
32768000 4
32833536 13
32899072 5
32964608 4
33030144 5
33095680 2
33161216 3
33226752 1
33292288 2
33357824 5
33423360 3
33488896 9
33554432 83
33619968 7
33685504 1
33751040 2
33816576 5
33882112 3
33947648 3
34078720 2
34144256 2
34209792 7
34275328 10
34340864 7
34406400 3
34471936 2
34537472 4
34668544 5
34734080 3
34799616 6
34865152 3
34930688 34
34996224 12
35061760 3
35192832 9
35258368 10
35520512 7
35586048 4
35651584 29
35782656 1
35913728 6
35979264 2
36044800 6
36110336 2
36175872 1
36241408 2
36306944 22
36372480 26
36438016 1
36503552 1
36634624 9
36831232 1
36896768 9
36962304 5
37027840 14
37093376 6
37158912 3
37224448 2
37289984 5
37355520 8
37421056 1
37486592 1
37552128 3
37617664 2
37683200 7
37748736 52
37814272 1
37945344 1
38010880 6
38076416 4
38141952 1
38273024 2
38404096 7
38469632 15
38535168 1
38600704 4
38731776 7
38797312 2
38928384 3
38993920 3
39059456 7
39124992 34
39190528 10
39256064 1
39321600 1
39387136 6
39452672 6
39518208 1
39714816 5
39780352 3
39845888 20
39976960 1
40042496 2
40108032 2
40173568 2
40239104 5
40304640 1
40370176 1
40435712 1
40501248 11
40566784 27
40632320 2
40697856 2
40763392 1
40828928 3
40894464 2
41025536 2
41091072 4
41156608 2
41222144 19
41287680 2
41353216 3
41484288 1
41549824 4
41615360 1
41746432 4
41877504 4
41943040 46
42008576 2
42205184 5
42270720 1
42401792 1
42598400 10
42663936 5
42729472 1
42795008 1
42860544 1
42926080 3
43188224 1
43253760 3
43319296 18
43384832 5
43581440 6
43646976 4
43843584 1
43909120 2
43974656 2
44040192 18
44564480 1
44695552 15
44761088 17
44826624 2
44957696 1
45023232 2
45219840 3
45285376 1
45416448 6
45481984 2
45547520 1
45678592 1
45744128 2
46071808 1
46137344 30
46333952 3
46399488 4
46792704 4
46858240 1
46923776 2
47054848 2
47316992 1
47382528 1
47448064 1
47513600 12
47579136 4
47775744 6
47841280 2
48234496 16
48496640 2
48824320 1
48889856 11
48955392 6
49152000 2
49217536 2
49610752 4
49676288 1
49872896 1
49938432 2
50266112 1
50331648 29
50593792 2
50987008 4
51052544 1
51642368 2
51707904 10
51773440 1
51970048 1
52428800 1
53084160 2
53149696 8
53346304 1
53608448 1
53673984 1
54525952 16
54788096 1
55246848 2
55836672 1
55902208 5
56623104 1
57278464 3
57344000 4
58720256 8
61538304 1
62914560 3
