0 19
68530 2
82236 3
82374 1
95942 4
109648 4
109832 1
123354 4
137060 2
137290 2
150766 4
164208 1
164472 2
178178 3
178477 1
191891 1
205935 1
219664 1
246321 1
246717 1
246720 1
247122 2
274130 3
274135 1
274580 1
287840 2
301543 3
302038 1
328960 2
328962 2
328964 1
329496 1
343230 1
356369 3
370080 2
370683 4
383782 1
383789 3
384419 2
410530 1
411195 1
411200 2
411204 3
411870 1
411876 1
438616 4
439336 3
452320 1
453057 1
479738 1
493440 2
493443 2
493446 2
494244 1
548270 3
548272 1
548275 1
549168 2
575687 2
575688 1
603097 1
615798 1
615800 1
616806 4
657924 1
657928 1
657930 1
671636 1
685340 3
686465 1
712751 1
740169 1
741375 1
752642 3
753874 1
755110 1
767584 1
768838 1
822408 1
822410 1
823750 1
823755 1
863527 1
863532 4
864945 1
877240 1
903174 1
904650 2
904651 3
906125 2
959476 1
961050 1
961051 1
985280 1
986888 1
988504 2
1041720 1
1055425 3
1055428 2
1057154 1
1067388 1
1069134 2
1070875 1
1070886 1
1096544 1
1096548 1
1096550 1
1098340 1
1110249 4
1151376 3
1153250 1
1153260 1
1206200 2
1206205 4
1208174 1
1233612 1
1233615 1
1233618 1
1235637 2
1245283 1
1247323 3
1249365 1
1315856 1
1315860 5
1318008 1
1343272 2
1354761 1
1356971 1
1356975 2
1359198 1
1370680 1
1372930 2
1398096 1
1436869 1
1439220 1
1439221 5
1441573 1
1477926 1
1480332 1
1480338 1
1482759 1
1482762 1
1507748 3
1507750 1
1510220 2
1535168 1
1535170 3
1537676 1
1562580 3
1576290 1
1578870 1
1589996 1
1603693 1
1603701 1
1631112 2
1644816 1
1644822 3
1644824 1
1647510 1
1647516 1
1658525 1
1727061 1
1727064 3
1729890 1
1757348 1
1781890 3
1784810 1
1806348 1
1806354 1
1823010 1
1850427 1
1853451 1
1867184 1
1891548 3
1894644 2
1918959 7
1918960 4
1922100 1
1960075 1
1970568 1
1973790 5
1977016 1
1990745 1
2014908 3
2018205 1
2056026 1
2056030 3
2059392 1
2080040 1
2083440 4
2093724 1
2110856 2
2110857 2
2134776 1
2138268 5
2196680 1
2196685 1
2206806 2
2220507 2
2224143 1
2247924 1
2257945 1
2261633 1
2265335 1
2302752 2
2302755 3
2306520 1
2330160 2
2330165 1
2398697 2
2398700 2
2412408 1
2412410 1
2416352 1
2467230 1
2467233 1
2467235 1
2471268 1
2494646 4
2526192 1
2535770 1
2549478 1
2586367 1
2590595 1
2590596 1
2631720 2
2672840 1
2686544 2
2709531 1
2713956 1
2718402 1
2741368 2
2741370 1
2745856 1
2782493 2
2796192 1
2809905 1
2837322 1
2841966 1
2851024 2
2864730 3
2869416 1
2878440 2
2878442 1
2960682 1
2960685 1
2965524 1
2965527 1
2965530 1
2974391 2
3015507 3
3015510 1
3042924 1
3047904 1
3070336 1
3070340 2
3080400 1
3084039 1
3084045 2
3125160 1
3152580 1
3166282 1
3166284 2
3171469 1
3179992 1
3207402 4
3207408 1
3212658 1
3256911 1
3284280 1
3289650 3
3295030 2
3330765 1
3358180 1
3391128 2
3393752 1
3399304 2
3404864 2
3432320 1
3454128 3
3454129 2
3550078 1
3557970 1
3569620 1
3571650 1
3577491 1
3583341 1
3618615 2
3626395 1
3646027 2
3706911 1
3734368 1
3740488 1
3769381 1
3769390 2
3783096 1
3824217 3
3830472 1
3837920 1
3837925 4
3844200 1
3844205 1
3865338 1
3900085 1
3920158 1
3926582 1
3933867 1
3940307 1
3947576 3
3947580 5
3954036 1
3954040 1
3968505 1
3974990 1
3981495 1
4029816 3
4036410 3
4036416 2
4043525 1
4057232 1
4064291 1
4070935 3
4077603 1
4112052 2
4112058 1
4112060 3
4118784 1
4118790 1
4119038 1
4166888 3
4180595 3
4194297 3
4194300 3
4201164 2
4221712 1
4221714 1
4228620 1
4242195 1
4249130 2
4269564 1
4276536 1
4276542 1
4276544 2
4317660 1
4324726 3
4365918 1
4386200 3
4393370 1
4441023 4
4441026 1
4448292 1
4454723 1
4454730 1
4462025 1
4495848 4
4523260 1
4523268 2
4564386 2
4591800 1
4597992 1
4605504 2
4605510 1
4613040 1
4613042 1
4632914 2
4660330 1
4660335 1
4660336 1
4674043 2
4681688 1
4687749 4
4695417 1
4695420 1
4701452 2
4722880 1
4769988 2
4777788 1
4777794 2
4797400 2
4797401 1
4824820 4
4852230 2
4893350 1
4934470 2
4934472 4
4934475 1
4942548 2
4942550 1
4989292 1
4989296 1
4989299 1
5003005 1
5016714 1
5044128 1
5057829 1
5071540 3
5079840 1
5085248 1
5098956 2
5126363 2
5140065 2
5140075 1
5153784 2
5172741 1
5172744 1
5181192 2
5181197 4
5181198 1
5217130 1
5254848 1
5263440 2
5277140 2
5277146 2
5313240 1
5345676 1
5345680 4
5373088 1
5373095 1
5419068 1
5427918 3
5436804 1
5469037 2
5482744 3
5482750 2
5500720 1
5510160 5
5537576 1
5551281 1
5560362 1
5564986 1
5569597 1
5578694 1
5592400 1
5592402 1
5619810 3
5651702 1
5660935 1
5674644 2
5683932 1
5688350 1
5697660 2
5702056 3
5702060 2
5711381 1
5729471 1
5747490 1
5756880 3
5756884 1
5756885 1
5756886 3
5766300 2
5811712 1
5825420 1
5839128 1
5852833 2
5880238 1
5889873 1
5893950 1
5893955 1
5903600 1
5921368 3
5921370 2
5931054 1
5939073 1
5948782 1
5958519 1
5972245 2
5993814 1
6003606 2
6013434 2
6031020 1
6031024 3
6031025 3
6040890 1
6040895 1
6044724 1
6044731 1
6058429 1
6068348 1
6075924 1
6085848 2
6099555 1
6109540 1
6140680 1
6150728 1
6168090 2
6178185 1
6178188 1
6181791 1
6236622 2
6236625 2
6246835 1
6250328 1
6260560 1
6281190 2
6291450 1
6294870 1
6315480 2
6332564 1
6332571 2
6342936 1
6359984 1
6370392 2
6384125 1
6414813 2
6414816 1
6425316 1
6428520 2
6480232 1
6524469 3
6548877 2
6579296 1
6579300 5
6590060 1
6593002 1
6631254 1
6661536 1
6661539 1
6688952 1
6699896 1
6716360 3
6727357 2
6727360 1
6743772 1
6754818 1
6771193 1
6784899 2
6784900 1
6784902 1
6798608 4
6801200 1
6809736 1
6812316 1
6823460 2
6826020 1
6908264 2
6908265 4
6919566 2
6921970 1
6935676 1
6960759 1
6990500 1
6990504 2
6990505 1
6992783 1
7004207 2
7017920 2
7031619 1
7072740 1
7100156 1
7127570 1
7127575 1
7139240 1
7154982 2
7184366 1
7196105 4
7225416 1
7237224 1
7237230 3
7252790 2
7264640 2
7266474 2
7278345 1
7292054 1
7303989 1
7358904 1
7358908 1
7388003 4
7400096 1
7401708 3
7401710 1
7413820 1
7413822 1
7413825 1
7456536 1
7458060 1
7468744 1
7483944 1
7483950 2
7483952 2
7496202 2
7525071 1
7538773 2
7551115 2
7566192 2
7579901 3
7590996 1
7592305 1
7607315 3
7621020 1
7663327 1
7675848 4
7688408 1
7689550 1
7730676 4
7743324 1
7743330 1
7744380 2
7771792 1
7771797 1
7785504 1
7812918 1
7840327 2
7840332 1
7867741 2
7880614 1
7880621 1
7881450 1
7895160 3
7949980 1
7949985 2
7963690 1
7964388 2
7976724 1
7977396 3
7978069 1
7991104 1
8004808 2
8005437 1
8018517 1
8018520 1
8031645 1
8059632 2
8059639 1
8087050 2
8087055 3
8114464 1
8127744 1
8141880 1
8155202 1
8155206 1
8155588 1
8224120 1
8224122 3
8251537 2
8265040 1
8265240 3
8292658 1
8306232 1
8319960 1
8347416 1
8347486 2
8361190 1
8374870 1
8374875 1
8388606 1
8402336 1
8402337 1
8443432 2
8443435 2
8457251 1
8470848 5
8484395 1
8484708 1
8498260 3
8511966 1
8512170 1
8539377 1
8553088 1
8553090 1
8553356 1
8567088 3
8594201 2
8635326 1
8635329 2
8635330 2
8649459 1
8649460 1
8676920 1
8717568 1
8718110 1
8731275 3
8731836 4
8744978 1
8758692 1
8772400 2
8799810 2
8827224 2
8840930 2
8855400 1
8882052 2
8882055 3
8896590 1
8909460 2
8923173 1
9004408 1
9005409 1
9006424 1
9019122 1
9046530 1
9046535 2
9046536 1
9061338 1
9061340 2
9100196 1
9116260 1
9129988 1
9143712 1
9168620 1
9183600 1
9183605 1
9195991 1
9211016 1
9211020 3
9226091 1
9252135 1
9265841 1
9306962 3
9320670 1
9320675 4
9335928 2
9348086 1
9360207 1
9375492 2
9375498 1
9389205 1
9402911 1
9430328 1
9444032 1
9457740 3
9485156 1
9498863 3
9514407 1
9539976 1
9539982 3
9539984 1
9594810 1
9606528 1
9610510 1
9622223 1
9622224 3
9637966 1
9637974 1
9663345 1
9665425 1
9690758 1
9704466 1
9706620 1
9745587 2
9747805 1
9759288 1
9775264 1
9784423 1
9800406 1
9800415 1
9868944 1
9868948 1
9868950 1
9882656 1
9885096 2
9885102 1
9967474 1
9978600 1
9994936 1
10006010 1
10006015 1
10008666 1
10022390 1
10033428 2
10074547 1
10074550 2
10088256 2
10091039 1
10104768 1
10115667 2
10115670 1
10132227 2
10132230 2
10143080 4
10143085 1
10197912 5
10211620 2
10252737 1
10266445 2
10280150 2
10280154 2
10280155 1
10307568 2
10348690 1
10362396 2
10379352 1
10434270 1
10444638 1
10458343 1
10475458 1
10485756 3
10526880 3
10544106 1
10554290 2
10554291 1
10554292 1
10571568 2
10591812 1
10609119 1
10650241 1
10691352 1
10691360 1
10705068 1
10708860 3
10726416 1
10732482 1
10746184 1
10828430 3
10838136 1
10842132 1
10855840 1
10855845 1
10873608 1
10896965 1
10938081 2
10938084 1
10955988 1
10965496 2
10965500 1
10979199 2
10997172 1
11006611 1
11020320 1
11024629 1
11034030 2
11034035 1
11038362 1
11075152 1
11084450 1
11093280 1
11102560 1
11102568 1
11120736 1
11129979 1
11157388 1
11171100 1
11184808 3
11203112 1
11203116 1
11225928 1
11239630 1
11267046 2
11294464 2
11308170 2
11326678 1
11340406 1
11349288 2
11358140 1
11358145 1
11367864 1
11376700 2
11376705 1
11404120 3
11417826 2
11431530 2
11445240 1
11450238 1
11453931 1
11463970 1
11472651 1
11491425 1
11513768 2
11513770 2
11513772 1
11513775 4
11532612 1
11532619 1
11596014 2
11609717 1
11623424 1
11628722 1
11650840 2
11678256 4
11697360 1
11719377 1
11724818 1
11741310 1
11760489 1
11760496 1
11779746 1
11787910 2
11801615 1
11842740 8
11862117 1
11862120 2
11917038 1
11924976 2
11924980 2
11971952 1
11993513 1
12007218 1
12013141 1
12062048 2
12069738 1
12081792 2
12089457 2
12089460 2
12089462 2
12097111 1
12109248 2
12130585 1
12171704 2
12199110 1
12199115 1
12212816 1
12212820 2
12233952 1
12253944 1
12267650 2
12281360 3
12295062 1
12316059 1
12336180 1
12336183 5
12336186 1
12356376 1
12363593 1
12391008 2
12397560 1
12418428 1
12473251 3
12473253 1
12473255 1
12479940 1
12480276 1
12493663 1
12500670 2
12521128 1
12541785 1
12582909 1
12610320 1
12665148 1
12665149 1
12672140 1
12685876 2
12699610 1
12706272 2
12747390 1
12761098 2
12768252 1
12774808 1
12808701 1
12808704 2
12815924 3
12829632 6
12829635 2
12836901 1
12850632 2
12857047 1
12884460 3
12905550 1
12918176 1
12952989 2
12952995 1
12952996 1
12960464 1
12994116 3
13021530 1
13029107 1
13042840 2
13048944 1
13076352 1
13090065 1
13117478 3
13158600 2
13180136 1
13199715 3
13219241 1
13240842 2
13248780 1
13262508 1
13268248 1
13268255 3
13295660 2
13323072 1
13323078 1
13344885 1
13377904 1
13399800 1
13419021 2
13432730 1
13454720 4
13509636 1
13509640 1
13528683 1
13569798 1
13569800 3
13569804 2
13652040 1
13652046 1
13670829 1
13674390 3
13693167 1
13706870 2
13720575 1
13729300 1
13734288 2
13775410 1
13816524 2
13816530 3
13843940 1
13871352 2
13898772 3
13912472 1
13912475 2
13917150 1
13926184 2
13939884 2
13948976 1
13962699 1
13981008 1
13981010 1
14003892 1
14031353 1
14049545 2
14063247 1
14063250 1
14072540 1
14086269 2
14104370 1
14118080 1
14145488 1
14145492 1
14196105 1
14204526 1
14227734 1
14251020 1
14255144 2
14255150 2
14309976 3
14319669 1
14333388 1
14333391 2
14388312 1
14392210 1
14392218 4
14411896 1
14433336 1
14456962 1
14460750 1
14474456 2
14474460 1
14484420 1
14488166 2
14498148 1
14529285 1
14553060 1
14556699 1
14580522 1
14584112 1
14584115 3
14597820 3
14607985 1
14625226 1
14649173 1
14662896 1
14662902 1
14680062 2
14680064 3
14690360 2
14693768 1
14745276 2
14759005 1
14776006 1
14800192 1
14803420 3
14803422 1
14803424 1
14803425 3
14885664 1
14896294 1
14896300 1
14913080 2
14926779 1
14926780 1
14937488 1
14964940 1
14992404 1
15022728 1
15025596 1
15039276 1
15050142 1
15063853 2
15074775 1
15077560 1
15132384 3
15132388 1
15132390 1
15146092 1
15157152 1
15214630 3
15242040 1
15255751 1
15296868 1
15321906 1
15351696 1
15351700 2
15376820 1
15376824 2
15379111 1
15404280 1
15420231 2
15420235 1
15445470 1
15447649 1
15461352 3
15488760 2
15488765 1
15529888 1
15543591 1
15555298 1
15557300 1
15582765 1
15639540 1
15680664 1
15680665 1
15692598 1
15706328 2
15708078 1
15788700 1
15790320 5
15831431 2
15831440 1
15857352 1
15872562 1
15884804 1
15899968 2
15899970 2
15899975 1
15925990 1
15925992 1
15927387 2
15939720 2
15968510 1
16008366 1
16009624 5
16023336 2
16035832 1
16037040 2
16049558 1
16119280 2
16119282 1
16119285 2
16132985 1
16145664 3
16160400 1
16174110 1
16201524 1
16215234 1
16228936 1
16241771 1
16255496 1
16257204 1
16269230 1
16311180 1
16337870 1
16337875 1
16338592 1
16366008 1
16379715 2
16406520 1
16448244 1
16448248 1
16448250 2
16475160 1
16475166 1
16475170 1
16476152 1
16502172 1
16516785 1
16530489 1
16530492 1
16530888 1
16557543 1
16557904 1
16585310 2
16585316 1
16612728 2
16626190 1
16653852 3
16667560 4
16694970 1
16736093 1
16749798 1
16777212 5
16777215 3
16777216 2
16790920 1
16790921 1
16804672 3
16804674 1
16859454 1
16859455 1
16886870 6
16900569 1
16914506 2
16928235 2
16996520 1
17023932 1
17023938 1
17051802 1
17078274 1
17078761 1
17106180 2
17133590 1
17134176 2
17147295 1
17161630 1
17174065 1
17174710 2
17175357 1
17215832 2
17242485 1
17242488 1
17270658 4
17270660 1
17298920 1
17298924 1
17298925 1
17310910 1
17325488 2
17339195 2
17352900 1
17353840 2
17394021 2
17435142 2
17435144 1
17462557 2
17463680 1
17489967 1
17517384 5
17518589 1
17544800 2
17546052 1
17558506 1
17599620 2
17599626 1
17613335 1
17640744 1
17681860 1
17764104 2
17764110 1
17779455 1
17793180 1
17818930 1
17846346 1
17846352 2
17848100 2
17873760 1
17875550 1
17875560 1
17887464 1
17887470 1
17913027 1
17942295 1
17942298 1
17956000 1
17956005 1
17957934 1
17971660 1
17983416 1
17985395 1
18010827 3
18010830 3
18024540 1
18038244 1
18054040 1
18093070 3
18093072 3
18093075 2
18122688 1
18134190 2
18152392 1
18175314 2
18202728 2
18230142 2
18232520 1
18257556 1
18268815 1
18312384 1
18326091 1
18339798 1
18369810 1
18422040 5
18452184 1
18452190 1
18504279 2
18534560 1
18534565 2
18586518 1
18613924 1
18616938 1
18641344 1
18641350 3
18644402 1
18668760 2
18671856 1
18671860 2
18699318 1
18726774 1
18751000 3
18751005 1
18778410 1
18805822 1
18805829 2
18809150 1
18833244 1
18846950 1
18860656 2
18864066 1
18891528 1
18901778 1
18915480 1
18915486 1
18997726 1
18997727 1
18997728 1
19021470 1
19079968 3
19079970 1
19093676 1
19111188 1
19121085 3
19189620 1
19189624 1
19189625 1
19244448 1
19285574 1
19299280 1
19326690 3
19367811 1
19381516 1
19395225 1
19408932 2
19450046 1
19463760 1
19477465 2
19491174 3
19518584 1
19523076 1
19532295 2
19564265 1
19573414 1
19573416 2
19600823 2
19600828 1
19600830 1
19614537 3
19646640 1
19669363 1
19669365 1
19733070 1
19737896 1
19737900 6
19765312 1
19779019 2
19820142 1
19847552 2
19852578 1
19861263 1
19893762 1
19893769 1
19934952 1
19952019 1
19957208 3
19984617 1
19984620 1
19989872 3
20012030 2
20012035 1
20020440 1
20020441 1
20044790 1
20047815 1
20053159 1
20066862 2
20066864 1
20080570 1
20099704 1
20099708 2
20116236 2
20149100 1
20149101 3
20149104 1
20149105 1
20170975 1
20176520 2
20182080 2
20203931 1
20217640 1
20236997 1
20264460 1
20286170 1
20286175 1
20286176 2
20313588 1
20340999 1
20354708 1
20395824 1
20423240 3
20429208 1
20436948 2
20472032 1
20491775 1
20505480 1
20505485 1
20511585 1
20511588 1
20526768 1
20560310 2
20601432 1
20615136 1
20628846 1
20635146 1
20642550 1
20648880 1
20656251 1
20690065 1
20724792 1
20807028 1
20807034 1
20820744 3
20834448 3
20834450 2
20841084 2
20868550 1
20923464 1
20944104 1
20957805 1
20971512 2
20971518 1
20971520 1
20978356 1
21026343 1
21033300 1
21053760 1
21060754 1
21088216 1
21088218 1
21094875 1
21108580 4
21108582 1
21129399 1
21136002 2
21143130 1
21143135 1
21163416 1
21204534 1
21218238 1
21239239 3
21245650 2
21252960 2
21306789 1
21335346 1
21341601 1
21382720 2
21382725 2
21417720 1
21451260 3
21464964 2
21519790 1
21527552 1
21547206 1
21553110 1
21555010 1
21588325 1
21623661 2
21629448 1
21656860 2
21676266 1
21684271 1
21711690 2
21780220 2
21793930 2
21815871 1
21829596 1
21829600 1
21835053 2
21876168 2
21876169 1
21895220 1
21898239 1
21911976 1
21931000 1
21958407 1
21958410 1
21966888 1
21966890 1
21972118 1
21994350 1
21999535 1
22040656 1
22049269 1
22068070 2
22076728 1
22081770 1
22117914 1
22122894 1
22150304 2
22164016 1
22205136 5
22222928 1
22241472 1
22241480 2
22296393 1
22305760 1
22314787 2
22319444 1
22328496 2
22342205 1
22355914 1
22365036 1
22369616 3
22369620 3
22392503 1
22406232 1
22410740 2
22442600 1
22451856 2
22451858 1
22451862 1
22465564 2
22488606 1
22534092 2
22534098 1
22570980 1
22584710 1
22588928 1
22606815 1
22616345 1
22698585 2
22739703 1
22753412 1
22767118 2
22780824 3
22808240 1
22821945 1
22863060 1
22890480 2
22900482 1
22917896 2
22927945 1
22945302 2
22945308 1
22948926 1
23027544 1
23027550 2
23065230 1
23065232 1
23065236 2
23068665 1
23068672 1
23123499 2
23137200 1
23164620 1
23192028 2
23219434 1
23219441 1
23246856 1
23263670 1
23315390 1
23315391 1
23318408 1
23356512 4
23381007 1
23394738 1
23408470 1
23411339 3
23438750 1
23466168 3
23520996 1
23545760 1
23559492 1
23575820 1
23575824 2
23600682 1
23614410 1
23641866 2
23641870 1
23671769 1
23685480 2
23699186 1
23712890 1
23724240 1
23724243 1
23737974 1
23795135 1
23820350 1
23822546 1
23849958 1
23849960 2
23888994 1
23888995 1
23891084 1
23904784 1
23932197 1
23932200 1
23973323 1
23987026 1
24014436 2
24053744 1
24053748 1
24055565 1
24094928 1
24124096 3
24124100 1
24163580 1
24163584 1
24178920 1
24178923 2
24218496 3
24233752 2
24261168 1
24274873 2
24302286 1
24314598 1
24329700 1
24343408 1
24343410 1
24383244 1
24398230 1
24398235 1
24425649 1
24425652 1
24438168 1
24465628 1
24466771 1
24562720 2
24575460 1
24576420 2
24590124 1
24602921 1
24672370 2
24672372 1
24672376 2
24712749 1
24712752 2
24754614 1
24767666 1
24782024 1
24782028 1
24795132 1
24809440 1
24836856 4
24850560 1
24877974 1
24891237 1
24919092 1
24946506 1
24946509 3
24959880 1
24960552 1
24987340 1
25001340 2
25028751 1
25042256 1
25042660 1
25083582 2
25138407 2
25165824 4
25179528 2
25220648 1
25220650 1
25234356 1
25289181 2
25330304 1
25330305 1
25357720 2
25371762 1
25426250 1
25426254 1
25454136 1
25481082 1
25494780 1
25494786 1
25522196 2
25535907 1
25536504 1
25577028 2
25590040 1
25618890 1
25631850 4
25631855 1
25659264 2
25659270 1
25660075 1
25673802 1
25741512 3
25782625 1
25810043 2
25823754 1
25878576 1
25879737 1
25905987 1
25905995 1
25920936 1
25948386 1
25974525 2
25988232 1
26043060 2
26070474 2
26071956 2
26097888 1
26097890 1
26111595 2
26113146 1
26180130 1
26195520 2
26234958 2
26250432 1
26276076 2
26277894 1
26291625 1
26317200 3
26342690 1
26360270 1
26385730 1
26399442 1
26426856 1
26428920 1
26442648 1
26454270 2
26481679 1
26481684 1
26522802 2
26536504 2
26547960 1
26550212 2
26566209 1
26591330 1
26591335 1
26621126 2
26646156 1
26646164 1
26646165 1
26673577 1
26687287 2
26689776 2
26700992 1
26717222 1
26717229 1
26728400 3
26730957 2
26769526 1
26810646 2
26813340 1
26821650 1
26838053 1
26865468 1
26892882 2
26906594 1
26975130 2
27002540 2
27019280 1
27057372 1
27084784 1
27139607 2
27139610 1
27139614 1
27184030 1
27194440 1
27245867 1
27249264 1
27249268 1
27262971 1
27266406 1
27304092 1
27307593 1
27345213 1
27345215 1
27348780 1
27386334 2
27389971 1
27413744 1
27441161 1
27441162 1
27458615 1
27458616 1
27482285 1
27523400 2
27568448 1
27582177 1
27591938 1
27595908 1
27619345 2
27633060 2
27678276 1
27687880 2
27687885 2
27715302 1
27729009 1
27742712 1
27742715 2
27756420 1
27797544 1
27824950 1
27870495 1
27879777 1
27879780 1
27893490 1
27920900 2
27962020 2
27962022 1
27975727 2
28003140 1
28007784 1
28016842 1
28016849 2
28016852 1
28030560 1
28062706 1
28071680 1
28099090 3
28107989 1
28112798 2
28126503 1
28126506 1
28172532 1
28195035 1
28208748 1
28213730 1
28236160 2
28249866 1
28290984 1
28299568 1
28326942 1
28332109 1
28337292 1
28373230 2
28373232 2
28400640 2
28400645 2
28419666 1
28419670 1
28447128 1
28455472 1
28496592 2
28502040 1
28510296 1
28573263 1
28619952 4
28647366 1
28647370 1
28666792 1
28702194 1
28729608 1
28743318 1
28776632 2
28784430 1
28784434 3
28784436 1
28798143 1
28866669 1
28866678 1
28880383 1
28886464 1
28894092 1
28900195 1
28913922 1
28942749 1
28948920 2
28976332 1
28990035 2
29037483 1
29058575 1
29058576 3
29072281 2
29148010 1
29168224 1
29168230 1
29195640 1
29215970 1
29243420 1
29243424 1
29243425 1
29264179 2
29277876 1
29277882 1
29312073 1
29332710 2
29360124 2
29360128 3
29408176 1
29408178 1
29456070 1
29469780 3
29483487 3
29490552 1
29497192 1
29504279 1
29524608 1
29538315 1
29552012 1
29552017 3
29606850 4
29647968 2
29655300 1
29655304 1
29675385 1
29702794 1
29743920 1
29771328 1
29778867 1
29792595 2
29812450 1
29820048 1
29929890 1
29935815 1
29976930 1
29984808 1
30031764 2
30067182 1
30105928 1
30155125 2
30182538 1
30264776 2
30264780 3
30305902 1
30314304 1
30319604 2
30341770 1
30347019 3
30347022 2
30369227 1
30374432 2
30415553 1
30429260 1
30429264 1
30456668 2
30484088 1
30497795 1
30511502 1
30566330 1
30593742 1
30593745 1
30607451 1
30634865 1
30643812 1
30648566 1
30657543 1
30675984 1
30703400 4
30753648 1
30758228 1
30771935 1
30840468 1
30840470 1
30908999 1
30922704 1
30922710 2
30963825 1
31046070 1
31087194 1
31096885 1
31142016 1
31142020 1
31165530 1
31251672 2
31261635 1
31279087 2
31282794 1
31302820 1
31333914 1
31361328 2
31361330 1
31375036 1
31388745 1
31412654 1
31412656 2
31416156 1
31470978 1
31470984 1
31498398 2
31508760 1
31522484 1
31577410 2
31580640 4
31662873 1
31662880 1
31662882 2
31717699 1
31748070 1
31755888 1
31758825 1
31797080 1
31802813 1
31827360 1
31849200 1
31851992 1
31854774 1
31909602 1
31937020 4
31950720 1
31961832 1
31994396 1
32003020 1
32016743 1
32046672 1
32074080 1
32074085 1
32156328 1
32197446 1
32211150 1
32238570 2
32265981 2
32268087 1
32291334 1
32320812 1
32348224 1
32416758 1
32457880 1
32485290 1
32512708 1
32553830 1
32567535 4
32620836 1
32622359 1
32622360 4
32649774 1
32677184 2
32718312 1
32744394 1
32759430 1
32771860 1
32785590 2
32813040 1
32869078 1
32896496 1
32896500 2
32910206 1
32922879 1
32924940 1
32991525 2
33033570 1
33060174 1
33060176 1
33060978 3
33060984 1
33102104 1
33115086 1
33115808 1
33170008 1
33170632 1
33171264 1
33224925 1
33225462 2
33253371 1
33279840 1
33280292 1
33293995 1
33307704 1
33321405 1
33321409 1
33417582 1
33431067 1
33444770 1
33444775 1
33444776 1
33472188 1
33485893 1
33499512 1
33554424 1
33554432 14
33581842 1
33622963 1
33636800 1
33664080 2
33718910 1
33718914 1
33732909 1
33773736 1
33773740 1
33801147 3
33829012 1
33855980 3
33856476 1
33869169 1
33869689 2
33883392 1
33924510 1
33924515 1
33925122 1
33965634 1
33965638 1
33978646 1
33993048 2
33993050 1
33994488 1
34034169 1
34047873 1
34048680 1
34158520 1
34185978 1
34185980 1
34198655 2
34212360 1
34335720 1
34350723 1
34376844 1
34402866 1
34417962 1
34431672 1
34433102 1
34445376 1
34446828 1
34471294 1
34474293 1
34488024 1
34527614 3
34541320 1
34541325 1
34584121 1
34597856 1
34650976 1
34678390 1
34678391 1
34746930 2
34788042 1
34790063 1
34803795 1
34815460 1
34829168 2
34868145 1
34927356 1
34952530 1
34979945 1
35009730 1
35034768 2
35059728 1
35078379 1
35089600 1
35117012 1
35130722 2
35160749 1
35199256 2
35215675 1
35226670 1
35256864 1
35281488 3
35284320 1
35306040 1
35308910 2
35339238 1
35404857 1
35404859 1
35418560 1
35421612 2
35432265 1
35462799 1
35476528 1
35528220 1
35558908 1
35558910 1
35583042 1
35596750 1
35637870 2
35637872 4
35641287 1
35668740 1
35706410 1
35747528 1
35847224 2
35857184 1
35884596 4
35915868 1
35939424 2
35966840 1
36035373 1
36049080 2
36076495 1
36076496 1
36103908 1
36117615 1
36186150 2
36204183 1
36245374 1
36245376 1
36268393 1
36295800 1
36323220 1
36327750 1
36355208 1
36364335 2
36391752 1
36432870 1
36451315 1
36460280 1
36460284 1
36487693 1
36515112 2
36547412 1
36597354 2
36624768 2
36638470 2
36638478 2
36657250 1
36657252 1
36679596 1
36712172 1
36734420 1
36734424 1
36761838 1
36794544 1
36822006 1
36871490 1
36879766 3
36904376 1
36931840 1
36940029 1
37000480 1
37008560 2
37008564 1
37069128 1
37069134 1
37090800 2
37096591 2
37131921 1
37145630 1
37173036 1
37227862 1
37227869 1
37233880 1
37241578 2
37282700 2
37302529 1
37323818 1
37378647 1
37392355 1
37481010 2
37502010 2
37543132 3
37611664 1
37611665 1
37625373 3
37659492 1
37666494 1
37693900 1
37830970 1
37844675 2
37872090 2
37892890 1
37899505 2
37899510 1
37940632 1
37954332 3
37961539 1
37968040 1
37995452 1
38050280 2
38091403 1
38098830 1
38140020 1
38159936 1
38159940 1
38173645 1
38222392 1
38242180 1
38242182 1
38324424 1
38332224 1
38365542 1
38379248 1
38379250 1
38387148 1
38406666 1
38428335 2
38488902 2
38488904 1
38488905 1
38551896 1
38571148 2
38653380 2
38653385 1
38708216 1
38716650 1
38749337 1
38790450 1
38799024 1
38799027 1
38817864 2
38858985 4
38858988 1
38900103 1
38900112 2
38982354 1
38991230 1
39018686 1
39037176 2
39064590 1
39082974 1
39105711 2
39146832 1
39146835 1
39201656 2
39201657 2
39201660 2
39210904 1
39229074 1
39242784 3
39247188 1
39256488 2
39293280 1
39338730 3
39338733 1
39366144 1
39375654 1
39393558 1
39407265 1
39411396 1
39434675 1
39458034 1
39475800 2
39503211 1
39530624 1
39540408 1
39544335 1
39585456 1
39640284 1
39653988 1
39695112 1
39787538 2
39804756 1
39849306 1
39887000 1
39904044 1
39914416 1
39914420 1
40024072 1
40092606 1
40133728 1
40150368 1
40199416 1
40202260 1
40215969 2
40215972 1
40243384 1
40281786 1
40298208 1
40298209 2
40405356 1
40432815 2
40435280 1
40448980 1
40462695 2
40501460 1
40558639 1
40625024 1
40627171 1
40638750 2
40638752 1
40709416 1
40709421 1
40725108 1
40777954 1
40791660 2
40846480 1
40858424 1
40873903 1
40901312 1
40956138 1
40956144 1
40968256 1
40983550 1
41010968 1
41010970 1
41105550 1
41120620 1
41161747 1
41187920 1
41202864 1
41257690 1
41257692 1
41257695 1
41272496 1
41326227 1
41352672 1
41353641 2
41394760 3
41449590 2
41463290 1
41572953 1
41599805 1
41599806 2
41640993 1
41682180 1
41696304 1
41696316 1
41764844 1
41805743 1
41833379 2
41860794 1
41888208 2
41943033 2
41943036 1
41943040 44
41984085 1
42025277 1
42107520 1
42121226 1
42176436 1
42190162 1
42217175 1
42272004 2
42286272 1
42354246 1
42436480 1
42436482 1
42436485 2
42478475 1
42491310 1
42505015 1
42505938 1
42518718 1
42546136 1
42587259 1
42600966 1
42628380 1
42670691 1
42670692 1
42683211 1
42696913 2
42739334 1
42753069 1
42765444 1
42765448 1
42765450 1
42792862 2
42805160 1
42806565 1
42832530 1
42847692 1
42929928 3
42984760 2
43000188 1
43000191 1
43121819 1
43123752 1
43164948 1
43176650 2
43247320 2
43258896 1
43272600 1
43272603 1
43300017 1
43313720 2
43329696 1
43341138 1
43368549 2
43384616 1
43423376 1
43423380 2
43464498 1
43533032 1
43546743 1
43587860 1
43642688 2
43659200 1
43670106 1
43724930 1
43727845 1
43752344 3
43793460 1
43834583 1
43862000 1
43875700 1
43916823 1
43944243 2
43947519 1
43971656 1
44040192 1
44081304 2
44081312 1
44105193 1
44136134 2
44153454 1
44163552 1
44190960 2
44190965 1
44200980 1
44235828 1
44245794 2
44263284 1
44273200 1
44300616 1
44369156 1
44410272 3
44519928 1
44547334 1
44574756 1
44656998 1
44684410 1
44725525 1
44739240 1
44780362 1
44785006 1
44821480 1
44821482 2
44903718 1
44903724 2
44953632 1
44958552 3
44977212 1
45032130 1
45068196 1
45068200 1
45095620 1
45150444 2
45169420 1
45177856 1
45224343 1
45232680 2
45232682 1
45260098 1
45323109 1
45334172 1
45369750 1
45383464 1
45389094 1
45397170 1
45479412 1
45479413 2
45506824 1
45561648 1
45718596 1
45726132 1
45767253 2
45780960 1
45842157 1
45863202 1
45918030 1
45965724 1
45993180 1
46013976 1
46034373 2
46055100 1
46137342 1
46164752 1
46212849 1
46219584 1
46260702 2
46274408 1
46288110 1
46405060 1
46493720 1
46630787 1
46630791 1
46679648 1
46713024 1
46789476 1
46822680 1
46877510 2
46891218 1
46899314 1
46932336 1
46954230 1
46954236 1
46959756 1
46965252 1
47041995 1
47074730 1
47118981 1
47151650 1
47206474 1
47220186 1
47228820 1
47261304 1
47288718 1
47302423 2
47370960 2
47398364 3
47416842 1
47425790 2
47448492 1
47494315 2
47494321 1
47494323 1
47558320 1
47562850 2
47617686 1
47864400 1
47887824 2
47946646 1
47946648 1
47974060 1
47987766 2
48028888 1
48111129 1
48138544 1
48193368 1
48234492 1
48244791 1
48248200 3
48261906 1
48357852 1
48357855 2
48398977 1
48440094 1
48467510 1
48601752 1
48604581 1
48645702 1
48727935 1
48741644 1
48766504 1
48769062 2
48837593 1
48848880 1
48876336 1
48933542 1
48974661 2
49002074 1
49015782 2
49015784 1
49096008 1
49098024 1
49150920 1
49221387 1
49221389 1
49260756 1
49262508 2
49288220 1
49301946 1
49344744 1
49344750 2
49344752 1
49413287 1
49425510 1
49454400 1
49509228 1
49535343 1
49564048 1
49591476 1
49605182 1
49618890 2
49700090 1
49783368 1
49825314 1
49838196 2
49893020 1
49893024 1
49893025 1
49906725 2
49920438 2
49988974 1
50002680 1
50057502 2
50084919 1
50153155 1
50167164 1
50208282 1
50249270 1
50276814 1
50331648 69
50372763 2
50441296 1
50441300 2
50509833 2
50550952 1
50578371 1
50633688 1
50784714 1
50811387 2
50825088 1
50852500 1
50989576 1
51045566 1
51071814 1
51073030 1
51099232 2
51112930 1
51140348 1
51208888 1
51236297 2
51263707 1
51263710 1
51278967 1
51318540 2
51332246 2
51400780 2
51428192 1
51496731 1
51524144 2
51526089 1
51565266 1
51647504 1
51716042 1
51732032 1
51732036 1
51811984 1
51811990 1
51841872 1
51896789 1
51907933 1
51949050 1
51951704 1
52017592 1
52061532 1
52086128 1
52088995 1
52110632 1
52195776 1
52195780 1
52223190 1
52305432 2
52305435 1
52308660 2
52387678 1
52404770 1
52428798 2
52483627 2
52524744 1
52552161 1
52579569 1
52610712 1
52620689 1
52634400 1
52798884 1
52853712 1
52867416 1
52922241 1
52922243 2
53073020 1
53082234 1
53155256 1
53168967 1
53187342 1
53374574 1
53443103 2
53456806 1
53456810 1
53503110 1
53525340 1
53593880 1
53634997 1
53662410 2
53681590 1
53709056 1
53722786 1
53730950 1
53730952 2
53763974 1
53840608 1
53868020 1
53956180 1
54032499 1
54114739 1
54128448 1
54190675 1
54210688 1
54279220 2
54279224 1
54395523 1
54402586 1
54498536 1
54505350 1
54525951 1
54525952 1
54553360 1
54683839 1
54827496 2
54882324 2
54896031 2
54937152 2
54964570 1
54970695 1
54972148 1
55027068 1
55033099 1
55101636 1
55101640 1
55238700 1
55266120 1
55389483 1
55430604 1
55512840 1
55512846 1
55595085 1
55595088 2
55636200 1
55636207 1
55649910 3
55686072 1
55727265 1
55745858 1
55759563 2
55786980 2
55850823 1
55882926 1
55924050 2
55951467 1
56006289 1
56029303 1
56129652 1
56198190 1
56225603 2
56239304 2
56253016 1
56321552 1
56376378 1
56390081 2
56417494 1
56472320 1
56513443 2
56609390 1
56674584 1
56691635 2
56702040 1
56746460 1
56746464 1
56801290 3
56883530 1
56910944 1
56993188 1
56993189 1
57050741 1
57075420 1
57089137 1
57116547 1
57143955 2
57146535 1
57157670 2
57239910 1
57281028 3
57294740 1
57333588 1
57333592 1
57349568 1
57363273 1
57431800 2
57457152 1
57472926 1
57486636 3
57555160 1
57568870 1
57568872 1
57609999 1
57663095 1
57664824 1
57733356 1
57760773 1
57897840 1
57953918 1
57980080 2
57992592 1
57994976 1
58048613 1
58074975 1
58089733 2
58226805 1
58294643 1
58391280 1
58431936 1
58473531 1
58500937 1
58555764 1
58569228 1
58665420 1
58720256 66
58761440 1
58898736 1
59104048 1
59117100 1
59158866 1
59213696 1
59213700 3
59337063 1
59487840 1
59502817 1
59693439 1
59707143 1
59804865 1
59871632 1
59955885 1
60008696 1
60036108 1
60159473 1
60173180 1
60200592 1
60257934 1
60271660 1
60406190 1
60408960 1
60570684 1
60584381 1
60611804 1
60694038 1
60817401 1
60820840 1
60841350 1
60858525 1
60858528 2
60940764 1
60995590 1
61077832 1
61132660 1
61164072 1
61187484 1
61214901 1
61269730 2
61365678 1
61406800 3
61411194 1
61434216 1
61543870 1
61598698 1
61626112 1
61644590 1
61680930 1
61680933 1
61804296 1
61818009 2
61831705 1
61845420 2
61919180 1
61955072 1
61968775 1
61982480 1
62056470 1
62119552 1
62174384 1
62221225 1
62270329 1
62276136 1
62297748 1
62366276 1
62366280 1
62421111 1
62503344 1
62640420 1
62667828 1
62722660 1
62742940 1
62791191 1
62825312 1
62832312 2
63017520 1
63051620 1
63051624 1
63161280 2
63325757 1
63325760 2
63374488 1
63435411 1
63627311 1
63654723 1
63703992 1
63841280 1
63901449 1
64148170 1
64148172 1
64148175 1
64285242 1
64326366 1
64422310 1
64504557 1
64518264 1
64559385 1
64682739 2
64788607 1
64802336 1
64833516 1
64860926 1
65025416 2
65076924 1
65135070 2
65214210 1
65241671 1
65244718 1
65299548 1
65324051 1
65735928 1
65751876 1
65763390 1
65790848 1
65793000 1
65902656 1
65930072 1
66121968 2
66245328 2
66383581 1
66449850 1
66450924 1
66492052 1
66559688 1
66615408 1
66724440 2
66793595 2
66848004 1
66862134 1
66889550 1
66999208 1
67095126 1
67095149 2
67108864 60
67232223 2
67300760 1
67355587 2
67437820 1
67711960 1
67725666 1
67849029 1
67849030 1
67931268 1
67960080 1
67972392 1
67986100 2
68219118 1
68397310 3
68452131 1
68465844 1
68589198 1
68602911 1
68619082 1
68671440 1
68698854 1
68712561 1
68715185 1
68783830 1
68808510 1
69055239 1
69072147 1
69082650 1
69195710 1
69219720 1
69507559 1
69576096 1
69630920 1
69689964 1
69767990 1
69809113 1
69813531 1
69854724 1
69914182 1
69946182 1
69959890 1
70110667 1
70179200 1
70316271 1
70439634 1
70562986 1
70562988 2
70590410 2
70727472 1
70809714 2
70891956 1
70933077 1
71001610 1
71097559 2
71385398 1
71426529 1
71467649 1
71549883 2
71831736 1
71919972 1
72043332 1
72070746 1
72078870 1
72098160 1
72221523 1
72284805 1
72372300 1
72655497 1
72660141 1
72824631 1
72847712 1
73030230 1
73057640 1
73276951 1
73276956 1
73331780 1
73523673 1
73578505 1
73742990 2
73770399 1
73827949 1
73893762 1
74017128 1
74030836 1
74140488 1
74261826 2
74387214 1
74565400 1
74756088 1
74757294 1
74784710 1
74839540 1
75003210 1
75004020 2
75126780 1
75250341 1
75250740 1
75387807 1
75497472 49
75524880 1
75538584 1
75607126 1
75799020 1
75826428 1
75936090 1
76073160 1
76266311 1
76292469 1
76472250 1
76568349 1
76621430 1
76895566 1
77347897 1
77433300 1
77474485 1
77570590 1
77690561 1
77845180 1
77855050 1
78129180 1
78129190 1
78129192 1
78403320 1
78403325 2
78458148 1
78540390 1
78855656 1
79006422 1
79157199 1
79280568 1
79362810 1
79410324 1
79437776 1
79472458 1
79774010 1
80061861 1
80212627 1
80267460 1
80363400 1
80453750 1
80728326 1
81007630 1
81076164 1
81117289 1
81555908 1
81747804 1
82156184 1
82307203 1
82775814 1
83228148 1
83337800 1
83392621 1
83529699 1
83680476 1
83886072 1
83886075 1
83886080 42
84215040 1
84434350 1
84653664 1
84708492 1
84735904 2
84874581 1
85366416 1
85393826 1
85530900 1
85670884 1
85969520 1
86000388 1
86092886 1
86682276 1
86928996 1
87120894 1
87340212 1
87669168 1
88203742 2
88348095 1
88491588 1
88505296 1
88820544 1
88985028 1
89108393 1
89259170 1
89409947 2
90163821 1
90317790 1
90794340 1
90917706 1
91068472 1
91287792 1
91370026 1
91766700 1
91821620 1
91945711 1
91945716 1
91972639 1
91973134 1
92123911 1
92274688 34
92603652 1
92919960 1
93167087 1
94083984 1
94248468 1
94896984 1
96022784 1
96386748 2
96558228 1
97291402 1
97538124 1
98182344 1
98360532 1
99251477 1
99786050 1
100005360 1
100663296 30
101567947 1
102102507 1
103349831 1
105660763 1
105715680 1
107802526 1
108695522 1
108873414 1
109051904 13
112451206 1
113287320 1
117056716 1
117440512 10
120689040 1
125829120 2
