0 3449.2 148440 4410 116100 1 1 1 2 2 2 1 1 0 2 4 5
1 18948.4 54041.5 18921 54119.8 4 1 2 10 2 6 9 1 2.51 10 3 6.27
2 37625.7 54430.9 37523 54579.9 8 1 3.14 10 1 5.5 10 1 2.48 10 1 5.98
3 149970 27312 51523 79498.5 32 1 4.92 11 1 6 10 1 2.59 11 3 6.33
4 21288.5 48101.1 16274 62922.5 4 1 1.68 10 2 6 11 1 2.6 10 3 6.38
5 3451.6 296674 5645 181399 1 1 1 3 3 3 1 1 2.6 3 4 6
6 21425 95589.3 26263 77980.4 4 1 2 10 1 5.5 1 2 2.6 4 6 11
7 46260.7 88541.7 27356 149730 8 1 3.31 11 1 6 11 1 2.93 11 4 6.4
8 31836.2 64329.3 30193 67830.3 4 1 2.48 10 1 5.5 10 1 2.87 10 4 6.17
9 21142.8 96865.1 23164 88413.1 4 1 1.66 10 1 5.5 1 2 2.87 3 6 11
10 4771.2 429242 10523 194621 1 1 1 1 1 1 1 1 2.87 1 4 6
11 24511.3 167107 25774 158920 4 1 2.09 11 1 6 1 2 2.87 3 6 10
12 51781.7 79101.3 44010 93069.8 8 1 3.84 11 1 6 10 1 2.65 11 1 6.49
13 30940.3 132384 31840 128643 4 1 2.56 11 1 6 1 3 2.65 4 6 12
14 21026.9 194798 28114 145693 4 1 1.68 11 1 6 1 2 2.65 4 6 12
15 4775.2 857765 7906 518088 1 1 1 2 2 2 1 1 2.65 2 2 1
16 4799.6 106676 13862 36935.5 1 1 1 2 1 1.88 1 2 2.65 5 6 10
17 9440.1 54236.7 5699 89840.3 2 1 1.57 3 2 2.75 8 1 1.81 6 1 4.17
18 9449.5 54182.8 6774 75583.1 3 1 1.8 5 4 4.5 6 1 1.76 6 3 4.54
19 24094 42500.2 20100 50945.3 4 1 2.2 9 1 4.88 9 1 2.36 9 1 5.78
20 19243.5 53212.8 16488 62105.8 4 1 2.17 9 1 4.75 9 1 2.33 9 2 5.86
21 24055.2 42568.8 19029 53812.6 4 1 2.12 9 1 4.5 10 1 2.37 9 2 5.68
22 42350.3 48358.6 27784 73711.5 8 1 3.04 8 1 4.72 11 1 2.71 9 3 5.77
23 42233.1 48492.8 25635 79890.8 8 1 3.03 8 1 4.69 10 1 2.62 8 1 5.77
24 46275.1 44257.1 28364 72204.2 8 1 3.02 8 1 4.62 12 1 2.69 8 1 5.7
25 152095 26930.5 49629 82532.4 32 1 4.71 10 1 5.22 13 1 2.76 10 2 5.95
26 153042 26763.9 47005 87139.7 32 1 4.69 10 1 5.19 13 1 2.75 10 1 5.9
27 150642 27190.4 51308 79831.6 32 1 4.65 10 1 5.12 11 1 2.76 10 2 5.87
28 22518.4 45473.9 17409 58820.2 4 1 1.65 9 1 4.75 10 1 2.71 9 1 5.78
29 19879.7 51509.8 19810 51691.1 4 1 1.6 8 1 4.5 10 1 2.55 8 2 5.66
30 21436.3 47769.4 22405 45704.1 4 1 1.56 8 0 4 1 2 2.55 1 5 9
31 9444.9 108418 7319 139910 2 1 1.36 4 3 3.75 7 1 1.89 6 2 4.69
32 9448.2 108380 10614 96476.4 3 1 1.57 6 5 5.5 1 2 1.89 3 5 9
33 4789.1 213819 6887 148686 1 1 1 1 1 1 1 2 1.89 1 4 7
34 24268.4 84389.6 22559 90784.2 4 1 2.05 8 2 5.06 13 1 2.96 8 2 5.74
35 19452.5 105282 23387 87570 4 1 2.1 9 2 5.12 1 2 2.96 2 5 10
36 23956.5 85488.3 26578 77056.2 4 1 2.21 9 1 5.25 1 3 2.96 2 5 11
37 46514.1 88059.3 32518 125961 8 1 3.36 10 1 5.44 11 1 2.95 10 2 6.11
38 44842.7 91341.5 32397 126431 8 1 3.34 10 1 5.38 11 1 2.9 10 3 6.05
39 45194 90631.5 30877 132655 8 1 3.29 10 1 5.25 12 1 3 10 1 6.04
40 32233.9 63535.6 22617 90551.4 4 1 2.48 10 1 5.5 11 1 2.98 10 3 6.13
41 32234 63535.4 26059 78590.9 4 1 2.29 9 0 4.5 10 1 2.96 9 1 5.66
42 31606.5 64796.8 28306 72352.1 4 1 2.29 9 0 4.5 10 1 2.98 9 1 5.67
43 20778.3 98564.4 19042 107552 4 1 1.67 10 1 5.75 10 1 2.95 10 3 6.23
44 20362.8 100576 23988 85376 4 1 1.66 10 1 5.5 1 2 2.95 3 6 10
45 21468.2 95396.9 27994 73158.5 4 1 1.6 9 0 4.5 1 3 2.95 1 5 10
46 9451.5 216685 12873 159093 3 1 1.59 6 5 5.38 1 2 2.95 3 5 9
47 4764.8 429819 9131 224291 1 1 1 2 1 1.75 1 2 2.95 1 4 7
48 4763.9 429900 8250 248242 2 1 1.25 3 2 2.5 1 2 2.95 2 4 8
49 24327.1 168372 32607 125617 4 1 2.21 11 1 5.88 1 2 2.95 3 6 12
50 23387 175140 25544 160351 4 1 2.14 11 1 5.75 1 2 2.95 3 6 11
51 24551.9 166830 26391 155204 4 1 2.2 11 1 5.5 1 2 2.95 1 6 12
52 50955.8 80383.4 47605 86041.4 8 1 3.48 10 0 5 14 1 3.15 10 1 5.94
53 51271.2 79888.9 43839 93432.8 8 1 3.48 10 0 5 14 1 3.18 10 1 5.93
54 52779.6 77605.7 44453 92142.3 8 1 3.48 10 0 5 12 1 3.11 10 1 5.89
55 114 0 3 0 0 1000 nan 0 1000 nan 0 1000 nan 0 1000 nan
56 34915.1 117313 37297 109821 4 1 2.39 10 0 5 1 3 nan 1 5 11
57 34906 117344 36786 111347 4 1 2.39 10 0 5 1 3 nan 1 5 12
58 21659.6 189108 26271 155913 4 1 1.67 11 1 5.75 1 2 nan 2 6 11
59 20982.5 195210 30707 133390 4 1 1.66 10 1 5.5 1 3 nan 2 6 13
60 21606.9 189569 36290 112869 4 1 1.63 10 0 5 1 3 nan 1 5 12
61 7004.1 584800 13349 306839 1 1 1 3 2 2.75 1 1 nan 2 3 6
62 7165.9 571596 9550 428901 2 1 1.17 4 3 3.5 1 2 nan 3 4 7
63 4793.8 854437 13868 295356 1 1 1 1 1 1 1 2 nan 1 4 7
64 80761.5 12679.3 36990 27683.2 12 1 3.56 8 0 4 11 1 2.34 8 1 5.45
65 84964.1 12052.1 44191 23172.1 12 1 3.56 8 0 4 8 1 2.39 8 1 5.35
66 81913.1 12501.1 36273 28230.4 12 1 3.56 8 0 4 8 1 2.26 8 1 5.34
67 48928.7 20928.4 25466 40210.5 8 1 3.05 8 0 4 10 1 2.56 8 1 5.55
68 48926.4 20929.4 25183 40662.4 8 1 3.05 8 0 4 10 1 2.55 8 1 5.53
69 49081.1 20863.4 28396 36061.4 8 1 3.05 8 0 4 9 1 2.58 8 1 5.57
70 31593.3 32411.9 22859 44796.4 4 1 2.13 8 0 4 9 1 2.65 8 1 5.57
71 28674.3 35711.4 25276 40512.7 4 1 2.21 8 0 4 9 1 2.59 8 1 5.6
72 27883.4 36724.4 26573 38535.4 4 1 2.13 8 0 4 9 1 2.71 8 1 5.61
73 100071 20465.5 47771 42871.2 12 1 3.79 9 0 4.5 10 1 2.57 9 1 5.69
74 92520 22135.8 42047 48707.4 12 1 3.79 9 0 4.5 10 1 2.59 9 1 5.71
75 95059.8 21544.3 50621 40457.5 16 1 3.89 9 0 4.5 11 1 2.53 9 1 5.66
76 50822.4 40297.2 36342 56353.5 8 1 3.27 9 0 4.5 10 1 2.91 9 1 5.75
77 51023.5 40138.4 37272 54947.4 8 1 3.27 9 0 4.5 10 1 2.82 9 1 5.75
78 49205.1 41621.7 33389 61337.6 8 1 3.27 9 0 4.5 11 1 2.89 9 1 5.73
79 31559.8 64892.7 27274 75089.8 4 1 2.29 9 0 4.5 10 1 2.95 9 1 5.69
80 32261.9 63480.5 25906 79055 4 1 2.29 9 0 4.5 12 1 2.95 9 1 5.65
81 31538.1 64937.3 27071 75652.9 4 1 2.29 9 0 4.5 11 1 2.99 9 1 5.71
82 104064 39360.3 59100 69306.3 16 1 4.1 10 0 5 12 1 2.76 10 1 5.92
83 100665 40689.5 59437 68913.3 16 1 4.21 10 0 5 12 1 2.75 10 1 5.9
84 101911 40191.9 57199 71609.6 16 1 4.1 10 0 5 14 1 2.69 10 1 5.91
85 51140.6 80092.9 44648 91739.8 8 1 3.48 10 0 5 12 1 3.1 10 1 5.92
86 52159.4 78528.5 44438 92173.4 8 1 3.48 10 0 5 11 1 3.12 10 1 5.93
87 52711.3 77706.3 44237 92592.2 8 1 3.48 10 0 5 11 1 3.1 10 1 5.9
88 34956 117176 36619 111854 4 1 2.39 10 0 5 1 3 3.1 1 5 11
89 34899.4 117366 38232 107135 4 1 2.39 10 0 5 1 3 3.1 1 5 12
90 34822.5 117625 36043 113642 4 1 2.39 10 0 5 1 3 3.1 1 5 14
