0 OPTIQ_Alltoallv msg = 8388608 chunk = 262144 512 9409.0000 54415.9847  386 1544 1544 1074 6 2 4.00 4 5 1 1.44 1
1 OPTIQ_Alltoallv msg = 8388608 chunk = 262144 1024 34708.0000 29503.2845  407 2551 2551 1288 10 2 6.27 6 8 1 1.98 2
2 OPTIQ_Alltoallv msg = 8388608 chunk = 262144 2048 63502.0000 32250.9527  561 3328 3328 1400 10 2 5.93 6 10 1 2.38 2
3 OPTIQ_Alltoallv msg = 8388608 chunk = 262144 4096 68205.0000 60054.2482  1169 7362 7362 2905 11 3 6.30 6 11 1 2.53 2
4 OPTIQ_Alltoallv msg = 8388608 chunk = 262144 1024 23050.0000 44425.1627  765 4878 4878 1867 10 3 6.38 6 9 1 2.61 2
5 OPTIQ_Alltoallv msg = 8388608 chunk = 262144 1024 10137.0000 101016.0797  889 4249 4249 2382 5 3 4.78 5 7 1 1.78 1
6 OPTIQ_Alltoallv msg = 8388608 chunk = 262144 2048 36461.0000 56169.6059  1121 6904 6904 2610 10 3 6.16 6 10 1 2.65 2
7 OPTIQ_Alltoallv msg = 8388608 chunk = 262144 4096 44689.0000 91655.6647  1722 11065 11065 3776 11 3 6.43 6 12 1 2.93 2
8 OPTIQ_Alltoallv msg = 8388608 chunk = 262144 2048 33052.0000 61962.9674  992 6141 6141 2146 10 3 6.19 6 9 1 2.86 2
9 OPTIQ_Alltoallv msg = 8388608 chunk = 262144 2048 34076.0000 60100.9508  1180 7252 7252 2702 10 4 6.15 6 10 1 2.68 2
10 OPTIQ_Alltoallv msg = 8388608 chunk = 262144 2048 11721.0000 174729.1187  1646 7738 7738 3983 5 1 4.70 5 9 1 1.94 1
11 OPTIQ_Alltoallv msg = 8388608 chunk = 262144 4096 40219.0000 101842.4128  2295 14740 14740 5257 11 3 6.42 6 11 1 2.80 2
12 OPTIQ_Alltoallv msg = 8388608 chunk = 262144 4096 49832.0000 82196.1792  1306 8449 8449 3107 11 2 6.47 6 12 1 2.72 2
13 OPTIQ_Alltoallv msg = 8388608 chunk = 262144 4096 42042.0000 97426.3831  1845 11928 11928 3885 11 2 6.47 6 11 1 3.07 3
14 OPTIQ_Alltoallv msg = 8388608 chunk = 262144 4096 41412.0000 98908.5289  2320 15030 15030 4985 11 3 6.48 6 12 1 3.02 3
15 OPTIQ_Alltoallv msg = 8388608 chunk = 262144 4096 9216.0000 444444.4444  512 1024 1024 1024 2 2 2.00 2 1 1 1.00 1
16 OPTIQ_Alltoallv msg = 8388608 chunk = 262144 512 22549.0000 22706.1067  380 2466 2466 912 7 5 6.49 7 10 1 2.70 2
17 OPTIQ_Alltoallv msg = 8388608 chunk = 262144 512 6877.0000 74451.0688  623 2576 2576 1468 6 1 4.13 4 7 1 1.75 1
18 OPTIQ_Alltoallv msg = 8388608 chunk = 262144 512 8655.0000 59156.5569  563 2556 2556 1417 6 3 4.54 5 7 1 1.80 1
19 OPTIQ_Alltoallv msg = 8388608 chunk = 262144 1024 24695.0000 41465.8838  602 3509 3509 1480 9 3 5.83 6 9 1 2.37 2
20 OPTIQ_Alltoallv msg = 8388608 chunk = 262144 1024 26557.0000 38558.5721  606 3508 3508 1549 9 2 5.79 6 9 1 2.26 2
21 OPTIQ_Alltoallv msg = 8388608 chunk = 262144 1024 29091.0000 35199.8900  622 3545 3545 1509 9 3 5.70 6 9 1 2.35 2
22 OPTIQ_Alltoallv msg = 8388608 chunk = 262144 2048 39761.0000 51507.7589  970 5623 5623 2062 9 3 5.80 6 9 1 2.73 2
23 OPTIQ_Alltoallv msg = 8388608 chunk = 262144 2048 37678.0000 54355.3267  939 5424 5424 2007 8 1 5.78 6 13 1 2.70 2
24 OPTIQ_Alltoallv msg = 8388608 chunk = 262144 2048 34542.0000 59290.1395  909 5206 5206 1924 8 2 5.73 6 11 1 2.71 2
25 OPTIQ_Alltoallv msg = 8388608 chunk = 262144 4096 55604.0000 73663.7652  1238 7329 7329 2739 10 2 5.92 6 11 1 2.68 2
26 OPTIQ_Alltoallv msg = 8388608 chunk = 262144 4096 62192.0000 65860.5608  1296 7639 7639 2761 10 1 5.89 6 11 1 2.77 2
27 OPTIQ_Alltoallv msg = 8388608 chunk = 262144 4096 57856.0000 70796.4602  1303 7609 7609 2778 10 1 5.84 6 13 1 2.74 2
28 OPTIQ_Alltoallv msg = 8388608 chunk = 262144 1024 22330.0000 45857.5907  729 4206 4206 1618 9 3 5.77 6 9 1 2.60 2
29 OPTIQ_Alltoallv msg = 8388608 chunk = 262144 1024 25954.0000 39454.4194  641 3623 3623 1450 8 2 5.65 6 8 1 2.50 2
30 OPTIQ_Alltoallv msg = 8388608 chunk = 262144 1024 31010.0000 33021.6059  511 2821 2821 1034 8 1 5.52 6 10 1 2.73 2
31 OPTIQ_Alltoallv msg = 8388608 chunk = 262144 1024 10097.0000 101416.2623  923 4322 4322 2268 6 2 4.68 5 9 1 1.91 2
32 OPTIQ_Alltoallv msg = 8388608 chunk = 262144 1024 12850.0000 79688.7160  929 4658 4658 2173 6 3 5.01 5 9 1 2.14 2
33 OPTIQ_Alltoallv msg = 8388608 chunk = 262144 1024 7980.0000 128320.8020  1470 6886 6886 2911 5 1 4.68 5 7 1 2.37 2
34 OPTIQ_Alltoallv msg = 8388608 chunk = 262144 2048 32025.0000 63950.0390  1192 6823 6823 2310 8 2 5.72 6 11 1 2.95 3
35 OPTIQ_Alltoallv msg = 8388608 chunk = 262144 2048 35432.0000 57800.8580  1102 6327 6327 2178 9 2 5.74 6 10 1 2.90 2
36 OPTIQ_Alltoallv msg = 8388608 chunk = 262144 2048 37816.0000 54156.9706  1115 6533 6533 2240 9 2 5.86 6 11 1 2.92 2
37 OPTIQ_Alltoallv msg = 8388608 chunk = 262144 4096 45207.0000 90605.4372  1762 10746 10746 3703 10 3 6.10 6 12 1 2.90 2
38 OPTIQ_Alltoallv msg = 8388608 chunk = 262144 4096 39945.0000 102540.9939  1752 10607 10607 3638 10 3 6.05 6 10 1 2.92 2
39 OPTIQ_Alltoallv msg = 8388608 chunk = 262144 4096 40792.0000 100411.8455  1814 10952 10952 3605 10 1 6.04 6 12 1 3.04 3
40 OPTIQ_Alltoallv msg = 8388608 chunk = 262144 2048 38213.0000 53594.3265  1185 7333 7333 2403 10 4 6.19 6 10 1 3.05 3
41 OPTIQ_Alltoallv msg = 8388608 chunk = 262144 2048 32670.0000 62687.4809  979 5534 5534 1911 9 1 5.65 6 12 1 2.90 2
42 OPTIQ_Alltoallv msg = 8388608 chunk = 262144 2048 39825.0000 51424.9843  1005 5691 5691 1934 9 1 5.66 6 10 1 2.94 3
43 OPTIQ_Alltoallv msg = 8388608 chunk = 262144 2048 26375.0000 77649.2891  1467 9212 9212 3027 10 3 6.28 6 11 1 3.04 3
44 OPTIQ_Alltoallv msg = 8388608 chunk = 262144 2048 28488.0000 71889.9186  1318 7996 7996 2778 10 3 6.07 6 11 1 2.88 2
45 OPTIQ_Alltoallv msg = 8388608 chunk = 262144 2048 36681.0000 55832.7199  1042 5919 5919 1944 9 1 5.68 6 11 1 3.04 3
46 OPTIQ_Alltoallv msg = 8388608 chunk = 262144 2048 17593.0000 116409.9358  1658 8368 8368 3635 6 3 5.05 5 10 1 2.30 2
47 OPTIQ_Alltoallv msg = 8388608 chunk = 262144 2048 10016.0000 204472.8435  1899 8225 8225 3943 6 1 4.33 4 7 1 2.09 2
48 OPTIQ_Alltoallv msg = 8388608 chunk = 262144 2048 10417.0000 196601.7087  1732 7922 7922 3883 6 2 4.57 5 7 1 2.04 2
49 OPTIQ_Alltoallv msg = 8388608 chunk = 262144 4096 37880.0000 108130.9398  2458 15784 15784 5396 11 2 6.42 6 13 1 2.93 2
50 OPTIQ_Alltoallv msg = 8388608 chunk = 262144 4096 32617.0000 125578.6860  2419 15355 15355 5449 11 3 6.35 6 11 1 2.82 2
51 OPTIQ_Alltoallv msg = 8388608 chunk = 262144 4096 49127.0000 83375.7404  2309 14004 14004 4887 11 2 6.06 6 13 1 2.87 2
52 OPTIQ_Alltoallv msg = 8388608 chunk = 262144 4096 48345.0000 84724.3769  1370 8111 8111 2567 10 1 5.92 6 13 1 3.16 2
53 OPTIQ_Alltoallv msg = 8388608 chunk = 262144 4096 51253.0000 79917.2731  1390 8219 8219 2648 10 1 5.91 6 12 1 3.10 2
54 OPTIQ_Alltoallv msg = 8388608 chunk = 262144 4096 44873.0000 91279.8342  1361 8056 8056 2609 10 1 5.92 6 11 1 3.09 2
55 OPTIQ_Alltoallv msg = 8388608 chunk = 262144 4096 36758.0000 111431.5251  2083 12832 12832 3937 10 3 6.16 6 13 1 3.26 3
56 OPTIQ_Alltoallv msg = 8388608 chunk = 262144 4096 37903.0000 108065.3246  1836 10757 10757 3185 10 1 5.86 6 12 1 3.38 3
57 OPTIQ_Alltoallv msg = 8388608 chunk = 262144 4096 44019.0000 93050.7281  1834 10800 10800 3215 10 1 5.89 6 13 1 3.36 3
58 OPTIQ_Alltoallv msg = 8388608 chunk = 262144 4096 35105.0000 116678.5358  2402 15287 15287 5105 11 1 6.36 6 12 1 2.99 3
59 OPTIQ_Alltoallv msg = 8388608 chunk = 262144 4096 37700.0000 108647.2149  2321 14093 14093 4567 10 2 6.07 6 12 1 3.09 3
60 OPTIQ_Alltoallv msg = 8388608 chunk = 262144 4096 38426.0000 106594.4933  1933 11320 11320 3406 10 1 5.86 6 12 1 3.32 3
61 OPTIQ_Alltoallv msg = 8388608 chunk = 262144 4096 18988.0000 215715.1885  1694 6491 6491 3619 6 2 3.83 4 7 1 1.79 1
62 OPTIQ_Alltoallv msg = 8388608 chunk = 262144 4096 16580.0000 247044.6321  2475 11563 11563 5108 6 3 4.67 5 7 1 2.26 2
63 OPTIQ_Alltoallv msg = 8388608 chunk = 262144 4096 15264.0000 268343.8155  2300 9770 9770 5030 5 1 4.25 5 8 1 1.94 2
64 OPTIQ_Alltoallv msg = 8388608 chunk = 262144 1024 47097.0000 21742.3615  248 1326 1326 575 8 1 5.35 5 9 1 2.31 2
65 OPTIQ_Alltoallv msg = 8388608 chunk = 262144 1024 46920.0000 21824.3819  257 1389 1389 586 8 1 5.40 6 8 1 2.37 2
66 OPTIQ_Alltoallv msg = 8388608 chunk = 262144 1024 42067.0000 24342.1209  255 1352 1352 584 8 1 5.30 6 8 1 2.32 2
67 OPTIQ_Alltoallv msg = 8388608 chunk = 262144 1024 33670.0000 30412.8304  407 2269 2269 876 8 1 5.57 6 10 1 2.59 2
68 OPTIQ_Alltoallv msg = 8388608 chunk = 262144 1024 29810.0000 34350.8890  427 2349 2349 899 8 1 5.50 6 10 1 2.61 2
69 OPTIQ_Alltoallv msg = 8388608 chunk = 262144 1024 35600.0000 28764.0449  413 2264 2264 875 8 1 5.48 6 10 1 2.59 2
70 OPTIQ_Alltoallv msg = 8388608 chunk = 262144 1024 26297.0000 38939.8030  525 2917 2917 1096 8 1 5.56 6 10 1 2.66 2
71 OPTIQ_Alltoallv msg = 8388608 chunk = 262144 1024 28200.0000 36312.0567  527 2958 2958 1111 8 1 5.61 6 11 1 2.66 2
72 OPTIQ_Alltoallv msg = 8388608 chunk = 262144 1024 31478.0000 32530.6563  516 2905 2905 1110 8 1 5.63 6 12 1 2.62 2
73 OPTIQ_Alltoallv msg = 8388608 chunk = 262144 2048 53098.0000 38570.1910  510 2903 2903 1108 9 1 5.69 6 12 1 2.62 2
74 OPTIQ_Alltoallv msg = 8388608 chunk = 262144 2048 44233.0000 46300.2736  499 2816 2816 1101 9 1 5.64 6 9 1 2.56 2
75 OPTIQ_Alltoallv msg = 8388608 chunk = 262144 2048 56612.0000 36176.0757  508 2866 2866 1104 9 1 5.64 6 9 1 2.60 2
76 OPTIQ_Alltoallv msg = 8388608 chunk = 262144 2048 35122.0000 58311.0301  756 4341 4341 1533 9 1 5.74 6 10 1 2.83 2
77 OPTIQ_Alltoallv msg = 8388608 chunk = 262144 2048 38681.0000 52945.8907  758 4328 4328 1501 9 1 5.71 6 10 1 2.88 2
78 OPTIQ_Alltoallv msg = 8388608 chunk = 262144 2048 37211.0000 55037.4889  763 4351 4351 1510 9 1 5.70 6 12 1 2.88 2
79 OPTIQ_Alltoallv msg = 8388608 chunk = 262144 2048 35612.0000 57508.7049  1021 5763 5763 2000 9 1 5.64 6 11 1 2.88 3
80 OPTIQ_Alltoallv msg = 8388608 chunk = 262144 2048 33077.0000 61916.1351  994 5649 5649 1940 9 1 5.68 6 10 1 2.91 3
81 OPTIQ_Alltoallv msg = 8388608 chunk = 262144 2048 34929.0000 58633.2274  1021 5756 5756 1945 9 1 5.64 6 10 1 2.96 3
82 OPTIQ_Alltoallv msg = 8388608 chunk = 262144 4096 55540.0000 73748.6496  932 5458 5458 1976 10 1 5.86 6 13 1 2.76 2
83 OPTIQ_Alltoallv msg = 8388608 chunk = 262144 4096 61210.0000 66917.1704  943 5546 5546 1995 10 1 5.88 6 13 1 2.78 2
84 OPTIQ_Alltoallv msg = 8388608 chunk = 262144 4096 59557.0000 68774.4514  922 5418 5418 1970 10 1 5.88 6 13 1 2.75 2
85 OPTIQ_Alltoallv msg = 8388608 chunk = 262144 4096 54114.0000 75692.0575  1395 8196 8196 2618 10 1 5.88 6 13 1 3.13 2
86 OPTIQ_Alltoallv msg = 8388608 chunk = 262144 4096 54478.0000 75186.3137  1395 8236 8236 2617 10 1 5.90 6 14 1 3.15 2
87 OPTIQ_Alltoallv msg = 8388608 chunk = 262144 4096 45506.0000 90010.1086  1384 8118 8118 2629 10 1 5.87 6 12 1 3.09 2
88 OPTIQ_Alltoallv msg = 8388608 chunk = 262144 4096 37652.0000 108785.7219  1810 10653 10653 3210 10 1 5.89 6 11 1 3.32 3
89 OPTIQ_Alltoallv msg = 8388608 chunk = 262144 4096 42393.0000 96619.7250  1848 10806 10806 3262 10 1 5.85 6 11 1 3.31 3
90 OPTIQ_Alltoallv msg = 8388608 chunk = 262144 4096 36750.0000 111455.7823  1811 10600 10600 3210 10 1 5.85 6 11 1 3.30 3
