0 OPTIQ_Alltoallv msg = 8388608 chunk = 4194304 512 16581.0000 30878.7166  386 1544 1544 1074 6 2 4.00 4 5 1 1.44 1
1 OPTIQ_Alltoallv msg = 8388608 chunk = 4194304 1024 42757.0000 23949.2949  407 2551 2551 1288 10 2 6.27 6 8 1 1.98 2
2 OPTIQ_Alltoallv msg = 8388608 chunk = 4194304 2048 64016.0000 31992.0020  561 3328 3328 1400 10 2 5.93 6 10 1 2.38 2
3 OPTIQ_Alltoallv msg = 8388608 chunk = 4194304 4096 77169.0000 53078.3086  1169 7362 7362 2905 11 3 6.30 6 11 1 2.53 2
4 OPTIQ_Alltoallv msg = 8388608 chunk = 4194304 1024 40178.0000 25486.5847  765 4878 4878 1867 10 3 6.38 6 9 1 2.61 2
5 OPTIQ_Alltoallv msg = 8388608 chunk = 4194304 1024 21616.0000 47372.3168  889 4249 4249 2382 5 3 4.78 5 7 1 1.78 1
6 OPTIQ_Alltoallv msg = 8388608 chunk = 4194304 2048 41206.0000 49701.4998  1121 6904 6904 2610 10 3 6.16 6 10 1 2.65 2
7 OPTIQ_Alltoallv msg = 8388608 chunk = 4194304 4096 62730.0000 65295.7118  1722 11065 11065 3776 11 3 6.43 6 12 1 2.93 2
8 OPTIQ_Alltoallv msg = 8388608 chunk = 4194304 2048 41511.0000 49336.3205  992 6141 6141 2146 10 3 6.19 6 9 1 2.86 2
9 OPTIQ_Alltoallv msg = 8388608 chunk = 4194304 2048 40243.0000 50890.8382  1180 7252 7252 2702 10 4 6.15 6 10 1 2.68 2
10 OPTIQ_Alltoallv msg = 8388608 chunk = 4194304 2048 21345.0000 95947.5287  1646 7738 7738 3983 5 1 4.70 5 9 1 1.94 1
11 OPTIQ_Alltoallv msg = 8388608 chunk = 4194304 4096 55641.0000 73614.7805  2295 14740 14740 5257 11 3 6.42 6 11 1 2.80 2
12 OPTIQ_Alltoallv msg = 8388608 chunk = 4194304 4096 80277.0000 51023.3317  1306 8449 8449 3107 11 2 6.47 6 12 1 2.72 2
13 OPTIQ_Alltoallv msg = 8388608 chunk = 4194304 4096 49718.0000 82384.6494  1845 11928 11928 3885 11 2 6.47 6 11 1 3.07 3
14 OPTIQ_Alltoallv msg = 8388608 chunk = 4194304 4096 45030.0000 90961.5812  2320 15030 15030 4985 11 3 6.48 6 12 1 3.02 3
15 OPTIQ_Alltoallv msg = 8388608 chunk = 4194304 4096 9493.0000 431475.8243  512 1024 1024 1024 2 2 2.00 2 1 1 1.00 1
16 OPTIQ_Alltoallv msg = 8388608 chunk = 4194304 512 33259.0000 15394.3294  380 2466 2466 912 7 5 6.49 7 10 1 2.70 2
17 OPTIQ_Alltoallv msg = 8388608 chunk = 4194304 512 18806.0000 27225.3536  623 2576 2576 1468 6 1 4.13 4 7 1 1.75 1
18 OPTIQ_Alltoallv msg = 8388608 chunk = 4194304 512 23599.0000 21695.8346  563 2556 2556 1417 6 3 4.54 5 7 1 1.80 1
19 OPTIQ_Alltoallv msg = 8388608 chunk = 4194304 1024 38037.0000 26921.1557  602 3509 3509 1480 9 3 5.83 6 9 1 2.37 2
20 OPTIQ_Alltoallv msg = 8388608 chunk = 4194304 1024 47984.0000 21340.4468  606 3508 3508 1549 9 2 5.79 6 9 1 2.26 2
21 OPTIQ_Alltoallv msg = 8388608 chunk = 4194304 1024 37907.0000 27013.4804  622 3545 3545 1509 9 3 5.70 6 9 1 2.35 2
22 OPTIQ_Alltoallv msg = 8388608 chunk = 4194304 2048 54721.0000 37426.2166  970 5623 5623 2062 9 3 5.80 6 9 1 2.73 2
23 OPTIQ_Alltoallv msg = 8388608 chunk = 4194304 2048 50467.0000 40580.9737  939 5424 5424 2007 8 1 5.78 6 13 1 2.70 2
24 OPTIQ_Alltoallv msg = 8388608 chunk = 4194304 2048 43128.0000 47486.5517  909 5206 5206 1924 8 2 5.73 6 11 1 2.71 2
25 OPTIQ_Alltoallv msg = 8388608 chunk = 4194304 4096 71011.0000 57681.2043  1238 7329 7329 2739 10 2 5.92 6 11 1 2.68 2
26 OPTIQ_Alltoallv msg = 8388608 chunk = 4194304 4096 77721.0000 52701.3291  1296 7639 7639 2761 10 1 5.89 6 11 1 2.77 2
27 OPTIQ_Alltoallv msg = 8388608 chunk = 4194304 4096 76779.0000 53347.9207  1303 7609 7609 2778 10 1 5.84 6 13 1 2.74 2
28 OPTIQ_Alltoallv msg = 8388608 chunk = 4194304 1024 37793.0000 27094.9647  729 4206 4206 1618 9 3 5.77 6 9 1 2.60 2
29 OPTIQ_Alltoallv msg = 8388608 chunk = 4194304 1024 33126.0000 30912.2743  641 3623 3623 1450 8 2 5.65 6 8 1 2.50 2
30 OPTIQ_Alltoallv msg = 8388608 chunk = 4194304 1024 36853.0000 27786.0690  511 2821 2821 1034 8 1 5.52 6 10 1 2.73 2
31 OPTIQ_Alltoallv msg = 8388608 chunk = 4194304 1024 23692.0000 43221.3405  923 4322 4322 2268 6 2 4.68 5 9 1 1.91 2
32 OPTIQ_Alltoallv msg = 8388608 chunk = 4194304 1024 25921.0000 39504.6487  929 4658 4658 2173 6 3 5.01 5 9 1 2.14 2
33 OPTIQ_Alltoallv msg = 8388608 chunk = 4194304 1024 19073.0000 53688.4601  1470 6886 6886 2911 5 1 4.68 5 7 1 2.37 2
34 OPTIQ_Alltoallv msg = 8388608 chunk = 4194304 2048 41930.0000 48843.3103  1192 6823 6823 2310 8 2 5.72 6 11 1 2.95 3
35 OPTIQ_Alltoallv msg = 8388608 chunk = 4194304 2048 41727.0000 49080.9308  1102 6327 6327 2178 9 2 5.74 6 10 1 2.90 2
36 OPTIQ_Alltoallv msg = 8388608 chunk = 4194304 2048 42657.0000 48010.8775  1115 6533 6533 2240 9 2 5.86 6 11 1 2.92 2
37 OPTIQ_Alltoallv msg = 8388608 chunk = 4194304 4096 48561.0000 84347.5217  1762 10746 10746 3703 10 3 6.10 6 12 1 2.90 2
38 OPTIQ_Alltoallv msg = 8388608 chunk = 4194304 4096 60519.0000 67681.2241  1752 10607 10607 3638 10 3 6.05 6 10 1 2.92 2
39 OPTIQ_Alltoallv msg = 8388608 chunk = 4194304 4096 56395.0000 72630.5524  1814 10952 10952 3605 10 1 6.04 6 12 1 3.04 3
40 OPTIQ_Alltoallv msg = 8388608 chunk = 4194304 2048 49151.0000 41667.5144  1185 7333 7333 2403 10 4 6.19 6 10 1 3.05 3
41 OPTIQ_Alltoallv msg = 8388608 chunk = 4194304 2048 47206.0000 43384.3156  979 5534 5534 1911 9 1 5.65 6 12 1 2.90 2
42 OPTIQ_Alltoallv msg = 8388608 chunk = 4194304 2048 46116.0000 44409.7493  1005 5691 5691 1934 9 1 5.66 6 10 1 2.94 3
43 OPTIQ_Alltoallv msg = 8388608 chunk = 4194304 2048 40314.0000 50801.2105  1467 9212 9212 3027 10 3 6.28 6 11 1 3.04 3
44 OPTIQ_Alltoallv msg = 8388608 chunk = 4194304 2048 38266.0000 53520.0962  1318 7996 7996 2778 10 3 6.07 6 11 1 2.88 2
45 OPTIQ_Alltoallv msg = 8388608 chunk = 4194304 2048 49251.0000 41582.9120  1042 5919 5919 1944 9 1 5.68 6 11 1 3.04 3
46 OPTIQ_Alltoallv msg = 8388608 chunk = 4194304 2048 25988.0000 78805.6026  1658 8368 8368 3635 6 3 5.05 5 10 1 2.30 2
47 OPTIQ_Alltoallv msg = 8388608 chunk = 4194304 2048 21270.0000 96285.8486  1899 8225 8225 3943 6 1 4.33 4 7 1 2.09 2
48 OPTIQ_Alltoallv msg = 8388608 chunk = 4194304 2048 21326.0000 96033.0113  1732 7922 7922 3883 6 2 4.57 5 7 1 2.04 2
49 OPTIQ_Alltoallv msg = 8388608 chunk = 4194304 4096 45996.0000 89051.2218  2458 15784 15784 5396 11 2 6.42 6 13 1 2.93 2
50 OPTIQ_Alltoallv msg = 8388608 chunk = 4194304 4096 50891.0000 80485.7440  2419 15355 15355 5449 11 3 6.35 6 11 1 2.82 2
51 OPTIQ_Alltoallv msg = 8388608 chunk = 4194304 4096 49820.0000 82215.9775  2309 14004 14004 4887 11 2 6.06 6 13 1 2.87 2
52 OPTIQ_Alltoallv msg = 8388608 chunk = 4194304 4096 56913.0000 71969.4973  1370 8111 8111 2567 10 1 5.92 6 13 1 3.16 2
53 OPTIQ_Alltoallv msg = 8388608 chunk = 4194304 4096 58096.0000 70503.9934  1390 8219 8219 2648 10 1 5.91 6 12 1 3.10 2
54 OPTIQ_Alltoallv msg = 8388608 chunk = 4194304 4096 56863.0000 72032.7805  1361 8056 8056 2609 10 1 5.92 6 11 1 3.09 2
55 OPTIQ_Alltoallv msg = 8388608 chunk = 4194304 4096 44876.0000 91273.7321  2083 12832 12832 3937 10 3 6.16 6 13 1 3.26 3
56 OPTIQ_Alltoallv msg = 8388608 chunk = 4194304 4096 51230.0000 79953.1524  1836 10757 10757 3185 10 1 5.86 6 12 1 3.38 3
57 OPTIQ_Alltoallv msg = 8388608 chunk = 4194304 4096 55085.0000 74357.8107  1834 10800 10800 3215 10 1 5.89 6 13 1 3.36 3
58 OPTIQ_Alltoallv msg = 8388608 chunk = 4194304 4096 44989.0000 91044.4775  2402 15287 15287 5105 11 1 6.36 6 12 1 2.99 3
59 OPTIQ_Alltoallv msg = 8388608 chunk = 4194304 4096 43390.0000 94399.6313  2321 14093 14093 4567 10 2 6.07 6 12 1 3.09 3
60 OPTIQ_Alltoallv msg = 8388608 chunk = 4194304 4096 45949.0000 89142.3100  1933 11320 11320 3406 10 1 5.86 6 12 1 3.32 3
61 OPTIQ_Alltoallv msg = 8388608 chunk = 4194304 4096 21365.0000 191715.4224  1694 6491 6491 3619 6 2 3.83 4 7 1 1.79 1
62 OPTIQ_Alltoallv msg = 8388608 chunk = 4194304 4096 23752.0000 172448.6359  2475 11563 11563 5108 6 3 4.67 5 7 1 2.26 2
63 OPTIQ_Alltoallv msg = 8388608 chunk = 4194304 4096 25860.0000 158391.3380  2300 9770 9770 5030 5 1 4.25 5 8 1 1.94 2
64 OPTIQ_Alltoallv msg = 8388608 chunk = 4194304 1024 45200.0000 22654.8673  248 1326 1326 575 8 1 5.35 5 9 1 2.31 2
65 OPTIQ_Alltoallv msg = 8388608 chunk = 4194304 1024 42949.0000 23842.2315  257 1389 1389 586 8 1 5.40 6 8 1 2.37 2
66 OPTIQ_Alltoallv msg = 8388608 chunk = 4194304 1024 62529.0000 16376.4013  255 1352 1352 584 8 1 5.30 6 8 1 2.32 2
67 OPTIQ_Alltoallv msg = 8388608 chunk = 4194304 1024 37581.0000 27247.8114  407 2269 2269 876 8 1 5.57 6 10 1 2.59 2
68 OPTIQ_Alltoallv msg = 8388608 chunk = 4194304 1024 34346.0000 29814.2433  427 2349 2349 899 8 1 5.50 6 10 1 2.61 2
69 OPTIQ_Alltoallv msg = 8388608 chunk = 4194304 1024 40542.0000 25257.7574  413 2264 2264 875 8 1 5.48 6 10 1 2.59 2
70 OPTIQ_Alltoallv msg = 8388608 chunk = 4194304 1024 34715.0000 29497.3354  525 2917 2917 1096 8 1 5.56 6 10 1 2.66 2
71 OPTIQ_Alltoallv msg = 8388608 chunk = 4194304 1024 36128.0000 28343.6670  527 2958 2958 1111 8 1 5.61 6 11 1 2.66 2
72 OPTIQ_Alltoallv msg = 8388608 chunk = 4194304 1024 37489.0000 27314.6790  516 2905 2905 1110 8 1 5.63 6 12 1 2.62 2
73 OPTIQ_Alltoallv msg = 8388608 chunk = 4194304 2048 57866.0000 35392.1128  510 2903 2903 1108 9 1 5.69 6 12 1 2.62 2
74 OPTIQ_Alltoallv msg = 8388608 chunk = 4194304 2048 53927.0000 37977.2656  499 2816 2816 1101 9 1 5.64 6 9 1 2.56 2
75 OPTIQ_Alltoallv msg = 8388608 chunk = 4194304 2048 60772.0000 33699.7301  508 2866 2866 1104 9 1 5.64 6 9 1 2.60 2
76 OPTIQ_Alltoallv msg = 8388608 chunk = 4194304 2048 50026.0000 40938.7119  756 4341 4341 1533 9 1 5.74 6 10 1 2.83 2
77 OPTIQ_Alltoallv msg = 8388608 chunk = 4194304 2048 51841.0000 39505.4108  758 4328 4328 1501 9 1 5.71 6 10 1 2.88 2
78 OPTIQ_Alltoallv msg = 8388608 chunk = 4194304 2048 47319.0000 43280.7118  763 4351 4351 1510 9 1 5.70 6 12 1 2.88 2
79 OPTIQ_Alltoallv msg = 8388608 chunk = 4194304 2048 45736.0000 44778.7301  1021 5763 5763 2000 9 1 5.64 6 11 1 2.88 3
80 OPTIQ_Alltoallv msg = 8388608 chunk = 4194304 2048 42116.0000 48627.6000  994 5649 5649 1940 9 1 5.68 6 10 1 2.91 3
81 OPTIQ_Alltoallv msg = 8388608 chunk = 4194304 2048 43596.0000 46976.7869  1021 5756 5756 1945 9 1 5.64 6 10 1 2.96 3
82 OPTIQ_Alltoallv msg = 8388608 chunk = 4194304 4096 64990.0000 63025.0808  932 5458 5458 1976 10 1 5.86 6 13 1 2.76 2
83 OPTIQ_Alltoallv msg = 8388608 chunk = 4194304 4096 74013.0000 55341.6292  943 5546 5546 1995 10 1 5.88 6 13 1 2.78 2
84 OPTIQ_Alltoallv msg = 8388608 chunk = 4194304 4096 68675.0000 59643.2472  922 5418 5418 1970 10 1 5.88 6 13 1 2.75 2
85 OPTIQ_Alltoallv msg = 8388608 chunk = 4194304 4096 56595.0000 72373.8846  1395 8196 8196 2618 10 1 5.88 6 13 1 3.13 2
86 OPTIQ_Alltoallv msg = 8388608 chunk = 4194304 4096 58188.0000 70392.5208  1395 8236 8236 2617 10 1 5.90 6 14 1 3.15 2
87 OPTIQ_Alltoallv msg = 8388608 chunk = 4194304 4096 61396.0000 66714.4439  1384 8118 8118 2629 10 1 5.87 6 12 1 3.09 2
88 OPTIQ_Alltoallv msg = 8388608 chunk = 4194304 4096 46657.0000 87789.6136  1810 10653 10653 3210 10 1 5.89 6 11 1 3.32 3
89 OPTIQ_Alltoallv msg = 8388608 chunk = 4194304 4096 53394.0000 76712.7393  1848 10806 10806 3262 10 1 5.85 6 11 1 3.31 3
90 OPTIQ_Alltoallv msg = 8388608 chunk = 4194304 4096 58085.0000 70517.3453  1811 10600 10600 3210 10 1 5.85 6 11 1 3.30 3
