0 OPTIQ_Alltoallv msg = 8388608 chunk = 8192 512 40557.0000 12624.2079  386 1544 1544 1074 6 2 4.00 4 5 1 1.44 1
1 OPTIQ_Alltoallv msg = 8388608 chunk = 8192 1024 166178.0000 6162.0672  407 2551 2551 1288 10 2 6.27 6 8 1 1.98 2
2 OPTIQ_Alltoallv msg = 8388608 chunk = 8192 2048 564879.0000 3625.5552  561 3328 3328 1400 10 2 5.93 6 10 1 2.38 2
3 OPTIQ_Alltoallv msg = 8388608 chunk = 8192 4096 1853252.0000 2210.1689  1169 7362 7362 2905 11 3 6.30 6 11 1 2.53 2
4 OPTIQ_Alltoallv msg = 8388608 chunk = 8192 1024 81372.0000 12584.1813  765 4878 4878 1867 10 3 6.38 6 9 1 2.61 2
5 OPTIQ_Alltoallv msg = 8388608 chunk = 8192 1024 43370.0000 23610.7909  889 4249 4249 2382 5 3 4.78 5 7 1 1.78 1
6 OPTIQ_Alltoallv msg = 8388608 chunk = 8192 2048 161490.0000 12681.8998  1121 6904 6904 2610 10 3 6.16 6 10 1 2.65 2
7 OPTIQ_Alltoallv msg = 8388608 chunk = 8192 4096 533650.0000 7675.4427  1722 11065 11065 3776 11 3 6.43 6 12 1 2.93 2
8 OPTIQ_Alltoallv msg = 8388608 chunk = 8192 2048 675945.0000 3029.8323  992 6141 6141 2146 10 3 6.19 6 9 1 2.86 2
9 OPTIQ_Alltoallv msg = 8388608 chunk = 8192 2048 284332.0000 7202.8474  1180 7252 7252 2702 10 4 6.15 6 10 1 2.68 2
10 OPTIQ_Alltoallv msg = 8388608 chunk = 8192 2048 71500.0000 28643.3566  1646 7738 7738 3983 5 1 4.70 5 9 1 1.94 1
11 OPTIQ_Alltoallv msg = 8388608 chunk = 8192 4096 199832.0000 20497.2177  2295 14740 14740 5257 11 3 6.42 6 11 1 2.80 2
12 OPTIQ_Alltoallv msg = 8388608 chunk = 8192 4096 2002667.0000 2045.2726  1306 8449 8449 3107 11 2 6.47 6 12 1 2.72 2
13 OPTIQ_Alltoallv msg = 8388608 chunk = 8192 4096 1546234.0000 2649.0169  1845 11928 11928 3885 11 2 6.47 6 11 1 3.07 3
14 OPTIQ_Alltoallv msg = 8388608 chunk = 8192 4096 887953.0000 4612.8568  2320 15030 15030 4985 11 3 6.48 6 12 1 3.02 3
15 OPTIQ_Alltoallv msg = 8388608 chunk = 8192 4096 55908.0000 73263.2181  512 1024 1024 1024 2 2 2.00 2 1 1 1.00 1
16 OPTIQ_Alltoallv msg = 8388608 chunk = 8192 512 68542.0000 7469.8725  380 2466 2466 912 7 5 6.49 7 10 1 2.70 2
17 OPTIQ_Alltoallv msg = 8388608 chunk = 8192 512 42338.0000 12093.1551  623 2576 2576 1468 6 1 4.13 4 7 1 1.75 1
18 OPTIQ_Alltoallv msg = 8388608 chunk = 8192 512 46696.0000 10964.5366  563 2556 2556 1417 6 3 4.54 5 7 1 1.80 1
19 OPTIQ_Alltoallv msg = 8388608 chunk = 8192 1024 158334.0000 6467.3412  602 3509 3509 1480 9 3 5.83 6 9 1 2.37 2
20 OPTIQ_Alltoallv msg = 8388608 chunk = 8192 1024 156281.0000 6552.3000  606 3508 3508 1549 9 2 5.79 6 9 1 2.26 2
21 OPTIQ_Alltoallv msg = 8388608 chunk = 8192 1024 157567.0000 6498.8227  622 3545 3545 1509 9 3 5.70 6 9 1 2.35 2
22 OPTIQ_Alltoallv msg = 8388608 chunk = 8192 2048 506371.0000 4044.4654  970 5623 5623 2062 9 3 5.80 6 9 1 2.73 2
23 OPTIQ_Alltoallv msg = 8388608 chunk = 8192 2048 514552.0000 3980.1614  939 5424 5424 2007 8 1 5.78 6 13 1 2.70 2
24 OPTIQ_Alltoallv msg = 8388608 chunk = 8192 2048 518764.0000 3947.8453  909 5206 5206 1924 8 2 5.73 6 11 1 2.71 2
25 OPTIQ_Alltoallv msg = 8388608 chunk = 8192 4096 1755633.0000 2333.0616  1238 7329 7329 2739 10 2 5.92 6 11 1 2.68 2
26 OPTIQ_Alltoallv msg = 8388608 chunk = 8192 4096 1843225.0000 2222.1921  1296 7639 7639 2761 10 1 5.89 6 11 1 2.77 2
27 OPTIQ_Alltoallv msg = 8388608 chunk = 8192 4096 1803271.0000 2271.4279  1303 7609 7609 2778 10 1 5.84 6 13 1 2.74 2
28 OPTIQ_Alltoallv msg = 8388608 chunk = 8192 1024 79718.0000 12845.2796  729 4206 4206 1618 9 3 5.77 6 9 1 2.60 2
29 OPTIQ_Alltoallv msg = 8388608 chunk = 8192 1024 123685.0000 8279.0961  641 3623 3623 1450 8 2 5.65 6 8 1 2.50 2
30 OPTIQ_Alltoallv msg = 8388608 chunk = 8192 1024 153191.0000 6684.4658  511 2821 2821 1034 8 1 5.52 6 10 1 2.73 2
31 OPTIQ_Alltoallv msg = 8388608 chunk = 8192 1024 47782.0000 21430.6643  923 4322 4322 2268 6 2 4.68 5 9 1 1.91 2
32 OPTIQ_Alltoallv msg = 8388608 chunk = 8192 1024 52618.0000 19461.0209  929 4658 4658 2173 6 3 5.01 5 9 1 2.14 2
33 OPTIQ_Alltoallv msg = 8388608 chunk = 8192 1024 47983.0000 21340.8916  1470 6886 6886 2911 5 1 4.68 5 7 1 2.37 2
34 OPTIQ_Alltoallv msg = 8388608 chunk = 8192 2048 170232.0000 12030.6405  1192 6823 6823 2310 8 2 5.72 6 11 1 2.95 3
35 OPTIQ_Alltoallv msg = 8388608 chunk = 8192 2048 179963.0000 11380.1170  1102 6327 6327 2178 9 2 5.74 6 10 1 2.90 2
36 OPTIQ_Alltoallv msg = 8388608 chunk = 8192 2048 175422.0000 11674.7044  1115 6533 6533 2240 9 2 5.86 6 11 1 2.92 2
37 OPTIQ_Alltoallv msg = 8388608 chunk = 8192 4096 523861.0000 7818.8680  1762 10746 10746 3703 10 3 6.10 6 12 1 2.90 2
38 OPTIQ_Alltoallv msg = 8388608 chunk = 8192 4096 534080.0000 7669.2630  1752 10607 10607 3638 10 3 6.05 6 10 1 2.92 2
39 OPTIQ_Alltoallv msg = 8388608 chunk = 8192 4096 527625.0000 7763.0893  1814 10952 10952 3605 10 1 6.04 6 12 1 3.04 3
40 OPTIQ_Alltoallv msg = 8388608 chunk = 8192 2048 320895.0000 6382.1499  1185 7333 7333 2403 10 4 6.19 6 10 1 3.05 3
41 OPTIQ_Alltoallv msg = 8388608 chunk = 8192 2048 363321.0000 5636.8886  979 5534 5534 1911 9 1 5.65 6 12 1 2.90 2
42 OPTIQ_Alltoallv msg = 8388608 chunk = 8192 2048 1039954.0000 1969.3179  1005 5691 5691 1934 9 1 5.66 6 10 1 2.94 3
43 OPTIQ_Alltoallv msg = 8388608 chunk = 8192 2048 174377.0000 11744.6682  1467 9212 9212 3027 10 3 6.28 6 11 1 3.04 3
44 OPTIQ_Alltoallv msg = 8388608 chunk = 8192 2048 154895.0000 13221.8600  1318 7996 7996 2778 10 3 6.07 6 11 1 2.88 2
45 OPTIQ_Alltoallv msg = 8388608 chunk = 8192 2048 350867.0000 5836.9696  1042 5919 5919 1944 9 1 5.68 6 11 1 3.04 3
46 OPTIQ_Alltoallv msg = 8388608 chunk = 8192 2048 72778.0000 28140.3721  1658 8368 8368 3635 6 3 5.05 5 10 1 2.30 2
47 OPTIQ_Alltoallv msg = 8388608 chunk = 8192 2048 54277.0000 37732.3728  1899 8225 8225 3943 6 1 4.33 4 7 1 2.09 2
48 OPTIQ_Alltoallv msg = 8388608 chunk = 8192 2048 63964.0000 32018.0101  1732 7922 7922 3883 6 2 4.57 5 7 1 2.04 2
49 OPTIQ_Alltoallv msg = 8388608 chunk = 8192 4096 176959.0000 23146.6046  2458 15784 15784 5396 11 2 6.42 6 13 1 2.93 2
50 OPTIQ_Alltoallv msg = 8388608 chunk = 8192 4096 180025.0000 22752.3955  2419 15355 15355 5449 11 3 6.35 6 11 1 2.82 2
51 OPTIQ_Alltoallv msg = 8388608 chunk = 8192 4096 202927.0000 20184.5984  2309 14004 14004 4887 11 2 6.06 6 13 1 2.87 2
52 OPTIQ_Alltoallv msg = 8388608 chunk = 8192 4096 2492297.0000 1643.4638  1370 8111 8111 2567 10 1 5.92 6 13 1 3.16 2
53 OPTIQ_Alltoallv msg = 8388608 chunk = 8192 4096 2564906.0000 1596.9396  1390 8219 8219 2648 10 1 5.91 6 12 1 3.10 2
54 OPTIQ_Alltoallv msg = 8388608 chunk = 8192 4096 1991757.0000 2056.4758  1361 8056 8056 2609 10 1 5.92 6 11 1 3.09 2
55 OPTIQ_Alltoallv msg = 8388608 chunk = 8192 4096 935693.0000 4377.5042  2083 12832 12832 3937 10 3 6.16 6 13 1 3.26 3
56 OPTIQ_Alltoallv msg = 8388608 chunk = 8192 4096 1109890.0000 3690.4558  1836 10757 10757 3185 10 1 5.86 6 12 1 3.38 3
57 OPTIQ_Alltoallv msg = 8388608 chunk = 8192 4096 2002566.0000 2045.3758  1834 10800 10800 3215 10 1 5.89 6 13 1 3.36 3
58 OPTIQ_Alltoallv msg = 8388608 chunk = 8192 4096 291517.0000 14050.6386  2402 15287 15287 5105 11 1 6.36 6 12 1 2.99 3
59 OPTIQ_Alltoallv msg = 8388608 chunk = 8192 4096 375345.0000 10912.6270  2321 14093 14093 4567 10 2 6.07 6 12 1 3.09 3
60 OPTIQ_Alltoallv msg = 8388608 chunk = 8192 4096 1116247.0000 3669.4388  1933 11320 11320 3406 10 1 5.86 6 12 1 3.32 3
61 OPTIQ_Alltoallv msg = 8388608 chunk = 8192 4096 71235.0000 57499.8245  1694 6491 6491 3619 6 2 3.83 4 7 1 1.79 1
62 OPTIQ_Alltoallv msg = 8388608 chunk = 8192 4096 72275.0000 56672.4317  2475 11563 11563 5108 6 3 4.67 5 7 1 2.26 2
63 OPTIQ_Alltoallv msg = 8388608 chunk = 8192 4096 81958.0000 49976.8174  2300 9770 9770 5030 5 1 4.25 5 8 1 1.94 2
64 OPTIQ_Alltoallv msg = 8388608 chunk = 8192 1024 1925869.0000 531.7080  248 1326 1326 575 8 1 5.35 5 9 1 2.31 2
65 OPTIQ_Alltoallv msg = 8388608 chunk = 8192 1024 2123089.0000 482.3161  257 1389 1389 586 8 1 5.40 6 8 1 2.37 2
66 OPTIQ_Alltoallv msg = 8388608 chunk = 8192 1024 1619417.0000 632.3263  255 1352 1352 584 8 1 5.30 6 8 1 2.32 2
67 OPTIQ_Alltoallv msg = 8388608 chunk = 8192 1024 476474.0000 2149.1204  407 2269 2269 876 8 1 5.57 6 10 1 2.59 2
68 OPTIQ_Alltoallv msg = 8388608 chunk = 8192 1024 816071.0000 1254.7928  427 2349 2349 899 8 1 5.50 6 10 1 2.61 2
69 OPTIQ_Alltoallv msg = 8388608 chunk = 8192 1024 771344.0000 1327.5529  413 2264 2264 875 8 1 5.48 6 10 1 2.59 2
70 OPTIQ_Alltoallv msg = 8388608 chunk = 8192 1024 780164.0000 1312.5445  525 2917 2917 1096 8 1 5.56 6 10 1 2.66 2
71 OPTIQ_Alltoallv msg = 8388608 chunk = 8192 1024 148162.0000 6911.3538  527 2958 2958 1111 8 1 5.61 6 11 1 2.66 2
72 OPTIQ_Alltoallv msg = 8388608 chunk = 8192 1024 395737.0000 2587.5771  516 2905 2905 1110 8 1 5.63 6 12 1 2.62 2
73 OPTIQ_Alltoallv msg = 8388608 chunk = 8192 2048 4072050.0000 502.9408  510 2903 2903 1108 9 1 5.69 6 12 1 2.62 2
74 OPTIQ_Alltoallv msg = 8388608 chunk = 8192 2048 3350761.0000 611.2044  499 2816 2816 1101 9 1 5.64 6 9 1 2.56 2
75 OPTIQ_Alltoallv msg = 8388608 chunk = 8192 2048 3191129.0000 641.7791  508 2866 2866 1104 9 1 5.64 6 9 1 2.60 2
76 OPTIQ_Alltoallv msg = 8388608 chunk = 8192 2048 932679.0000 2195.8251  756 4341 4341 1533 9 1 5.74 6 10 1 2.83 2
77 OPTIQ_Alltoallv msg = 8388608 chunk = 8192 2048 1898430.0000 1078.7862  758 4328 4328 1501 9 1 5.71 6 10 1 2.88 2
78 OPTIQ_Alltoallv msg = 8388608 chunk = 8192 2048 991492.0000 2065.5739  763 4351 4351 1510 9 1 5.70 6 12 1 2.88 2
79 OPTIQ_Alltoallv msg = 8388608 chunk = 8192 2048 872961.0000 2346.0384  1021 5763 5763 2000 9 1 5.64 6 11 1 2.88 3
80 OPTIQ_Alltoallv msg = 8388608 chunk = 8192 2048 366050.0000 5594.8641  994 5649 5649 1940 9 1 5.68 6 10 1 2.91 3
81 OPTIQ_Alltoallv msg = 8388608 chunk = 8192 2048 295559.0000 6929.2426  1021 5756 5756 1945 9 1 5.64 6 10 1 2.96 3
82 OPTIQ_Alltoallv msg = 8388608 chunk = 8192 4096 4800493.0000 853.2457  932 5458 5458 1976 10 1 5.86 6 13 1 2.76 2
83 OPTIQ_Alltoallv msg = 8388608 chunk = 8192 4096 4693186.0000 872.7547  943 5546 5546 1995 10 1 5.88 6 13 1 2.78 2
84 OPTIQ_Alltoallv msg = 8388608 chunk = 8192 4096 4037623.0000 1014.4583  922 5418 5418 1970 10 1 5.88 6 13 1 2.75 2
85 OPTIQ_Alltoallv msg = 8388608 chunk = 8192 4096 2506288.0000 1634.2894  1395 8196 8196 2618 10 1 5.88 6 13 1 3.13 2
86 OPTIQ_Alltoallv msg = 8388608 chunk = 8192 4096 2228748.0000 1837.8031  1395 8236 8236 2617 10 1 5.90 6 14 1 3.15 2
87 OPTIQ_Alltoallv msg = 8388608 chunk = 8192 4096 3168885.0000 1292.5682  1384 8118 8118 2629 10 1 5.87 6 12 1 3.09 2
88 OPTIQ_Alltoallv msg = 8388608 chunk = 8192 4096 1270634.0000 3223.5876  1810 10653 10653 3210 10 1 5.89 6 11 1 3.32 3
89 OPTIQ_Alltoallv msg = 8388608 chunk = 8192 4096 1116292.0000 3669.2908  1848 10806 10806 3262 10 1 5.85 6 11 1 3.31 3
90 OPTIQ_Alltoallv msg = 8388608 chunk = 8192 4096 1405823.0000 2913.5958  1811 10600 10600 3210 10 1 5.85 6 11 1 3.30 3
