524288 1
589824 3
655360 1
720896 6
786432 10
851968 28
917504 71
983040 23
1048576 119
1179648 122
1245184 53
1376256 109
1441792 73
1507328 8
1572864 4
1638400 68
1703936 140
1769472 3
1835008 21
1900544 16
1966080 7
2031616 8
2097152 289
2162688 5
2228224 12
2293760 7
2359296 25
2424832 38
2490368 13
2555904 14
2621440 7
2686976 8
2752512 129
2818048 249
2883584 20
2949120 5
3014656 18
3080192 18
3145728 22
3211264 1
3276800 31
3342336 56
3407872 27
3473408 18
3538944 18
3604480 13
3670016 16
3735552 25
3801088 26
3866624 8
3932160 6
3997696 20
4063232 11
4128768 10
4194304 498
4259840 8
4325376 1
4390912 8
4456448 9
4521984 20
4587520 7
4653056 8
4718592 7
4784128 16
4849664 16
4915200 22
4980736 11
5046272 22
5111808 18
5177344 5
5242880 36
5308416 8
5373952 23
5439488 22
5505024 9
5570560 100
5636096 61
5701632 4
5767168 4
5832704 21
5898240 36
5963776 11
6029312 14
6094848 7
6160384 5
6225920 15
6291456 97
6356992 3
6422528 7
6488064 4
6553600 5
6619136 11
6684672 23
6750208 21
6815744 13
6881280 11
6946816 31
7012352 59
7077888 11
7143424 8
7208960 27
7274496 6
7340032 12
7405568 6
7471104 15
7536640 21
7602176 11
7667712 16
7733248 8
7798784 8
7864320 5
7929856 12
7995392 11
8060928 10
8126464 7
8192000 6
8257536 4
8323072 11
8388608 948
8454144 9
8519680 4
8585216 2
8650752 8
8716288 9
8781824 5
8847360 6
8912896 7
8978432 4
9043968 9
9109504 20
9175040 5
9240576 7
9306112 15
9371648 12
9437184 29
9502720 9
9568256 30
9633792 15
9699328 7
9764864 67
9830400 38
9895936 6
9961472 6
10027008 25
10092544 44
10158080 5
10223616 10
10289152 11
10354688 8
10420224 12
10485760 116
10551296 4
10616832 8
10682368 11
10747904 20
10813440 16
10878976 10
10944512 5
11010048 11
11075584 7
11141120 40
11206656 74
11272192 10
11337728 6
11403264 9
11468800 7
11534336 16
11599872 8
11665408 21
11730944 21
11796480 14
11862016 14
11927552 12
11993088 12
12058624 4
12124160 8
12189696 16
12255232 8
12320768 14
12386304 14
12451840 9
12517376 11
12582912 180
12648448 10
12713984 5
12779520 5
12845056 12
12910592 9
12976128 6
13041664 5
13107200 7
13172736 10
13238272 13
13303808 20
13369344 7
13434880 22
13500416 13
13565952 12
13631488 16
13697024 2
13762560 19
13828096 11
13893632 10
13959168 37
14024704 26
14090240 8
14155776 4
14221312 18
14286848 27
14352384 10
14417920 6
14483456 5
14548992 5
14614528 4
14680064 30
14745600 3
14811136 4
14876672 4
14942208 9
15007744 9
15073280 14
15138816 6
15204352 11
15269888 7
15335424 22
15400960 39
15466496 2
15532032 14
15597568 9
15663104 8
15728640 13
15794176 5
15859712 9
15925248 8
15990784 7
16056320 22
16121856 13
16187392 13
16252928 4
16318464 4
16384000 10
16449536 3
16515072 7
16580608 5
16646144 8
16711680 3
16777216 213
16842752 11
16908288 7
16973824 3
17039360 7
17104896 13
17170432 5
17235968 8
17301504 8
17367040 9
17432576 12
17498112 12
17563648 8
17629184 4
17694720 10
17760256 6
17825792 8
17891328 6
17956864 14
18022400 5
18087936 4
18153472 29
18219008 25
18284544 5
18350080 3
18415616 9
18481152 23
18546688 4
18612224 8
18677760 8
18743296 5
18808832 7
18874368 34
18939904 4
19005440 5
19070976 11
19136512 11
19202048 9
19267584 7
19333120 8
19398656 4
19464192 7
19529728 19
19595264 35
19660800 11
19726336 5
19791872 8
19857408 9
19922944 11
19988480 7
20054016 10
20119552 10
20185088 6
20250624 10
20316160 7
20381696 9
20447232 4
20512768 6
20578304 11
20709376 9
20774912 6
20840448 9
20905984 11
20971520 77
21037056 6
21102592 2
21168128 5
21233664 8
21299200 6
21364736 6
21430272 7
21495808 7
21561344 4
21626880 8
21692416 13
21757952 7
21823488 9
21889024 4
21954560 8
22020096 10
22085632 2
22151168 11
22216704 11
22282240 12
22347776 23
22413312 22
22478848 4
22544384 9
22609920 10
22675456 19
22740992 9
22806528 5
22872064 7
22937600 3
23003136 5
23068672 24
23134208 2
23199744 5
23265280 2
23330816 8
23396352 8
23461888 6
23527424 11
23592960 3
23658496 5
23724032 28
23789568 18
23855104 5
23920640 7
23986176 9
24051712 4
24117248 7
24182784 4
24248320 14
24313856 7
24379392 8
24444928 10
24510464 7
24576000 4
24641536 5
24707072 6
24772608 8
24838144 6
24903680 5
24969216 5
25034752 3
25100288 8
25165824 70
25296896 1
25362432 4
25427968 11
25493504 10
25559040 4
25624576 6
25690112 6
25755648 5
25821184 8
25886720 3
25952256 5
26017792 9
26083328 5
26148864 7
26214400 4
26279936 3
26345472 9
26411008 11
26476544 4
26542080 12
26607616 17
26673152 8
26738688 2
26804224 6
26869760 13
26935296 2
27000832 3
27066368 5
27131904 5
27197440 5
27262976 22
27328512 7
27394048 5
27459584 5
27525120 5
27590656 9
27656192 3
27721728 6
27787264 4
27852800 1
27918336 11
27983872 23
28049408 6
28114944 6
28180480 8
28246016 5
28311552 6
28377088 4
28442624 5
28508160 13
28573696 4
28639232 10
28704768 7
28770304 3
28835840 7
28901376 4
28966912 3
29032448 2
29097984 3
29163520 5
29294592 6
29360128 46
29425664 2
29491200 1
29556736 2
29622272 5
29687808 9
29753344 4
29818880 4
29884416 3
29949952 3
30015488 8
30081024 12
30146560 2
30212096 2
30277632 3
30343168 2
30408704 6
30474240 2
30539776 8
30605312 6
30670848 5
30736384 15
30801920 8
30932992 4
30998528 11
31064064 10
31129600 4
31195136 2
31260672 2
31326208 5
31457280 12
31522816 3
31588352 2
31653888 2
31719424 5
31784960 5
31850496 4
31916032 3
31981568 3
32047104 3
32112640 11
32178176 13
32243712 5
32309248 3
32374784 4
32440320 6
32505856 5
32571392 8
32636928 4
32702464 6
32768000 4
32833536 10
32899072 10
32964608 9
33030144 3
33095680 4
33161216 4
33226752 1
33292288 5
33357824 3
33423360 1
33488896 3
33554432 35
33619968 3
33685504 1
33751040 2
33816576 7
33882112 7
33947648 3
34013184 3
34078720 5
34144256 7
34209792 11
34275328 1
34340864 4
34406400 3
34471936 7
34537472 3
34603008 4
34668544 3
34734080 7
34799616 7
34865152 3
34930688 11
34996224 8
35061760 2
35127296 3
35192832 5
35258368 8
35323904 2
35389440 2
35454976 6
35520512 1
35586048 6
35651584 21
35717120 6
35782656 2
35848192 2
35913728 7
35979264 3
36044800 4
36110336 4
36175872 4
36241408 2
36306944 13
36372480 12
36438016 4
36569088 6
36634624 4
36700160 1
36765696 1
36831232 2
36896768 3
36962304 2
37027840 8
37093376 10
37158912 2
37224448 4
37289984 3
37355520 7
37421056 1
37486592 4
37552128 2
37617664 4
37683200 9
37748736 24
37814272 1
37945344 2
38010880 4
38076416 3
38141952 4
38207488 1
38273024 1
38338560 2
38404096 4
38469632 4
38600704 3
38666240 1
38731776 4
38797312 3
38862848 5
38928384 3
38993920 6
39059456 5
39124992 12
39190528 5
39256064 4
39321600 1
39387136 7
39452672 6
39583744 1
39649280 4
39714816 4
39780352 3
39845888 16
39911424 2
39976960 3
40108032 3
40173568 7
40239104 2
40304640 4
40435712 2
40501248 9
40566784 7
40632320 5
40763392 4
40828928 5
40894464 6
40960000 1
41025536 5
41091072 3
41156608 1
41222144 5
41287680 3
41353216 3
41418752 1
41484288 4
41549824 5
41615360 1
41680896 1
41746432 5
41877504 7
41943040 19
42008576 2
42139648 4
42205184 3
42270720 3
42336256 2
42401792 2
42467328 5
42598400 4
42663936 5
42729472 2
42795008 1
42860544 1
42926080 2
42991616 2
43057152 2
43122688 4
43188224 2
43253760 1
43319296 17
43384832 4
43581440 5
43646976 5
43712512 1
43778048 1
43843584 2
43974656 2
44040192 9
44105728 3
44171264 2
44236800 3
44302336 1
44367872 5
44433408 4
44498944 2
44564480 2
44630016 1
44695552 4
44761088 12
44826624 3
44892160 3
44957696 3
45023232 3
45088768 2
45154304 1
45219840 2
45285376 2
45350912 2
45416448 4
45481984 3
45547520 3
45613056 1
45678592 3
45744128 3
45809664 1
45940736 5
46006272 2
46071808 2
46137344 18
46268416 2
46333952 3
46399488 5
46465024 4
46596096 1
46661632 1
46792704 2
46858240 5
46923776 6
46989312 2
47054848 3
47185920 1
47316992 2
47382528 1
47513600 13
47579136 4
47644672 1
47710208 1
47775744 4
47841280 2
47906816 1
48037888 1
48103424 1
48168960 3
48234496 10
48300032 2
48365568 1
48431104 1
48496640 1
48562176 1
48889856 5
48955392 9
49020928 1
49152000 3
49479680 5
49610752 2
49676288 1
49741824 1
50266112 2
50331648 13
50397184 1
50593792 2
50659328 1
50987008 1
51052544 1
51511296 5
51576832 1
51707904 5
51773440 1
51970048 6
52035584 2
52363264 1
52428800 3
52690944 1
52756480 2
53084160 3
53149696 8
53346304 2
53411840 1
53739520 1
53805056 2
54001664 1
54067200 2
54132736 1
54263808 1
54525952 16
54591488 2
55312384 2
55508992 1
55574528 1
55836672 1
55902208 8
55967744 2
56098816 1
56164352 4
56623104 2
56885248 1
57212928 1
57278464 5
57344000 3
57540608 3
57802752 1
57999360 4
58327040 1
58392576 1
58654720 1
58720256 10
59375616 3
59441152 1
60096512 2
60817408 6
61472768 2
61538304 1
61997056 1
62914560 8
63569920 2
63832064 1
64225280 1
64290816 1
64552960 1
65011712 2
65667072 3
67108864 5
68485120 1
68747264 2
69206016 1
69926912 1
71303168 1
75497472 1
