0 14
81440 1
97728 1
114016 3
130304 5
146592 4
179168 5
195456 4
195462 1
195840 1
228039 2
244320 1
244325 2
260616 1
292620 1
293190 1
293193 1
293760 2
325770 2
342055 2
390160 1
390920 4
390924 2
407210 1
422669 1
423501 1
439785 2
440640 1
455182 1
455189 1
488650 5
537515 1
570094 2
571207 1
586380 1
586386 3
587520 1
587526 1
651536 1
651540 4
684114 5
684117 2
716694 2
732978 1
732985 1
781848 4
798133 1
814420 2
816010 1
879579 1
879582 2
881289 2
895862 1
895870 1
912152 1
977310 1
1026179 2
1044488 1
1058746 1
1075044 2
1137980 1
1140188 1
1140190 3
1140195 3
1142410 2
1142414 1
1170495 1
1170500 1
1172772 8
1172776 1
1175049 1
1224015 1
1254209 1
1254218 1
1256651 1
1270503 1
1270506 2
1303080 3
1305610 1
1319373 2
1368234 3
1368236 1
1370894 1
1433388 1
1463121 1
1465965 2
1465970 1
1482247 1
1485141 1
1547410 1
1563696 4
1596273 2
1612566 2
1615698 1
1628850 4
1632020 1
1661430 3
1694008 2
1710296 3
1713621 1
1759158 3
1759164 1
1791740 1
1795220 1
1795222 1
1795225 1
1824312 3
1856892 1
1905759 1
1905761 2
1938335 1
1942108 1
1950834 1
1954620 3
1954624 1
1958415 1
1958424 1
1958425 1
1970914 1
2036065 1
2052351 2
2052354 1
2052358 3
2084928 1
2084932 1
2088984 1
2117505 1
2117510 1
2150082 3
2150088 2
2154262 1
2166374 2
2198952 1
2203227 1
2219552 1
2247816 1
2252193 1
2280390 2
2280397 1
2329261 1
2340999 1
2345544 2
2345550 2
2345552 1
2350110 1
2399075 1
2443278 1
2443280 2
2448030 1
2475856 1
2480672 1
2487312 1
2492145 1
2508429 1
2508436 2
2513308 1
2513313 2
2529635 1
2541006 1
2541012 4
2573592 1
2606160 1
2606168 2
2627555 1
2638746 3
2643876 1
2687608 1
2736468 1
2736472 2
2736474 2
2736475 2
2741795 1
2741796 1
2752763 1
2769050 2
2769055 1
2785338 1
2839722 1
2850491 1
2931936 2
2931939 1
2931940 1
2937642 1
2958761 1
2964514 2
2997088 1
3002920 1
3002924 1
3045955 4
3051884 1
3078531 1
3078537 2
3084525 1
3094820 1
3094825 2
3100840 1
3127398 1
3176265 1
3192553 1
3198762 1
3225132 4
3231408 1
3257704 2
3257710 2
3306576 2
3316416 1
3322860 2
3365190 1
3410924 1
3413963 1
3420590 1
3420592 2
3427248 1
3511503 1
3511504 1
3518325 1
3518328 4
3534615 2
3583480 1
3590444 1
3599765 1
3616056 1
3648631 4
3648632 1
3672054 2
3713790 2
3746360 3
3746365 2
3755360 1
3762649 2
3769976 1
3778944 1
3786296 2
3804129 1
3811518 2
3827810 2
3876677 2
3884216 1
3909250 1
3909252 3
3909254 1
3941828 1
3990693 2
4006980 1
4031728 1
4039560 1
4104716 1
4112696 1
4112700 1
4120996 1
4153580 1
4210556 1
4210620 1
4235020 1
4235024 1
4243068 1
4300176 1
4308544 1
4332755 1
4397904 2
4397910 1
4406463 1
4430488 1
4439104 1
4446767 1
4446771 1
4455423 1
4479343 1
4488066 1
4551952 1
4560790 1
4560792 1
4560794 1
4560795 2
4569665 1
4625948 1
4651270 1
4658522 2
4658524 1
4667586 2
4674810 1
4683910 1
4691100 2
4691104 1
4700220 1
4723680 2
4788833 2
4788834 1
4805120 1
4805124 1
4821408 2
4828320 1
4837698 3
4837701 3
4886556 2
4886562 1
4902856 1
4968010 1
4984299 1
4993992 1
5007145 1
5016869 2
5026626 1
5049450 1
5059275 1
5082024 2
5082025 1
5130891 1
5130895 1
5179758 3
5212330 3
5212336 1
5244911 1
5277492 6
5287758 2
5342640 5
5353040 1
5364800 1
5375216 1
5375220 2
5385677 1
5385678 1
5424084 2
5472950 2
5483598 1
5483600 1
5538110 4
5554395 2
5570682 1
5581521 1
5597844 1
5603264 2
5668416 2
5679444 1
5700989 1
5700990 2
5700995 1
5712084 1
5712085 1
5733563 3
5733568 1
5744717 1
5777364 1
5815012 1
5863878 1
5863880 1
5875280 1
5875288 1
5929035 1
5945320 3
5961612 2
5994184 3
6010470 1
6022170 1
6026765 1
6038490 1
6047598 1
6054811 1
6071130 1
6091921 2
6108195 1
6120090 1
6124496 1
6136408 2
6145140 1
6152731 1
6157071 3
6157074 1
6189652 1
6201690 1
6254800 1
6254802 1
6254806 1
6271090 2
6303672 1
6319960 1
6352528 1
6352530 1
6364890 1
6385112 3
6385113 2
6437766 1
6450264 3
6450268 1
6511778 1
6515416 2
6547998 1
6560736 1
6596865 2
6626018 1
6629436 1
6645732 1
6658656 1
6727168 3
6743457 1
6743460 1
6756579 2
6759750 1
6776040 2
6808615 1
6841184 1
6841190 3
6841191 1
6841194 4
6854502 1
6890058 2
6906344 2
6938922 1
6968745 1
6971500 1
7001379 2
7001384 1
7036656 4
7050339 1
7069230 1
7085520 1
7153069 1
7166960 4
7166962 1
7180900 1
7183253 1
7283122 1
7297272 1
7311458 1
7311465 1
7329850 1
7346130 3
7360430 1
7411290 2
7425710 1
7427576 2
7427580 3
7442032 1
7492730 2
7525308 3
7539950 1
7557888 1
7608267 1
7623042 2
7623045 2
7639331 1
7640780 1
7655620 1
7671909 1
7688192 1
7704488 3
7720776 2
7737065 1
7769637 1
7818500 3
7867370 1
7981390 1
7981393 3
7996920 2
8013960 1
8062830 1
8062835 6
8078517 1
8079120 1
8094840 2
8111159 1
8144276 1
8160120 1
8209428 2
8209431 1
8209432 1
8225720 1
8258041 1
8307160 1
8355960 1
8356023 1
8388608 2
8404896 1
8421119 1
8421246 1
8437471 2
8470048 1
8502624 1
8519166 1
8551487 1
8568130 1
8600352 1
8616200 1
8617086 1
8632930 1
8649730 1
8665510 1
8714375 2
8715012 1
8779529 1
8779533 1
8795820 2
8796612 1
8796613 1
8893547 1
8893548 1
8942418 2
8958697 2
8958700 2
8958705 1
9008772 1
9025093 1
9089010 2
9089016 1
9105304 1
9121588 3
9121590 1
9121592 1
9139330 1
9139336 1
9186744 2
9204612 1
9204618 1
9235611 3
9251896 2
9284470 1
9284478 1
9317048 1
9317052 1
9317055 1
9349627 2
9365920 1
9382203 1
9382206 1
9382208 2
9400458 1
9447360 3
9463650 3
9479940 1
9482060 1
9496223 1
9498384 1
9528795 1
9528805 1
9577666 1
9577668 2
9596304 1
9610240 1
9610245 1
9628940 1
9642824 3
9675396 4
9675402 1
9691690 1
9724269 1
9740549 1
9773128 1
9773130 2
9792144 1
9805712 3
9821997 2
9835474 1
9854570 1
9854575 1
9873750 1
9903440 2
9936020 1
9952306 2
9968592 1
9968596 1
9968598 1
10017460 1
10033751 1
10066326 2
10134873 2
10144360 1
10147767 2
10164050 1
10164060 2
10183824 1
10261790 3
10261791 1
10343235 1
10359516 1
10359520 1
10359522 2
10363355 1
10375806 2
10379676 1
10395994 1
10408383 1
10424670 2
10424675 1
10436988 1
10444950 1
10444955 1
10457253 1
10489822 1
10489829 2
10506120 1
10554984 3
10571264 1
10575516 1
10587560 4
10603852 1
10652712 1
10701576 1
10706080 1
10738721 2
10750440 2
10750446 1
10771360 2
10815600 3
10831890 1
10831891 1
10836640 1
10848177 1
10848180 2
10945904 2
10945907 1
10950885 1
10967200 1
10967201 1
10967202 1
10994769 1
10994775 1
11011065 1
11054750 1
11076216 1
11087263 1
11097760 1
11141370 1
11157660 1
11173946 1
11206528 1
11239100 1
11239105 1
11260968 1
11287969 1
11309925 1
11314864 1
11336832 4
11401985 3
11401990 3
11424170 2
11434563 1
11434566 1
11444917 1
11467137 3
11467144 1
11489445 1
11532294 1
11554734 1
11564870 2
11581164 2
11597448 1
11603691 1
11630028 2
11630031 3
11646315 1
11646316 2
11727756 1
11727762 1
11744047 1
11776626 1
11825484 1
11858067 1
11858070 1
11881135 1
11890640 1
11890645 1
11923224 1
11972086 2
12004663 1
12020949 4
12028016 1
12053530 1
12086109 2
12118686 1
12118688 1
12183842 1
12216414 1
12248992 2
12314142 1
12314148 5
12363010 2
12379300 1
12379304 1
12403384 1
12411882 2
12436596 1
12460743 1
12460745 1
12468668 1
12509604 2
12542180 1
12542189 1
12542190 1
12631869 1
12656210 3
12680829 1
12705076 1
12729782 1
12753936 1
12778749 1
12795069 1
12867960 1
12884249 1
12892995 1
12900536 5
12900537 1
12949400 1
12998265 3
13030840 1
13047129 3
13095996 1
13112288 1
13121478 1
13168161 1
13193730 4
13219398 2
13258883 1
13265704 1
13284678 1
13291464 2
13340322 1
13340327 1
13356610 1
13421768 1
13438051 1
13438060 2
13447880 2
13486920 1
13486923 1
13486926 1
13513158 1
13519500 1
13525816 1
13552080 1
13568366 1
13584654 2
13590841 1
13643718 1
13682380 3
13682382 1
13682384 3
13682389 1
13763830 1
13780116 1
13812696 2
13845275 1
13877844 1
13877850 1
13926717 2
13943000 1
13975577 1
14008160 2
14073312 3
14073315 1
14089600 2
14100688 1
14138467 1
14165970 2
14171040 1
14171046 2
14187329 1
14219910 1
14252483 2
14252485 1
14268768 1
14268774 1
14333924 2
14333928 3
14361815 1
14361816 1
14366502 1
14366506 2
14366508 2
14399086 1
14415370 1
14464236 2
14480529 1
14484978 2
14492376 2
14496810 2
14513103 1
14578260 1
14594538 1
14622936 1
14659700 4
14688216 1
14688222 1
14708568 1
14724856 1
14741145 1
14806296 3
14822584 2
14822585 1
14851420 1
14851424 1
14855160 1
14855166 2
14871450 2
14884062 1
14884064 1
14904030 2
14936607 1
14952894 1
14952897 1
14985470 1
15014620 1
15050623 2
15050628 2
15066915 1
15099489 3
15115776 1
15118998 1
15148350 1
15148356 1
15180936 1
15229797 1
15246088 1
15246090 2
15278662 1
15343818 1
15346600 1
15379111 1
15392685 3
15406312 1
15408976 1
15422634 1
15441552 1
15506704 2
15506708 2
15509169 1
15539283 3
15620724 1
15637010 2
15651118 1
15685875 1
15702168 1
15718455 1
15734747 1
15734748 3
15767320 1
15767323 1
15767324 1
15799900 2
15832476 3
15879598 2
15881345 1
15897632 3
15962780 1
15977522 1
15979068 2
16027938 1
16044230 1
16076802 1
16125670 3
16125672 1
16158248 1
16190825 3
16207115 1
16222318 1
16223400 1
16288552 1
16304838 1
16320248 1
16370000 1
16418862 1
16418864 3
16450805 1
16450806 1
16451440 1
16483450 2
16484017 1
16516082 1
16516591 1
16516596 2
16548732 1
16565463 2
16614330 1
16646650 1
16646652 1
16646903 3
16663196 1
16679480 1
16679670 1
16695770 2
16712055 1
16712058 1
16744572 2
16760926 1
16777216 5
16809792 1
16842492 1
16842496 1
16858656 2
16874942 1
16891452 1
16907520 1
16940092 1
16940096 1
16940100 1
16972299 1
16973056 1
16988965 4
17021543 2
17070408 2
17102981 1
17102982 2
17102985 1
17118612 1
17136258 1
17151849 2
17200711 3
17217004 1
17234178 1
17250499 1
17265870 1
17265872 1
17297432 1
17298444 2
17331024 1
17396178 1
17428750 1
17445043 3
17461328 2
17510200 1
17557548 1
17559066 1
17575350 1
17591640 2
17593226 1
17673082 1
17689374 2
17738235 2
17738237 1
17754525 1
17787096 2
17787098 1
17787102 2
17787105 1
17789070 1
17821710 2
17835970 1
17852256 1
17882690 1
17884836 7
17886992 1
17901121 1
17917405 1
17917410 1
17917415 1
17982564 1
17998855 2
18015144 1
18031428 1
18066510 1
18080300 2
18112872 1
18129160 4
18148112 2
18161740 1
18178032 1
18213390 1
18324621 1
18373488 1
18409240 1
18441880 1
18471222 4
18487510 1
18507159 1
18507162 1
18568950 2
18568956 1
18585245 1
18634104 2
18634110 1
18699261 1
18703002 2
18764412 2
18764415 2
18764416 1
18764420 1
18813278 2
18813284 2
18813285 1
18825594 1
18849887 1
18862146 2
18911016 1
18959880 1
19041323 4
19057610 3
19057614 1
19094688 1
19094690 1
19155339 1
19155344 1
19183250 1
19232017 1
19253076 1
19313298 1
19350801 1
19350804 2
19383380 1
19383385 3
19388446 1
19448538 1
19464825 1
19529972 1
19535337 1
19546264 1
19546270 1
19567977 1
19584290 1
19649574 1
19709151 2
19709155 1
19725440 2
19747500 1
19790595 1
19872040 3
19937196 1
19953479 1
19953485 1
20028610 2
20034920 1
20034925 1
20067498 2
20067502 1
20067504 1
20083788 2
20083791 1
20197808 1
20197810 1
20207440 1
20230386 1
20230389 1
20237100 1
20237104 1
20246677 1
20269746 2
20279250 1
20295541 1
20328113 1
20328120 1
20360695 1
20425845 3
20425848 1
20442140 2
20458424 2
20523576 1
20523580 3
20523582 2
20565094 1
20637603 1
20645108 1
20661432 1
20670174 3
20677755 1
20686470 1
20719044 2
20751619 1
20784192 1
20816775 1
20816778 1
20849350 1
20914506 1
20963371 3
20979658 1
20979664 2
21004159 1
21012240 2
21020475 1
21044816 1
21053120 1
21109968 6
21134722 1
21142539 1
21175115 2
21207704 1
21216320 1
21240280 1
21305424 1
21305430 3
21321718 1
21321720 1
21338010 3
21346884 1
21370584 1
21435736 2
21435743 1
21500890 1
21500892 1
21500895 1
21500896 2
21542719 1
21542724 2
21549762 2
21582340 1
21631200 1
21705922 1
21761512 1
21777798 1
21794088 1
21803848 1
21826660 1
21885453 1
21891816 5
21891821 2
21891822 1
21908110 1
21934409 1
21989547 2
21989550 4
22005837 1
22022128 1
22038412 2
22070995 1
22119860 3
22130256 2
22136148 1
22152440 2
22233880 1
22233883 2
22282744 1
22315320 1
22315325 2
22326093 1
22326096 1
22353364 1
22380480 1
22391376 1
22396765 1
22413056 1
22424022 1
22429341 2
22445631 1
22461922 1
22478210 1
22543360 2
22575938 1
22575942 2
22587224 1
22641095 1
22673672 2
22689961 2
22738828 1
22755117 1
22766742 1
22803976 3
22815708 1
22848345 1
22869132 2
22918000 3
22966860 1
22966866 1
22978904 1
22999444 1
23011550 1
23015727 3
23064588 1
23064594 1
23080876 1
23113464 1
23129750 2
23146039 1
23162328 2
23191070 1
23194904 1
23292633 2
23308920 3
23308926 1
23455520 2
23455524 2
23471811 3
23540120 1
23553252 1
23618410 1
23648040 1
23699850 1
23716140 1
23748714 2
23781290 1
23827560 1
23846448 4
23862735 3
23895315 1
23944179 2
23944180 3
23976752 1
23995314 1
24009326 2
24025620 1
24041904 2
24041907 1
24107064 1
24107065 1
24139635 1
24153965 1
24172218 2
24237372 2
24237376 2
24351395 2
24367680 1
24367684 2
24382449 1
24400257 3
24432830 1
24432834 1
24497992 1
24514280 2
24529329 1
24580570 1
24628293 3
24628296 2
24676211 1
24676216 3
24726030 2
24726031 2
24758610 1
24856335 2
24873190 1
24888912 1
24905199 1
24921490 1
24970358 1
25002935 1
25019220 1
25068282 1
25084378 1
25084381 1
25116858 1
25149528 1
25165824 7
25214688 1
25247260 1
25312420 1
25312705 1
25361280 2
25442725 1
25459580 1
25459584 2
25459585 2
25492225 1
25507881 1
25540456 1
25573030 2
25573035 1
25605612 1
25622790 1
25654473 2
25655424 1
25703346 1
25704392 1
25720712 1
25735920 2
25751066 1
25768498 1
25785990 1
25851270 1
25882514 1
25883910 1
25898800 1
25996530 1
25996536 3
26061688 3
26061690 2
26094267 2
26094270 3
26112392 1
26145036 1
26191992 1
26224580 1
26240868 3
26291916 1
26338598 1
26338599 1
26387460 2
26438796 1
26452615 1
26485194 3
26520400 1
26534061 2
26550350 1
26566638 1
26569356 1
26582928 5
26585685 1
26618326 1
26680653 2
26680654 1
26680656 1
26713230 2
26713232 2
26732562 1
26732565 1
26748887 1
26765208 1
26778390 2
26794677 1
26824030 1
26843544 1
26876113 2
26876118 1
26876120 3
26928410 1
26973846 1
26973848 1
27022716 1
27039000 1
27071580 1
27075293 1
27084148 1
27120447 1
27120450 1
27136739 1
27169314 1
27169316 1
27234471 1
27250755 1
27267048 2
27283335 1
27287447 2
27303773 1
27364775 1
27364776 1
27364778 1
27462510 2
27478794 3
27495080 1
27506826 1
27515934 1
27527660 1
27527665 1
27560232 1
27560238 1
27560241 1
27581220 1
27592818 2
27613854 1
27646500 1
27690550 1
27701912 1
27706833 2
27739413 1
27755700 1
27755704 2
27760743 1
27820856 1
27826018 1
27853430 2
27853434 1
27886008 1
27934875 2
28000026 1
28016320 1
28048895 1
28070820 1
28146627 1
28162918 1
28179205 1
28201380 1
28234030 1
28276934 3
28276936 2
28287162 1
28342090 2
28342092 1
28348272 1
28374658 1
28407240 3
28439820 1
28446194 1
28495152 2
28504970 1
28504973 2
28504975 2
28537552 1
28537554 1
28586421 1
28618996 2
28642029 1
28667859 2
28667860 1
28667864 1
28674674 1
28723632 1
28733013 1
28847035 1
28847038 1
28928472 1
28961058 1
28993635 1
29026206 4
29026212 2
29075074 1
29075075 1
29156520 1
29180604 1
29189097 1
29213240 1
29221674 1
29229561 1
29237960 1
29278524 1
29319399 1
29319400 3
29319404 1
29417136 1
29449712 1
29482290 2
29531152 1
29563732 1
29580016 2
29612592 2
29612598 1
29645168 1
29645170 1
29645175 1
29670210 1
29701521 1
29702848 1
29759191 1
29800771 1
29808060 1
29873214 3
29889505 1
29905794 1
29922079 2
29970940 1
29970944 3
30010396 1
30029256 1
30045575 1
30052386 1
30052390 1
30075430 1
30101253 2
30101256 4
30110855 1
30133830 1
30192460 1
30198987 1
30215276 2
30280426 1
30296712 1
30296718 1
30355660 1
30443315 3
30459600 1
30492176 1
30492180 2
30518865 1
30551504 1
30557331 2
30616782 1
30628164 1
30638772 1
30671354 1
30747348 1
30752792 1
30763665 1
30785373 1
30817952 1
30823254 1
30845270 1
30899393 1
30943192 1
30948260 2
30980838 1
31013416 1
31111145 1
31171670 1
31236953 1
31241455 2
31274028 1
31274030 1
31274032 2
31310964 1
31334872 1
31334875 1
31355467 1
31355471 1
31355475 1
31371759 2
31371762 1
31404336 2
31416475 1
31436910 1
31469494 1
31469496 2
31498080 2
31518360 1
31534648 2
31538560 1
31595993 1
31596000 1
31599804 1
31644956 2
31664952 2
31697533 1
31762679 2
31762690 1
31811553 1
31860420 1
31863692 1
31873443 1
31892993 2
31925570 2
31925572 1
31925575 1
31925576 1
31958148 1
31987680 1
32026270 1
32055880 3
32069285 1
32088460 1
32104746 1
32150890 1
32153610 1
32153611 1
32186192 1
32216166 1
32248808 1
32251345 1
32251347 2
32267634 2
32316496 1
32330410 1
32349078 1
32379368 1
32381650 1
32397939 1
32446806 1
32509932 1
32546492 1
32577110 1
32577115 1
32609687 1
32609694 1
32640490 1
32642268 2
32658560 1
32676550 1
32691132 1
32705772 1
32723712 1
32740000 1
32788866 1
32837724 1
32837728 1
32837733 2
32837735 1
32902885 1
32904146 1
32935464 1
32951751 1
32984325 1
32984330 1
33033198 1
33048504 1
33082973 1
33097464 1
33098352 2
33130926 1
33162744 1
33228656 1
33228660 5
33293813 1
33326392 1
33342264 1
33391540 1
33424116 1
33424122 1
33440627 1
33489144 1
33489150 1
33489272 3
33554432 13
33570720 1
33619584 4
33636033 1
33684992 1
33749891 1
33815046 1
33847056 1
33863914 1
33880200 5
33929791 1
33929797 1
33946112 1
34043080 1
34043086 1
34044038 1
34076673 1
34139680 1
34140816 1
34157106 1
34205962 1
34205964 2
34205969 1
34205970 1
34222254 1
34271128 1
34288837 1
34303698 2
34319992 2
34368850 3
34368855 1
34401432 1
34401433 1
34450299 1
34531745 2
34548031 2
34580601 1
34596894 4
34694630 2
34729488 1
34743492 3
34776070 2
34792360 1
34792362 1
34827408 1
34857515 1
34890086 1
34920018 1
34922664 1
34936272 1
34938959 1
34987824 1
35004109 2
35036685 1
35052976 3
35055894 1
35088530 1
35118132 1
35121168 1
35183280 1
35183285 1
35251731 1
35313592 1
35329878 2
35346164 1
35346170 1
35346171 1
35362457 3
35365979 1
35378748 1
35447580 1
35476474 1
35476476 2
35545500 3
35574204 1
35574208 1
35574210 1
35623071 1
35655653 1
35671940 1
35704520 2
35732858 1
35765380 1
35769672 1
35773984 1
35802249 2
35834824 2
35867406 1
35904540 1
35916270 1
35916272 1
35965128 2
35997715 1
36014000 1
36062868 1
36160596 1
36193168 2
36209466 2
36258327 1
36323480 1
36356064 1
36372347 1
36404925 1
36453792 1
36502659 1
36524712 1
36551526 2
36573678 1
36600389 1
36649251 1
36714412 1
36746984 1
36746988 2
36785840 1
36812140 1
36828428 3
36844716 1
36883760 1
36942444 3
37007600 1
37040178 1
37089041 1
37089045 1
37112244 1
37137912 3
37137915 1
37219355 1
37235646 1
37268218 1
37268220 1
37284506 1
37291765 1
37300800 2
37333368 1
37357047 1
37382240 1
37398529 1
37406004 1
37463680 1
37479962 1
37512545 2
37520252 1
37528836 1
37528840 2
37586160 1
37601848 1
37659144 1
37675431 1
37699772 1
37724292 1
37740591 1
37789456 2
37805735 1
37822032 1
37862970 1
37903476 1
37919760 1
37928254 1
37968630 1
37984914 2
38017494 2
38026180 1
38091456 1
38115220 1
38115225 1
38115228 2
38196669 3
38196670 2
38212956 1
38238343 1
38278110 2
38352580 1
38385224 1
38408418 2
38424708 1
38440990 4
38440992 1
38447783 1
38506152 1
38555019 3
38571304 1
38597383 2
38603880 1
38685325 1
38701614 1
38701616 1
38766770 4
38831920 2
38880786 1
38880787 1
38956434 1
38962232 1
38972754 1
38994809 2
38994810 3
39033036 1
39059955 1
39092540 1
39190272 1
39239134 1
39287997 3
39288000 2
39336864 1
39353152 2
39429720 1
39434598 2
39450887 1
39483462 1
39581190 2
39581196 1
39597480 1
39613776 1
39678924 1
39678926 1
39744080 2
39870362 1
39906965 2
39906970 3
39951963 2
40020984 1
40020988 1
40069848 1
40135004 1
40135007 1
40135008 1
40147810 1
40167585 2
40232738 1
40232740 2
40245732 1
40265312 1
40265316 1
40311010 1
40314175 2
40314177 2
40395620 1
40395624 2
40395625 1
40460772 1
40460778 1
40493354 1
40525928 1
40558512 2
40591089 2
40656240 1
40672522 1
40719020 1
40753971 2
40753974 1
40800620 1
40819128 1
40851696 1
40851702 2
40900572 1
40931176 1
40933144 2
40996464 1
41047160 3
41047164 3
41047167 1
41047168 1
41079740 2
41127020 1
41144898 2
41210048 1
41242626 1
41291495 1
41340357 2
41372940 2
41420790 1
41438088 1
41469750 1
41503245 2
41535820 2
41535822 1
41535825 1
41583984 1
41583990 1
41616630 1
41617265 1
41617268 1
41714998 1
41731284 3
41747574 1
41829012 1
41845307 1
41861595 1
41926717 1
41926742 1
41943040 51
41959323 1
41959328 1
42024480 2
42105921 1
42122214 2
42155199 1
42187362 1
42219944 1
42285089 2
42301385 1
42350250 1
42367358 1
42448959 1
42464268 1
42480560 1
42513130 1
42513138 1
42529424 1
42610866 2
42643447 2
42659730 1
42693768 1
42708600 1
42739631 1
42741176 1
42773744 1
42806328 1
42838910 2
42840651 1
42871480 1
42905929 1
42985502 1
43001792 1
43036488 1
43099524 1
43099525 1
43132104 3
43180962 1
43183378 2
43213541 1
43246116 1
43327564 1
43392717 1
43392720 3
43409002 2
43441587 1
43490448 3
43490450 1
43539309 1
43588176 1
43588182 1
43653330 3
43669626 2
43685910 1
43783642 2
43783644 2
43832511 2
43881378 1
43979100 3
44011681 1
44044264 1
44064670 1
44076840 1
44129952 1
44141990 3
44162591 1
44174568 3
44260512 1
44304880 4
44370024 1
44370030 1
44435184 1
44467760 1
44467761 1
44467766 2
44554278 1
44554279 1
44565496 2
44614361 1
44652198 1
44663226 1
44695800 1
44706720 1
44712090 1
44782759 1
44793530 1
44804266 1
44809821 1
44858691 1
44972708 1
45043884 2
45054150 1
45119300 2
45151876 2
45151884 3
45210690 1
45217040 3
45298476 1
45331055 1
45347340 1
45347344 1
45445077 1
45445080 4
45477656 1
45533490 1
45542808 1
45607960 2
45607961 2
45640542 1
45680373 1
45721984 1
45738270 1
45738272 1
45827253 1
45868581 2
45884871 2
45933730 1
45933732 1
45957813 1
45998888 2
46031466 1
46047749 2
46064039 5
46088567 1
46129192 1
46178062 1
46178064 1
46226928 1
46259500 1
46267902 1
46299912 1
46324656 1
46349500 1
46389816 1
46406096 2
46422390 2
46585270 2
46617852 2
46634140 1
46715586 1
46748156 1
46748163 1
46764450 1
46780736 2
46813314 1
46871752 1
46904394 1
46911042 1
46911048 2
46911050 1
46943622 1
46976202 1
47002311 1
47090218 2
47122801 1
47149191 1
47171664 1
47204244 1
47318264 2
47350836 3
47394000 1
47399706 1
47491920 1
47497428 1
47546303 1
47562590 1
47562592 1
47595168 1
47644029 1
47660316 1
47660319 1
47692896 1
47725470 1
47790630 5
47883609 1
47888358 1
47888364 2
47937222 1
47981530 1
47986092 1
48046808 1
48083826 1
48112086 1
48116397 1
48197842 1
48214130 1
48279283 1
48279288 4
48344440 1
48344443 1
48377016 1
48377020 1
48523617 1
48556189 1
48572482 1
48575889 1
48670212 1
48686498 1
48699616 1
48735368 2
48797540 1
48911778 1
48914536 1
48914537 2
48960744 2
48963402 3
49028560 1
49061136 1
49110003 2
49142583 2
49158870 3
49238189 1
49256595 2
49256598 1
49256599 2
49256600 1
49370622 1
49386904 1
49403196 1
49452060 1
49452062 1
49517220 2
49549797 1
49598661 2
49613550 1
49647528 2
49713873 1
49744112 1
49810409 2
49842984 1
49940716 1
49940718 1
49989582 1
49989588 1
50005870 1
50038448 1
50038452 2
50054739 1
50136180 1
50168756 1
50168760 3
50168762 1
50233908 1
50233914 1
50266360 1
50331640 1
50331648 105
50380605 1
50429376 1
50494530 1
50527103 1
50609090 1
50624832 2
50820302 1
50852879 1
50869170 2
50950608 1
51015756 1
51080918 1
51115014 1
51194941 2
51211224 1
51243797 1
51308960 2
51341536 1
51343501 2
51536996 1
51602155 1
51702543 1
51702544 1
51735180 1
51781323 1
51898390 1
51941088 1
51960500 1
51960502 2
51993080 3
51993081 1
52061590 1
52061592 1
52217451 1
52302562 1
52335135 1
52335136 1
52383996 1
52384000 1
52387990 1
52449159 1
52449160 1
52481736 1
52665438 1
52714400 1
52730721 1
52774920 1
52774928 1
52905237 1
53035543 2
53040800 1
53068122 1
53165856 1
53171370 1
53214722 1
53263580 1
53296160 1
53318243 1
53361315 3
53426470 1
53426472 1
53452984 1
53475338 1
53497774 1
53507916 1
53556776 1
53573065 1
53573069 1
53612010 1
53660976 2
53677294 1
53693610 1
53696844 1
53752237 1
53752240 2
53915130 1
53931416 1
54036334 1
54036339 1
54078010 1
54094302 2
54101625 1
54208320 1
54240900 2
54273478 1
54289763 2
54338628 1
54387494 1
54387495 2
54403780 1
54468942 1
54574912 1
54680688 1
54729556 1
54827289 2
54859864 2
54867348 1
54892440 1
54950273 1
54957588 1
54990168 1
55071618 1
55113476 1
55185636 2
55227717 1
55250792 1
55299657 1
55374597 1
55413673 2
55413675 2
55478826 1
55511400 1
55527696 1
55619400 1
55652040 1
55755735 1
55772024 1
55815250 1
55902328 1
55924050 1
55962126 1
56032640 1
56092694 1
56097790 1
56141656 1
56146662 1
56195520 1
56293260 1
56321174 1
56358410 1
56402775 1
56402776 1
56435414 1
56439852 2
56468060 1
56553875 1
56619024 2
56663904 1
56667891 1
56684184 2
56733048 1
56749329 1
56814488 1
56847070 1
56879640 1
56961086 1
57006628 1
57009950 1
57009953 1
57172840 2
57172842 1
57205416 1
57270564 2
57319434 1
57335728 1
57466032 1
57596344 1
57612627 3
57694070 2
57694076 1
57726648 1
57759228 1
57856956 1
57873244 1
57922116 1
57969520 1
58036132 1
58052424 1
58231591 1
58313040 2
58345614 1
58361208 1
58378194 1
58491762 1
58606011 1
58606233 2
58638804 3
58638807 2
58638808 1
58638810 1
58720256 82
58752891 1
58785408 1
58817790 1
58932000 1
58948285 1
58964580 1
59029736 1
59078601 1
59127460 1
59225196 1
59290350 2
59306643 1
59420664 2
59453240 1
59485811 1
59502105 1
59518395 1
59550968 1
59568900 1
59664987 1
59664990 2
59681280 1
59811588 2
59988294 1
60104780 3
60251373 1
60267660 1
60332816 1
60381684 2
60397968 1
60397974 1
60430550 1
60544566 1
60560863 1
60593440 3
60691167 3
60723744 1
60756320 1
60854056 1
60874520 1
60972448 1
60984360 1
61288851 1
61342708 1
61375284 1
61407860 1
61424154 1
61456725 1
61505592 1
61570746 1
61625256 1
61679016 1
61733630 1
61755816 1
61766216 2
61896520 3
61994251 1
62016940 1
62026832 1
62157141 1
62352598 1
62385180 1
62450334 1
62548060 3
62571834 1
62710945 2
62865594 1
62873830 1
62938992 1
63036720 1
63167020 1
63183321 1
63199600 1
63248471 3
63322560 1
63329916 2
63427639 1
63476514 2
63606818 1
63720840 1
63769707 1
63851152 1
64040652 1
64160629 2
64269139 1
64334421 1
64339800 1
64481301 1
64502688 3
64584130 1
64633000 1
64681859 1
64698156 3
64795887 1
64893616 1
64987230 1
65040206 1
65089080 1
65219388 1
65235672 1
65284544 1
65317120 2
65398564 2
65431132 1
65545160 2
65642889 2
65705321 1
65756911 1
65822067 3
65936080 1
66115260 1
66131550 1
66196704 1
66278147 1
66294430 1
66327008 1
66408453 2
66423410 1
66457320 4
66555045 1
66586610 1
66717936 4
66718692 1
66815658 1
66831417 1
66831952 1
66978552 2
67011131 1
67108864 88
67271740 1
67369478 1
67434633 1
67467907 1
67727825 1
67727826 1
67742883 1
67874418 1
67906993 1
68183908 1
68249060 1
68265351 1
68314212 1
68545036 1
68639984 1
68754006 1
68802866 1
68900598 1
68998332 2
69034650 1
69047199 1
69161213 2
69340392 1
69454411 1
69486993 1
69519560 1
69633585 1
69666155 1
69698739 1
69877910 1
70171104 1
70203690 1
70236265 2
70659765 1
70692340 2
70936671 1
70952958 1
70952959 1
71099559 2
71148415 1
71246151 1
71319480 1
71482680 1
71539344 1
71629569 1
71669653 1
71727480 1
71832540 1
71848832 1
71979138 1
71995430 1
72028000 1
72125736 1
72207174 1
72272331 3
72321200 1
72418932 2
72461904 2
72484080 2
72565524 1
72646970 2
72788310 1
72858717 1
73103052 1
73114710 2
73294236 1
73298508 1
73298510 2
73461400 1
73493976 1
73571680 1
73624280 1
73689434 2
73884897 1
74080356 1
74178090 1
74178093 1
74257130 1
74275824 1
74322414 1
74324691 1
74420328 1
74438710 1
74601600 1
74617884 1
74666748 1
74764485 1
74927370 2
75056823 1
75057678 1
75073966 1
75204270 1
75350871 1
75432313 1
75497472 56
75644064 1
75839520 1
75889150 2
76067570 1
76180258 1
76393340 3
76442197 1
76507354 1
76621380 1
76816836 1
77044880 3
77207760 1
77289212 1
77838474 1
77859310 1
77940753 2
78185080 1
78299100 1
78347960 2
78510850 1
78533028 1
78618813 1
78657447 1
78673740 1
78924720 1
78989999 1
79153200 1
79357860 1
79374141 2
79528570 1
79553316 2
80090835 1
80270014 1
80302590 1
80409862 1
80785232 1
80964752 1
81117020 1
81279910 1
81312478 1
81312480 1
81898872 2
82094330 1
82257220 1
82420100 1
82550412 1
82582990 2
82745880 1
82794738 1
82957622 1
83071650 1
83167981 1
83234530 2
83397420 1
83560300 1
83886080 62
84211842 2
84244428 1
84570189 2
84928547 1
85107715 1
85273298 1
85466062 1
85547501 1
85759258 1
85824409 1
85975068 1
86199048 1
86589972 1
86606260 1
86785440 1
86899461 1
87876776 2
88088520 1
88153681 1
88332849 1
88723778 1
89222793 1
89228722 1
89587069 1
89766248 1
89994281 1
90124595 4
90401490 1
90479455 1
90694692 1
90841289 1
91443968 1
91458672 1
91737162 1
92095509 1
92111799 1
92274688 39
95092606 1
95385792 1
95581260 1
95734576 1
96004762 1
96322109 1
96346822 1
97340424 1
98122272 1
98513196 1
98708664 1
99099585 1
99311342 1
99490512 1
99523086 1
99653400 1
99734843 1
100158344 1
100467828 1
100663296 29
101021634 1
101477712 1
102050507 1
102899160 1
104605124 1
105126350 1
105452126 1
105582428 1
106299128 1
106934386 1
107146130 1
107781388 1
109051904 17
109231066 1
109915190 1
110599314 1
110925075 1
116300310 2
117440512 7
119720910 1
123870690 1
125584785 1
125829120 1
129526608 1
